-7.746807 45.918287
20.279524 -8.577198
-3.188936 11.231233
3.172904 -10.355826
29.083183 -11.525607
-15.013033 -0.971851
-13.000000 -142.570215
-3.435997 -4.432242
-14.828711 11.452756
1.524817 -4.536731
23.576654 -2.145993
474.000000 2403.000000
-70.057586 -80.510483
7.369938 -3.362910
-0.925206 -13.995383
-10.431898 -6.257618
-10.279835 25.707915
-14.526536 14.144640
5.608737 -18.524166
23.750556 -62.018742
-3.495583 -10.044502
8.819907 7.695766
-26.935296 43.318384
39.833753 -83.756172
20.370179 -9.629821
12.346778 -3.793990
-25.607061 -28.255359
-3.785573 -14.905139
-5.494300 -5.863166
-18.000000 24.764706
7.184815 -7.984751
-13.692472 8.384231
13.202092 10.683508
-29.814761 -19.750335
-90.414396 -116.177331
2.821221 1.486130
1.242237 -20.322982
-27.455117 -47.548027
10.863921 26.397941
-0.433206 -9.648973
54.939596 20.237287
-4.871336 5.163688
-11.000000 -17.000000
-5.453680 -10.777926
-2.463952 7.343364
11.310051 -22.670967
-30.796080 -7.067973
-74.263709 1.266571
30.329833 25.315762
1.050865 1.224569
55.613566 60.983060
36.902287 -53.609148
12.951103 19.327536
12.533928 75.221422
-8.914758 4.791805
-4.289769 -5.126337
-16.443681 -3.802808
2.411176 47.439117
12.018632 -9.202900
13.134032 -8.472171
-2.600000 -15.200000
18.011136 76.883708
-10.148466 -17.559777
-5.794170 -0.253031
20.025907 22.304219
-15.067724 -17.459732
-21.099725 16.615277
-18.279834 -40.759254
-6.728156 1.979836
-25.335044 -38.803202
13.946241 8.288534
2.560040 4.429995
5.834434 15.038415
1.768737 -21.517547
14.464298 -5.421383
-106.000000 218.000000
30.287978 -11.715191
-36.365834 -11.978243
12.258209 -47.120918
-11.092166 -6.837380
-17.500000 28.500000
18.647019 -17.221455
2.123592 -36.312336
-8.224673 30.299563
34.446156 2.845629
-19.109097 -22.440921
20.587829 19.343476
5.760064 22.799920
14.793103 11.689655
-nan -nan
3.662907 -6.887636
-5.983297 72.727953
31.014464 23.943530
21.007621 20.317749
26.101783 34.960569
14.625000 -10.000000
2.778708 13.890056
-4.688801 46.550696
-24.198813 -40.899664
1.917404 6.324018
6.118926 18.748321
-11.293672 28.650097
35.225748 22.596359
9.860135 9.077033
-34.728437 -125.110055
7.713645 -0.201913
-60.451373 -40.206123
-17.148607 -43.270004
-17.153846 16.076923
-8.749428 -3.625933
22.671493 30.238309
-18.635712 13.022320
0.169810 10.678654
22.097191 24.409942
-16.442168 13.050921
-5.557234 37.095476
3.951029 -10.106625
9.638632 -5.482831
-20.760355 -33.884611
11.672440 5.741612
-12.400000 2.400000
2.204544 44.095265
-104.246249 37.197099
-6.968389 18.114898
55.100067 25.235864
18.189635 -0.855844
-39.692663 17.910617
-0.674608 -1.645292
-7.227202 15.226070
9.023789 -24.865238
19.952479 -16.110255
-6.792881 -18.547698
21.550379 11.917299
-nan -nan
-5.315489 6.684511
-16.280323 -7.683741
-8.028815 -15.317231
14.104968 1.688700
264.559639 221.075693
-14.058904 -5.372527
4.299865 -21.469791
-6.223464 -6.134078
9.625281 6.294066
4.073178 -16.122786
7.040724 -7.640594
9.949346 -0.491704
0.779169 20.218332
14.988728 -21.239123
-19.302522 12.143178
30.982887 1.690837
-9.890332 9.917749
14.835272 -26.904168
-13.505274 -1.270786
-20.813052 25.369956
10.661603 4.093194
15.269496 -18.949337
-7.917741 -7.792619
0.443321 35.294758
2.668543 1.527516
4830.938488 7719.864125
-9.101523 -18.555451
-7.970449 16.276096
-8.287341 -14.014405
228.408953 -154.809184
-25.224751 -62.964757
16.965913 -24.720174
-19.874024 -53.286136
-0.693760 -25.880402
-33.787207 -44.580572
3.580823 9.537415
-16.000000 -3.185199
-22.937162 -40.582882
74.832596 -129.429270
5.698518 4.926464
-10.059361 -39.280061
6.500621 14.839728
-5.856753 -15.563820
-11.869819 19.542103
13.964198 14.209688
-1.944598 -6.420168
18.430864 14.668129
-38.807006 -49.129808
-17.675423 -9.553153
-20.959536 -2.643398
-27.149103 -37.889462
-4.676965 5.194800
17.405751 -36.497335
8.229768 -9.813179
-12.039697 5.232439
-516.931021 565.762217
18.745998 16.135558
-22.736377 21.580266
29.952430 -19.141686
-402.046996 203.023498
39.330274 -1.183783
5.975932 -25.687114
0.638631 -0.518023
-16.767789 6.295412
-23.500899 29.326812
21.734391 36.000942
-17.429038 -7.619358
-3.326531 11.816327
5.918863 22.680241
11.839171 6.596082
-8.067876 -2.178023
-2.846383 -9.160012
-10.405273 5.161457
16.173519 17.908705
6.295604 -5.933231
-37.198145 21.790311
-73.161892 -63.746299
-9.340033 -13.165336
7.476839 5.989101
3.694172 15.935179
231.775454 146.180907
-14.169769 -2.774433
17.514800 -8.363843
-12.887545 11.461099
10.539869 20.619607
3.389991 0.757838
-5.163007 0.469813
16.358835 -10.679390
-1.472177 12.023800
23.612108 -2.601876
60.763754 -37.678435
-169.094298 441.235745
7.268456 0.756152
-19.428197 -17.771742
-74.050227 101.077512
13.249897 53.555601
11.378790 -21.232779
-8.307679 11.974068
-0.206132 -68.605702
1.664013 8.822250
14.628866 1.051546
-21.130435 10.565217
-3.064671 24.975033
-0.240704 3.522723
-12.527375 -0.453680
-26.910299 75.667774
3.331906 9.182585
-232.127255 -198.101804
-1.654652 -1.680865
-11.224793 -4.063027
12.930206 -67.908106
-8.714500 36.875622
-15.759671 -14.622356
48.932179 -4.108284
-42.960497 47.549901
4.968281 15.921464
-3.216266 -7.698091
-21.325304 42.301302
-2.378093 -1.239401
-41.842293 -19.558175
-303.625431 3423.218352
-49.699382 5.945472
20.210910 28.983247
-25.397545 -49.151653
-3.082281 -8.124393
16.120831 17.396092
-8.206161 9.334902
-0.140556 7.000000
11.164318 -17.826189
15.470393 1.363897
27.447299 2.674115
-9.210811 -6.951351
-41.786759 -54.691307
-6.263877 0.660352
3.659470 9.143277
30.810265 -24.794962
13.985855 3.501503
-8.005427 26.420466
16.456007 168.035923
-4.441912 -170.184194
-46.090784 11.891206
-22.874372 38.522613
10.165753 5.388838
-14.125130 31.082664
-8.139480 -18.116922
-37.608434 -26.030819
7.299136 -6.401729
4.122600 15.042192
88.587432 -2.762437
-0.315068 12.095890
10.623133 15.453399
61.809198 -37.348532
-7.640169 -35.188728
-4.454679 3.297884
2.535341 -26.284966
20.017857 -58.339286
176.305710 118.308816
-129.134620 137.931002
-21.802576 -18.333166
72.260498 137.437747
3.116753 -14.953100
-16.021705 2.081213
-27.689189 -17.783784
11.356974 -26.846455
-6.481007 -12.170993
2.749141 20.171948
31.477320 23.594988
9.760198 6.239802
1.519616 -3.694964
34.197614 20.210652
18.243874 6.394890
-13.135163 -7.387258
6.977058 -15.574095
-3.998506 -9.956667
2.750029 -20.831511
-29.353990 16.984397
7.245900 9.918003
-7.662215 -18.825793
8.019894 7.952401
3.658047 5.152165
-16.702699 15.328186
9.002369 -33.012863
-20.293430 6.258552
10.512770 -21.770144
-29.695788 -28.322009
91.409010 44.999744
12.695338 -0.150538
15.330299 -9.583600
26.846045 7.042687
-38.006992 15.457088
6.769572 14.591869
28.460546 -32.205183
34.312490 5.975584
28.438328 15.479505
-27.533860 39.400677
-4.015804 4.557320
-36.131247 41.033922
-19.292974 13.525293
-3.341975 -5.655432
15.380082 -15.173836
-7.446435 3.615227
6.324286 11.308385
26.573386 -103.108521
-2.189904 2.935533
-8.105897 13.799880
-3.148936 9.276596
1.095067 6.698655
20.312194 -10.768369
3.260645 -7.417593
0.452632 -172.787248
-109.328873 55.916109
28.111302 31.513403
-38.696304 -24.371057
0.490565 19.019891
9.032555 -14.092817
8.002911 -113.102263
2.085859 -7.427903
-59.016562 -7.444484
3.810377 -8.036105
-4.934535 15.118563
-17.077717 -18.429795
-10.569634 -29.390839
-15.120565 -13.189420
178.975546 482.823660
-336.597637 -2548.828246
-6.980138 -13.436408
-22.890756 -5.026121
0.090372 1.809155
13.505862 -8.863812
-23.022345 -8.579839
-42.283126 19.604744
14.499174 19.968079
15.573598 -29.465449
19.959937 49.759622
-16.708607 17.587282
30.032745 22.372872
-6.105939 4.762479
12.870485 1.412957
16.263835 -9.364903
13.852489 -15.381773
2.049423 -11.461225
-71.955633 2.570709
-21.777708 0.362741
-12.445353 -6.071116
-136.973417 97.020663
-41.889789 11.893537
2.660741 9.855085
25.494893 14.220194
0.386950 49.226100
10.645248 -1.275305
-5.976153 -25.031862
19.276912 14.686783
12.503311 -43.284768
-12.898089 -4.605335
9.907043 -7.383803
-39.961125 8.073508
-20.725689 20.245644
93.377145 27.126831
-24.184263 -34.621479
12.310345 62.724138
-572.665674 5.111070
-20.673881 -23.754481
17.392662 10.538060
-29.745081 108.695841
11.133714 30.597020
15.872424 -5.957213
-272.886569 168.697982
5.985595 -1.511281
-2.039560 -20.069304
-4.241836 2.010017
334.859257 -311.640467
-2.614375 13.597681
-21.352409 30.993734
151.500000 -181.600000
17.447477 250.611927
6.823747 -15.557147
-11.443249 -7.399342
75.442679 -69.608425
-20.279542 -8.356301
-2.362591 9.318276
-nan -nan
-82.578590 -33.000000
-3055.475515 -150.709238
-18.704228 6.604423
12.590565 -6.205709
6.836593 20.282494
37.381646 -4.440232
0.190503 25.967891
17.850958 14.200031
-21.761901 -27.511315
14.095176 -47.041099
94.620983 38.675410
-5.979367 -15.427784
2.024574 30.172020
12.711538 17.365385
-30.211783 20.043478
49.852683 21.858913
-8.359821 0.381380
16.029786 -12.834998
-23.968975 6.929901
2.011710 10.722650
3.996612 2.030086
20.029237 82.473554
-18.341265 -39.618318
-30.713679 -3.906542
-71.535865 60.819137
-68.126848 -27.976366
19.202255 20.033821
10.910607 -0.074800
10.111927 98.197338
2.568261 13.839831
-12.602366 20.675236
22.272547 -21.045463
-11.420731 1.675121
5.735644 17.396040
4.060190 18.760245
10.866567 45.877522
-0.391858 -13.645744
-5.107410 -16.367840
-336.160348 -328.921858
-30.944074 -15.880261
0.786274 25.370108
-6.639477 -4.147527
-0.440682 11.324711
-9.298377 -16.486148
-21.726010 -16.648247
12.060950 -18.121899
-183.721055 -239.342840
9.094057 12.260363
37.013332 26.994667
73.688684 63.703653
16.146517 16.996422
-19.259823 20.883186
-3.252946 -1.768206
12.925922 160.656814
13.270758 28.057762
-4.168896 48.873200
7.684639 21.504074
-9.622305 20.674089
-16.404060 8.709410
-4.683761 -13.414535
25.895004 17.351703
10.591728 10.070626
-94.908538 -7.896303
0.182677 11.624782
31.059657 39.396361
-49.981557 6.149332
-26.751649 -1.455145
62.506235 89.418176
35.413611 -13.740460
-19.982768 -25.672589
17.334158 1.778053
5.346682 21.954288
-26.209625 -31.163234
-19.281808 -4.160071
-21.171412 -24.790433
0.380080 -0.593213
48.937757 0.564964
-27.035995 16.995427
-0.540563 20.062095
69.889998 10.102400
51.464386 -49.051702
-2.865501 41.755335
11.431642 -34.589851
-11.058887 -9.905997
-69.574318 7.502559
-6.905409 18.885899
73.003445 459.022390
-30.901618 72.421067
11.778002 26.164243
-6.768810 -1.228532
-24.692608 25.522631
-5.364296 6.135561
48.730964 26.651060
0.123174 5.969207
8.853280 -34.307958
-173.471044 -378.706864
18.951578 -40.465478
-45.646778 4.231504
17.992750 45.898379
-31.769082 43.653950
85.442153 23.166378
-8.537769 34.923365
-73.863325 -79.121458
-13.488145 6.384268
47.996482 -13.888107
-16.154093 -43.442847
12.474644 -10.993087
34.344695 29.893042
3.992300 -36.331166
9.541146 8.981234
17.758837 -6.619332
-nan -nan
0.267650 -0.351939
-14.981989 5.225977
13.369155 -47.070107
23.354451 -14.163593
-2.539155 -9.105893
49.228973 46.616604
7.084414 -11.848056
-10.302409 33.695886
116.627744 68.342509
-1072.452389 1596.540659
-49.027013 12.323778
-10.532681 -0.799022
-26.100000 8.900000
-279.782204 -289.965221
12.003372 11.584688
-0.803592 -23.321360
13.299059 2.223585
-2.059054 -5.389386
32.777778 67.555556
-7.152418 19.097409
63.935178 40.914712
-2.605801 15.566421
27.712879 -11.000000
-3.180903 18.784646
1.979388 -11.932421
18.666963 -30.001777
-208.901948 -87.259972
4.478891 -32.274834
-50.308526 -0.937721
3.550454 -29.751712
-26.255934 -9.335518
74.498994 -80.046955
-0.466212 23.055646
-14.565163 0.390845
37.918568 -24.045110
-7.528100 6.000000
-0.209878 -30.121689
-7.688862 -6.262673
9.860089 17.727928
11.460603 -32.714720
127.476187 -22.328042
-9.948763 -10.945344
38.806601 2.044979
-19.257371 -1.449202
-2.825742 13.564790
-12.568692 0.696500
-13.086890 -12.873870
9.465788 38.826401
12.879333 -26.328440
-4.105800 -7.607301
5.941993 -17.277428
-4.919896 6.882874
-7.250195 -2.034844
-23.068821 49.889627
7.935651 -9.743676
15.239828 -2.808853
-8.025980 -16.486994
-9.115609 -41.647334
9.829901 -49.659802
11.235126 7.906883
9.326299 14.801080
23.101688 88.542337
-215.802159 -340.666464
-5.890582 -16.824931
-33.649493 -22.000812
-14.709341 39.737270
-11.190846 21.868191
85.945179 -64.914684
-17.734722 15.569933
1.633000 -5.373120
-1.830712 -3.709393
66.279851 60.682836
8.501153 5.050635
-47.582516 -8.797502
-13.645477 0.412714
-1.630893 9.443903
24.460344 -22.694968
2.193123 -6.956890
50.000000 38.500000
-8.869288 13.701561
40.385861 -24.730977
5.182820 19.322544
-5.419914 -14.270460
3.278286 -4.402970
3.168081 -6.179064
23.611245 -41.177993
-29.825409 -13.764549
-104.468795 92.704209
12.375342 -1.040447
-23.064633 -11.185886
-6.012955 3.111700
-13.538542 -3.420644
-10.971183 -6.894249
-3.398429 11.240065
4.046948 13.568075
12.159250 24.238875
32.527338 9.843842
23.914508 -24.355976
-2.823133 -8.816386
34.883446 20.864963
25.919841 47.561104
-8.826087 28.521739
-7.000000 -7.000000
34.245703 10.521555
-5.079125 -26.128579
-0.418361 15.362024
-16.204311 -0.294206
122.651990 -232.675931
12.397340 5.514102
-5.545353 4.148195
-10.910987 -36.434342
18.139001 11.696118
30.658069 -22.451616
7.323968 -8.738931
60.821190 -10.576414
11.480919 67.402247
-29.342430 -26.152191
-89.540221 -65.362582
22.516737 28.490412
-23.339359 -13.902626
-18.992092 -22.816240
8.866731 15.905513
16.629165 16.667636
-7.193175 -16.324287
32.411348 -16.187119
10.669950 10.675580
-37.520566 -18.986969
-6.427339 10.478843
-12.615964 -31.354271
20.373415 -11.989775
-13.093221 -5.201019
-10.705908 -19.103317
7.670912 -1.419627
-292.000000 121.000000
-17.308312 -15.081105
7.200146 -1.714131
-2333.188955 -2874.531827
14.333333 17.333333
60.138317 153.771500
-8.150894 -11.524052
-6.206598 -94.200610
-4.341800 -13.246293
178.410566 -219.624817
-35.170876 112.323650
11.548296 23.419318
-10.860844 11.159632
-11.515229 6.442356
-18.481547 -107.854689
-117.000000 8.000000
19.700416 20.357575
-10.156149 30.203349
-91.350944 72.771178
15.853933 -29.578652
49.500000 -60.625000
7.857313 4.952813
11.475797 16.948218
-19.878014 32.203153
-nan -nan
20.274254 15.678806
12.875212 -4.268164
14.447130 -14.613293
-8.797200 8.835140
-3.625402 15.208467
-40.249646 -34.875314
59.714164 12.825370
34.844291 -29.962697
44.612954 -25.932057
22.268929 -10.611034
0.921505 3.792789
-35.864242 -30.989454
13.559960 8.013250
-7.141046 5.742060
24.186745 -55.933726
-15.199638 -118.787779
2.434832 -32.217036
-17.242416 -17.365872
69.399691 5.746708
19.060837 -24.443333
12.104393 -10.873075
-15.629371 -56.587413
-6.044870 7.504135
-27.315147 -10.511277
7.662270 -3.185451
-67.018764 68.353131
10.292738 17.198121
21.546312 16.723924
15.662021 9.956972
-10.000000 4.000000
-74.426482 -84.353166
41.218336 51.849429
-16.985917 19.622695
-11.547492 -28.529350
-14.808509 -1.420463
-19.682360 -3.785411
9.772566 4.606388
15.922779 0.813135
18.590527 -0.536130
-26.681037 -14.505932
-19.610138 99.412892
41.289839 21.581026
-15.160311 36.250433
10.386818 1.659828
30.797131 -17.007866
4.894808 -13.887507
-39.702491 63.070400
3.366209 5.179539
44.256201 12.207643
-10.882898 12.440163
-346.195112 2.961280
1.794707 21.756782
-2.337187 3.883411
-14.500000 7.750000
-116.709514 -94.852901
41.225476 12.547385
-7.991317 8.810559
6.335359 6.073609
27.625000 -23.625000
-0.641768 -24.716464
-6.582354 10.843726
14.663171 68.913298
12.372286 -11.571036
15.034611 -2.391613
14.005109 33.305732
-64.818390 18.272617
5.331832 23.301196
12.554987 -41.165807
6.163902 18.124846
9.253754 -40.432875
34.662506 53.515190
13.912786 15.239098
-1.214419 -60.208335
-28.558764 -31.919508
2.513996 11.518022
-2.939414 -12.834218
13.907167 -3.269348
5.229082 0.133827
10.596672 10.177699
-10.449998 13.967500
-27.246904 -0.142644
-8.709091 -1.236364
0.063799 -4.988397
-14.235340 6.651368
11.806134 -38.161062
273.285714 52.142857
11.979197 -3.253715
57.681390 -34.227130
-33.962816 13.482869
13.117111 -16.811483
10.926820 -5.822648
7.240000 21.273333
5.012946 13.789781
2.166667 1.708333
3.234305 -8.189463
5.679231 14.285942
-10.841504 -44.872312
43.069237 77.138474
23.149251 3.735110
10.403323 -10.032968
28.101625 -1.163404
-13.914113 20.000000
-28.623448 -0.402605
6.557439 -9.968236
-6.019289 2.550588
-4.982776 -6.186398
77.478470 2.928111
-15.908105 6.707253
0.904350 -2.802382
7.548318 -2.778973
23.415358 22.662556
27.288784 -10.691919
-3.473973 7.338965
18.281477 -5.974044
441.973497 -28.593354
249.265265 -1385.936010
26.833002 3.819248
-8.799883 -43.719718
9.451170 -11.085284
20.922559 -5.069231
222.091327 -600.650583
-12.220753 27.936202
-17.409576 -21.457454
13.576493 5.195754
-23.498100 -33.828678
13.394174 0.124935
519.373416 131.469861
-11.552515 57.724453
12.259747 1.955848
17.232785 -31.882556
18.962870 9.485908
15.749657 -41.332790
34.362250 -76.673917
-21.313670 -4.746385
-18.144561 -16.554387
-3.803077 10.686334
1.827131 1.520578
15.020222 36.522985
-112.285714 43.857143
-22.403949 12.310048
83.902966 -0.877848
-12.415980 -16.660195
22.026022 -21.345005
-59.416612 -9.862456
25.251646 -17.798967
3.346674 29.968274
-2.325493 1.588322
-6.711779 -7.535524
9.570682 13.325246
-4.543124 15.758855
-66.393645 51.005352
-138.902457 27.923860
-3.768463 0.792672
-27.661480 -22.921935
21.888191 70.080639
5.214518 12.608841
45.417221 -80.288760
-11.447978 -2.806102
35.389463 51.735832
-9.990031 -8.410782
-18.056824 -2.773622
3.062412 -4.097852
-107.598974 -14.828452
-nan -nan
2.305707 -15.765701
-6.020954 -22.085772
8.160777 -30.928622
14.447552 9.839161
1.039653 0.262581
335.094025 228.822828
12.811421 1.695028
44.162452 94.042493
11.920944 85.785231
-1079.942975 -267.715593
-6.686852 -48.924750
-15.854885 -9.753116
5.000000 -34.000000
-172.177110 -163.608807
11.199052 20.422272
11.448660 9.606845
-12.970245 8.043468
-12.185495 -34.516042
18.078264 -12.191214
-3.510576 -35.461222
-0.534633 5.389944
-4.322371 -3.082893
44.121732 -66.258820
-315.899023 103.250822
9.534017 -18.642739
-58.099424 -16.470115
-18.861789 11.016260
29.184370 14.863771
8.852689 -14.882894
-14.462760 6.835159
-11.411828 -14.282118
18.842526 13.826436
5.901155 -26.401142
1.168552 -14.033655
32.714626 20.000216
-20.427432 11.282321
-80.974661 -51.297947
-229.873086 -113.054603
17.748428 3.740042
-6.140028 12.983515
2696.776538 472.728604
25.216356 33.452207
-3.638192 9.040202
-44.656958 -14.116505
-49.741708 8.906055
22.998938 -21.712921
-3.486354 1.586728
17.685997 -21.943144
19.722348 -27.480813
15.823466 -21.155375
-25.907297 7.729141
25.485348 3.779787
-15.270524 -20.089021
12.877718 12.386952
-28.334298 3.167149
7.354669 10.479245
22.172788 97.139676
-34.185310 -32.512907
-21.852520 27.964031
-78.464901 16.419787
-6.187866 9.221976
39.906539 -29.952173
-5.123680 10.895451
-1.963246 -7.666281
-37.355191 -13.130305
46.092392 -116.388821
16.120574 22.346925
-18.235968 -4.513876
-7.845434 7.476347
-9.494385 -4.959072
-6.084905 -26.462252
-21.788198 56.575097
-255.720722 109.464929
19.172666 1.791756
-nan -nan
-25.741355 4.034832
-73.939550 86.275403
67.144289 107.493097
36.587763 -47.001404
4.901160 -20.284221
-36.987420 -52.966454
9.390239 -7.042140
61.150605 24.665322
-22.275921 -13.257345
2.972009 8.885100
8.269770 31.365115
163.000000 74.285714
-17.515994 7.939174
17.085821 -8.542910
-29.508202 2.393439
3.230646 47.948390
-22.806930 32.400006
-8.120687 16.146617
-8.056684 -2.769542
14.250574 10.008289
275.000000 -214.000000
11.829399 -25.151645
18.401489 -2.142157
-10.033142 10.130610
-20.515937 44.828875
-14.899408 20.293624
-11.401455 40.881816
-10.221073 -27.100197
24.190852 -32.003575
3.990319 -23.187319
54.683048 -28.001154
-14.697948 -7.555352
3.729428 -9.899928
-15.701177 -15.486053
13.423605 -17.857529
-7.259296 -18.846518
10.743495 25.973851
-12.520190 19.199619
22.389946 6.000000
1.044406 -4.778578
-2.656432 38.621487
-19.437583 26.391011
9.598195 -2.536858
6.827586 -39.655172
19.751942 18.398087
-13.483952 -14.287200
22.749213 -20.895672
-34.467332 -46.208669
15.338413 -26.554925
-13.585969 -11.077042
102.500000 20.000000
-10.397315 -8.246473
9.000000 1.857143
-18.068144 28.619174
25.065905 -51.710535
-1.029270 -22.000000
19.737819 -1.966459
-2.218641 -34.899253
-45.314424 -29.308974
17.932599 16.763901
89.952475 94.194676
-61.125473 51.221302
13.080920 9.064014
14.419568 13.792703
3.206928 -14.807571
251.831935 158.627087
12.628771 -3.060032
4.191772 2.426496
7.293783 -43.793214
78.794345 73.137472
42.976667 -151.344001
-1.268094 5.175332
-22.352705 -23.872130
-13.611718 28.231622
6.256718 16.220636
-13.581623 12.563998
-167.414654 -12.747769
-8.593525 28.838089
0.829233 -8.720720
10.227779 -16.035043
-56.631984 40.898778
-7.076013 -10.189189
-4.584651 -1.834432
-27.095872 13.040095
-211.242422 -181.677378
-17.788825 0.194121
30.162478 11.192870
-16.874166 18.054219
-9.795407 -4.469729
26.939525 26.116517
-7.225547 23.019294
15.842717 -18.089365
-27.347722 -37.537139
-4.313908 10.313908
19.896404 -28.070774
4.879347 13.688821
77.189368 77.189368
-12.445108 7.929051
-16.028543 3.923884
16.462423 16.006036
4.151483 -0.172623
0.942212 6.900779
-25.599355 30.317778
-13.196133 -18.804768
8.907105 22.929784
17.903957 -17.616236
-9.510111 8.162991
-12.175824 2.793956
-9.804474 48.307700
12.446025 75.208198
-137.477580 -297.013905
10.934130 -21.733077
18.849961 -7.740521
-6.360277 32.143187
-19.329257 -7.125181
-nan -nan
-24.212448 13.359085
-17.577739 -11.216389
21.477978 32.692161
26.587779 4.381073
16.259156 -33.512730
-16.662764 2.892927
-14.375682 11.050499
9.421304 -7.145894
-50.824349 16.240090
-15.511774 7.801721
-6.762572 25.112668
-26.801405 -18.070682
4.058715 -0.465800
-15.663607 8.066235
11.068805 -11.952876
-4.190655 29.839323
-8.066752 0.510368
5.546292 -6.890443
5.356528 56.843639
6.314616 20.054698
6.475937 11.605648
-8.824850 -9.164626
6.863810 -6.258646
-5.296263 12.135781
-18.875451 -31.975694
-5.459546 0.798471
12.140962 11.103210
-6.131379 15.265044
3.849016 17.549070
16.593863 39.437558
-4.600000 14.480000
-3.262490 2.078682
-61.933962 43.444968
7.845998 5.658961
2.754412 -10.154089
-7.345921 29.162151
26.677714 -13.713482
-39.165244 21.247668
18.872422 -21.838511
10.310455 -11.626253
-2.050606 30.808118
17.120695 -2.596585
22.490206 -88.277128
0.721557 -13.808383
-31.176935 40.706304
8.684611 -8.331928
-8.946860 -2.033236
-14.258248 1.901232
-2.000000 21.319726
1.224405 -3.601113
-3.167338 14.096943
28.466878 27.847636
13.144731 25.922747
106.303554 -155.426665
211.043879 287.365957
1.209146 -11.149519
15.577537 8.934997
-12.526997 7.124319
22.186265 159.838193
-4.031970 -11.132004
13.650222 59.400942
-9.138649 7.000328
-16.903691 5.818298
22.832778 1.240432
-102.461334 64.613885
-2.194844 -7.265513
-21.505376 13.645161
-17.075375 -22.276559
15.095292 3.746240
-17.576365 -30.923993
6.514067 -14.155744
-22.793676 -57.827157
2.893990 -6.106010
-4.000000 69.461136
-12.861622 -16.156258
131.335820 -357.135314
9.798544 7.607212
-9.842105 41.315789
-9.935484 9.516129
-11.836345 -12.651281
-385.800609 25.869795
-0.946359 6.353293
7.874737 -10.788334
0.878285 48.130717
35.534489 35.950433
-13.523938 -11.639286
10.174301 -3.660010
-0.206283 -5.656515
-24.922296 -4.672446
21.093333 49.186667
-213.343913 152.242641
-7.663947 0.080417
3.636308 21.855905
-4.032419 8.049219
5264.223476 8026.082917
1.978323 20.153356
6.441511 13.801926
-5.651565 -6.235373
-30.802094 2.450312
9.070485 52.602527
-1.411936 11.195179
-11.247618 -11.732622
-21.373031 7.189376
-33.528061 0.741582
-9.781119 33.041492
2.010885 -3.235017
-17.182631 14.129593
27.225620 34.282025
6.762954 -50.399787
-18.623800 -12.928937
2779.232305 -1350.616153
23.654898 -20.103265
2.464497 0.959114
15.138048 20.674093
-21.630415 -17.011870
-4.522389 -9.306430
6.370177 15.285478
-4.085471 -5.043964
-14.316745 7.154910
-15.421217 17.304212
19.770328 41.424149
-6.186036 8.740183
-6.466402 14.643958
-12.646495 -19.977150
-24.863537 -4.990896
-5.937978 -28.436080
17.566121 17.249725
-13.961359 6.955257
135.257943 4.118791
28.636885 -19.494416
-2.608260 -15.210535
24.049219 -36.502100
33.483220 -7.241610
1.028269 11.378092
-2.445946 -7.243243
-37313.516901 21892.998274
-15.762957 3.003094
-6.341097 8.106836
-31.244033 -22.162689
0.000000 0.000000
28.846165 26.349499
24.748187 -63.675234
-10.291160 0.763284
3.571579 16.544524
-9.203756 -13.798592
-8.757196 -18.650863
-24.308238 -16.622353
2.160733 4.307133
2.794219 14.851084
26.396827 -36.751833
-19.226569 -39.974406
-16.878727 -5.005303
136.193091 -56.314399
37.281529 27.585744
4.136128 -12.647904
-24.781768 5.080453
19.886122 19.487333
57.159810 53.810930
-13.269596 40.100936
-12.886160 2.496498
37.812355 35.005815
-1.433853 30.466868
6.417042 -52.696891
4.251464 13.057586
44.351946 46.982160
-11.109909 -31.804363
-6.898228 -12.191364
-17.377009 -9.929620
16.465795 1.426642
0.649065 1.446143
-39.144437 24.032053
-4.439336 -55.323344
19.150650 -10.060642
-1.511302 7.980514
-10.721689 7.436550
-12.226180 -18.385771
6.138882 -2.268479
27.563473 10.064372
-24.200117 20.585143
-19.377394 28.268098
-11.739229 -42.352384
8.420102 23.208918
12.059490 14.138834
-18.549339 -52.897443
4.256047 -7.887388
-7.242160 -4.917007
-22.816191 45.136636
-0.361220 -0.525308
-16.466477 25.103698
39.016291 63.907573
2.213639 -2.571556
-18.340071 4.521331
28.375556 44.345073
21.951629 50.312139
11.885928 21.205898
-70.135433 99.569214
13.955032 3.752509
16.320659 13.456991
21.221897 -17.121504
-6.022621 24.922931
-79.247001 -82.863849
-33.531323 35.724285
34.139765 -24.912982
14.532421 9.802331
-8.494077 -5.498895
10.770567 21.115654
14.476986 1.651153
-7.267016 6.583041
-8.427353 10.387657
8.659958 9.838519
-60.180740 9.506066
-2.061167 4.982199
-23.986618 -29.286044
29.861712 49.196755
-1.785465 11.571794
-3.544763 -8.089440
-16.721547 11.747010
11.826220 5.302313
6.502646 84.208672
-38.526076 -27.254557
81.816080 -6.820832
-4.260488 57.132326
-19.642614 30.107102
9.100738 -68.069566
14.514035 43.928440
0.640285 -5.527377
3.672434 -41.481249
14.076122 -43.281049
-8.404627 -16.687252
-229.248143 -117.737624
12.060938 -0.519159
11.834892 41.454264
-14.997372 -19.522168
-3.194234 35.397109
-5.009501 -9.912516
-28.403544 21.154794
-41.965137 8.810291
-8.679437 -21.368416
23.407812 73.421936
9.057038 17.022885
-0.845885 -39.632456
10.368908 -13.384279
-18.767261 40.578056
2.786769 3.332613
-28.001233 9.402915
29.110176 -12.269073
-6.502041 0.002444
16.626724 17.937609
-16.488242 -10.521435
109.956351 -31.309730
15.675140 24.847718
16.206412 17.412145
24.339618 -12.645612
5.572082 -19.610580
19.830924 15.945945
18.078863 -50.634613
23.434259 14.225443
-24.339363 4.876723
-33.908761 11.567584
-17.431858 -1.344609
-9.628466 6.145461
31.759315 59.171652
-14.569667 -14.577753
5.505403 44.800477
-3297.210290 -14811.833038
6.776870 -3.046322
15.412902 -32.375108
28.172910 -8.132162
-4.852681 24.741703
-6.889749 -18.856581
0.458282 -5.679342
-10.878106 6.430535
83.562354 -3.816960
8.169329 27.024057
-9.205144 15.873384
63.048582 -37.354075
-0.046051 2.334740
3.264867 9.312297
8.609439 15.262326
48.846568 -61.249028
-14.875592 19.863709
209.319639 -135.193927
11.697704 -19.467317
27.844201 -49.590760
38.450513 5.531756
7.884065 31.772422
8.129046 -0.320754
-2.972757 -5.934649
-3.237232 3.527174
43.732402 36.849414
-4.632605 7.446967
-34.191655 -92.617535
5.799715 -25.534522
-7.977622 24.131158
-6.279128 -13.793510
4.539749 -21.621806
-20.872280 34.705239
37.544474 -67.115836
1.607441 10.796992
-26.012791 14.673382
-7.038108 -11.408203
-14.685137 -23.676373
-24.561868 1.429134
22.699917 13.892703
4.015115 -14.507604
-5.529790 10.405295
-80.291081 -60.165082
-64.185201 23.179381
11.514601 -48.928074
7.151665 16.340983
-140.403652 -18.367337
-5.950863 24.980313
-8.239145 21.497856
-18.812019 27.151294
20.991766 24.769471
-143.865843 16.382362
-164.999848 -23.026898
-5.468340 -13.735175
7.482032 180.605049
1.790045 -9.352756
42.452989 70.611299
-17.017717 51.652062
-12.044485 -21.521454
-22.261205 -4.142985
14.892876 22.690441
10.442990 6.010838
-13.795674 48.774648
-20.150626 -33.702831
-28.368865 -81.806156
6.374428 19.677669
-10.288474 -2.480548
14.889512 -16.623311
-0.820453 -6.256116
-30.216289 -10.199590
0.488561 -26.893204
0.033394 56.176891
-2.647304 -10.460212
1.555813 -45.276083
-5.116657 -11.721018
-10.563720 12.306419
-6.046225 -4.203402
32.694684 21.262431
12.217929 -19.120311
22.037225 -0.703381
-170.104054 -107.414111
6.732346 -8.202262
1.483527 5.723793
-10.917891 -8.234711
-13.239800 25.912779
154.599521 -3.697764
-11.318765 15.068884
-3.512780 1.257248
-11.992623 -16.270437
86.326407 104.867137
14.352848 36.762384
-12.379105 4.676929
5.852315 35.412983
-5.069384 -25.061395
1702.391930 -7200.023534
-0.755438 -8.789038
4.030755 5.272119
-20.778685 -25.727521
-18.233070 -6.217934
-900.887372 -756.781470
-926.681214 -2391.880831
2.480672 -6.963230
25.422292 52.322561
9.151594 -5.431714
5.233029 -8.875395
1.462377 -142.589100
-42.241599 -2.234073
575.289783 -315.718775
-13.907022 -36.654016
-39.624214 -12.957369
12.541509 -11.385571
-4.589522 10.017551
20.854974 31.816684
7.439120 -14.627910
-23.315782 23.549849
15.796815 9.387238
-3.845445 -7.354673
7.565726 -24.169804
42.401320 -2.439073
-4.760957 3.131756
19.471816 -19.818411
-15.854892 -23.869712
15.483458 14.116785
1.160318 2.740118
-2.557934 5.977905
6.098977 7.947882
16.435353 -83.792866
-13.018063 21.144670
-2.704665 -20.765777
6.958145 17.677206
-6.998608 34.493988
-15.856152 -7.666464
14.153195 -26.392501
17.172935 -8.508796
10.070464 -28.817952
-2029.088873 -2288.212437
-6.630559 -1.265325
33.965823 31.037286
-24.907010 -12.817120
20.303057 23.134830
7.975181 5.567898
-19.510735 31.977318
19.533256 30.348875
-10.928619 3.311212
-31.767537 34.609248
-21.396165 -12.332308
26.584040 -25.579879
19.874314 -1.833362
-10.101365 13.533025
-16.898502 -9.122003
13.529836 2.345354
5.389019 15.766232
-6.398111 54.479519
0.000000 0.000000
23.442017 34.186165
12.452945 16.088111
0.499643 -20.256173
30.809222 -1.098814
4.091185 -30.953589
-15.415195 23.920543
381.042764 521.220057
-21.909818 15.822146
-0.481966 -0.114430
-35.983378 -2.879941
10.556930 -3.688314
-12.876230 17.100834
1.022447 -15.385266
14.779722 14.008172
-11.696494 14.835709
-17.898068 -25.748611
-1.061652 -6.625394
6.263366 -34.169313
34.701589 16.888806
3.137563 -5.239826
-7.685713 9.524845
1.684733 3.598367
-39.408131 -37.504052
-28.854247 -7.070734
68.711495 57.988745
7.369876 3.353138
-17.866066 -27.666214
3.496508 -13.417017
-26.673472 98.327171
10.231458 -15.012906
16.612389 24.574014
-15.296312 2.148876
12.140461 -9.768664
-0.048768 3.961117
4.628796 7.561749
-3.607890 8.288752
-16.025695 21.873438
38.319053 65.523617
-12.899793 -23.510573
31.912547 -5.106165
-13.299428 24.021228
52.744252 64.198789
-1.533670 24.403472
40.285483 -83.046241
-80.306850 -36.160042
-6.405847 55.863184
1736.238395 932.284831
-20.278234 -9.736416
-6.837798 16.212147
68.106627 13.153583
18.232426 64.973986
-74.170851 -27.366604
-9.791336 -11.057777
-26.202397 16.307300
-16.514084 20.403157
-15.311988 -14.588308
-9.534108 -5.751013
-12.171709 12.975862
-59.143116 33.516660
20.704979 -7.239899
217.349520 -84.270496
16.530684 21.678851
-20.663382 -19.786966
-2.636912 -2.843599
-12.192162 -33.351229
-0.710622 -17.497269
-128.174708 -143.341255
-32.510181 -33.691650
4.276228 -4.885878
-514.424131 393.320935
6.084596 -42.738280
100.379655 -427.847955
-27.774179 14.380389
62.402217 -21.079813
-142.746027 -35.082211
-8.104697 6.550217
-10.462338 19.360652
55.921888 31.835697
5.461990 10.668905
19.173513 -19.066350
204.986632 -108.693090
10.954336 -13.810129
-21.427753 -20.975997
-8156.673565 -8577.422524
21.775775 19.488549
17.415738 56.716200
-8.034568 -13.473915
14.635648 12.047562
19.300519 -40.795882
19.774741 -81.947088
-2.144113 15.354632
26.150409 24.724057
-18.870032 19.557831
20.943765 17.047189
-1.277655 -6.202697
54.120012 -28.782561
78.386746 66.544449
47.367940 -63.908444
11.522588 -27.549932
14.830382 2.806713
-10.787975 24.272127
6.952629 -26.334251
-94.736502 55.536165
3.135787 12.744868
-22.065227 -11.511874
21.677231 -0.020210
10.862193 -14.712348
3.476779 3.535091
3.331957 12.315871
-35.201472 -29.705672
-19.026787 53.825205
21.203620 9.226533
2.652317 23.588160
-0.851872 26.046634
-2.240265 8.226266
2.279733 6.376036
-264.236261 -108.873847
9.019262 -13.344583
3.111466 4.040297
10.254346 -60.430205
-28.497146 0.639414
2780.525909 -4025.260609
13.593358 -11.049625
-23.730084 -26.293763
-7.426859 -22.493307
2.259743 -2.927742
-96.110227 152.942850
-2.667581 9.510466
-11.390055 -32.229222
27.706816 17.619921
-44.773580 17.814555
10.459916 5.447226
25.893051 6.097092
8.391188 6.272314
-6.894050 11.826122
71.109628 118.466031
-9.335487 -23.904363
-251.193436 -217.917272
41.924856 -41.490195
-17.148588 3.077772
-3.529471 62.911340
12.931177 -4.485964
-1.951107 33.122627
-12.143679 -63.006697
-6.176075 34.796232
233.897544 267.278743
43.195001 572.567523
-112.331846 -313.393481
9.748356 3.802233
2.709103 -7.458688
9.284024 10.509314
374.456075 -162.001981
-29.558537 3.949383
22.307216 -28.742740
-87.038938 0.519088
25.306158 6.002726
16.719489 -0.933680
-10.069018 -12.900585
-15.422215 14.019297
-9.420170 -44.588070
9.826419 23.684721
-50.218243 -197.113862
-15.802769 19.907527
-107.755778 -5.826032
225.262287 -18.147864
-9.087321 -8.546450
-132.934821 81.758008
-72.784764 -85.036695
-29.137239 -40.338153
-6.666064 -14.691285
1.017397 21.105254
13.060132 31.455176
-33.437178 47.088766
-23.661227 34.626539
24.094976 11.220079
1.118264 11.527247
9.277469 28.713674
-0.920300 31.256856
17.025233 21.075446
-15.732336 29.618954
-30.064187 -10.107841
5.246134 15.217773
-1.879023 -8.974940
-11.867098 3.340607
-15.414899 7.323217
4.651193 11.801967
-9.627737 -13.557518
-18.280553 2.920886
17.185157 8.630867
-191.291708 39.692856
7.496065 16.209812
3.121052 -4.234275
-0.152014 -21.941665
0.447393 7.812582
55.584747 17.052464
14.417328 -113.752394
16.195948 -5.143099
-12.901634 18.655200
15.419949 -22.139323
15.160351 0.010264
-19.402612 -1.575950
-11.871895 -9.100206
-6.802200 0.868725
0.692708 8.776181
22.496062 12.468508
-11.412387 0.743913
-9.984020 -7.230552
37.948427 -21.000319
-15.714785 -12.407840
-10.156487 123.309646
-13.936089 15.092234
-13.176463 -42.087170
7.002731 3.363115
-10.055571 0.938714
20.496930 -9.438282
25.790054 -2.652097
-7.959778 3.893462
-30.333347 8.610929
-44.800191 -4.080142
36.673756 -56.359916
-119.734087 166.041685
7.747255 4.900301
-13.553975 -16.893478
36.177227 49.150521
46.308788 -232.452133
-10.589046 20.415993
16.867354 -8.785196
-67.247122 -61.590759
69.817752 27.855633
-84.453200 -85.870561
12.641739 -34.013719
-8.030282 -14.546851
38.069688 -38.547583
-8.665778 -26.211954
-119.848739 378.757286
-1.487305 -16.249529
44.078459 418.724850
6.057310 -1.460309
-15.620654 -9.420954
19.200967 19.058569
-19.263695 -9.135863
4.581295 5.003557
14.008210 -10.674648
1.141641 16.380677
-14.600160 14.166533
28.336965 39.676573
4.581753 20.005304
-nan -nan
-19.637812 -25.306842
-1960.624444 -470.970482
-19.173724 20.051907
-84.591818 -536.660682
73.613824 3.480444
-68.290968 -25.865638
-7.975366 13.119624
-14.722090 -78.539576
-9.027971 -12.147758
-7.160166 -13.288296
22.554343 -16.557844
-10.557219 3.681675
36.530382 -76.170413
-19.011766 -9.604049
-10.539667 -8.462236
-25.021448 14.373826
128.583584 -29.108158
-59.210775 -81.062180
11.757008 23.732203
-21.816445 -28.285427
-17.904297 3.630290
1.096021 41.177595
-7.507586 1.486106
15.226778 13.784061
3.710135 2.033656
28.178375 -10.191037
-50.157679 -9.199998
-6.155042 0.244295
39.646312 -18.614210
-15.096852 16.578585
8.098132 44.626816
21.292993 5.986129
5.717980 15.856983
2.298532 -18.958120
-0.191087 19.241824
-17.068016 26.236378
-7.434342 51.595511
-22.489775 25.442068
-29.833049 -20.444518
-21.737362 -46.665761
-7.629610 97.812504
-157.982816 205.565890
21.515909 33.715408
-20.817586 -33.210333
-72.735171 -39.660523
-35.475457 -36.869074
47.254543 -43.089252
13.626773 10.849199
-7.061340 15.016976
-nan -nan
16.400224 0.656437
12.158180 -45.083832
1176.021744 -106.711295
13.774389 -1.647230
10.524544 10.676669
-60.612061 -39.076634
5.247795 11.597749
498.573956 169.119515
11.710221 8.123382
-54.883741 14.000046
11.422884 0.091951
-20.999983 -20.841546
8.069083 9.008042
-8.402388 16.732291
-1.107145 0.160969
3.811599 16.520502
8.100980 2.655277
9.009605 3.726373
19.272646 -12.182222
-26.635989 -192.052457
-3.223928 17.681188
19.020179 -80.766703
8.557544 -10.573806
0.902367 4.270977
25.279169 -61.127657
7.921947 18.041515
-nan -nan
-35.814782 37.791240
16.869023 8.650463
-11.566967 -9.818255
-6.682473 9.285797
11.060842 -24.330483
-11.923083 -15.160494
-22.207605 47.294216
13.533958 -7.685422
24.538576 50.106407
8.305935 -91.841376
10.949626 11.488985
-13.317747 -13.311390
-6.949305 -0.404835
-15.405862 7.029048
2.539730 -15.461459
0.811088 -14.044652
26.013778 -22.307780
-333.519615 -40.962561
8.864854 -16.314470
1.557143 18.638555
-9.411676 -5.448059
18.916939 20.079972
-7.893368 45.566213
10.531258 -14.188080
-2.532744 3.260358
-20.891296 -10.472738
21.661397 -11.349093
41.382974 11.733423
-1.544102 -5.728885
-17.997354 -3.348183
19.758750 13.656066
9.719510 -13.819226
-7.116466 20.969033
6.878458 4.252069
11.976941 -16.832904
-11.029495 14.222632
-49.072740 105.682093
49.486056 22.270024
35.119361 -93.787604
-20.361576 -19.297426
-2.112156 -5.519486
4.649151 -12.099278
6.626944 21.400927
-4.442554 12.927653
8.274027 30.352108
-26.820974 20.373138
-0.497236 5.152646
-32.609189 62.525434
-50.512404 44.909987
-28.058451 35.328057
21.798562 19.130575
1.618646 -1.556457
6.227670 15.146482
14.825224 2.074490
-9.315961 25.579984
6.258478 16.211879
-1.811627 -30.574052
16.542892 -21.075119
9.055971 5.642991
6.183982 50.102373
204.338953 13.973737
20.453184 2.442237
-30.271646 -5.524959
-21.071515 29.892745
-206.557306 588.422585
-8.106137 -51.281689
-18.058060 -20.959418
6.146145 21.664965
19.795795 1.781967
-16.916649 -1.792135
14.135624 8.606516
-21.773328 -26.351283
-57.805127 87.726299
-5.903993 45.653941
30.977849 30.299670
-1.574037 -81.035000
-21.350369 -11.873141
-2.193970 6.434914
-15.702194 -18.011101
-3.034532 10.344118
-0.710371 64.878215
-1.699553 11.495569
42.451272 -21.933080
-8.587791 16.066380
-1.536475 -76.710175
4.235681 21.706227
286.370827 -145.953712
-2.134088 7.933995
5.445521 -63.593228
27.402264 -39.969106
34.864860 36.703684
22.323884 -23.553779
12.421782 6.822567
2.407646 -50.208745
-13.306728 -5.640819
6.784483 -8.794067
-8.365326 10.348586
-11.662334 5.223293
-21.946894 18.176127
17.872296 16.528799
-11.689099 -22.118683
20.130477 47.079144
-85.312132 42.686093
-18.280367 20.076702
-0.285832 8.269144
-51.302513 -77.469332
23.359028 12.170613
2.591926 1.272497
-0.276298 -2.299339
4.957600 18.640306
1.173067 -18.663429
-6.349961 -13.119065
34.475457 9.250513
-1.654248 -14.178521
-13.148660 21.856564
-22.195215 -15.515639
-33.917781 25.988866
4.479068 0.776452
-8.723890 -18.760828
-5.481306 3.523240
38.830688 55.954597
-48.456480 17.793178
18.827757 -6.444102
-28.565623 -53.593576
-10.437153 17.725101
-7.101135 -23.860930
-14.126311 11.179985
-2.623411 10.378512
-22.817458 4.387866
7.674954 1.992449
-7.437352 -23.937368
25.685699 11.029758
41.472646 -1.622999
-44.702630 -11.402694
6.685618 -22.055230
78.884384 38.565783
8.878130 -16.258553
9.697669 -59.584268
-17.941239 -15.802262
10.873006 -5.364670
0.013693 -4.350067
3.360016 20.504040
5.043817 -15.916999
-15.777989 -19.549691
-0.032930 10.877859
7.276282 -53.326617
-41.972483 86.888863
-33.027766 -17.730478
17.836934 -1.892664
285.299043 5.908503
21.103501 23.588572
4.296678 -2.707340
119.996283 -128.330845
-27.689384 9.107651
-2.086351 8.162515
-40.094205 -36.536884
-16.709177 -22.381026
-0.644385 -12.258379
-36.927677 57.832008
-4.233100 -8.842403
-212.949820 207.748563
-0.030158 -6.856583
-2.345993 135.220883
19.122469 6.735218
8.998923 13.967278
6.198147 4.982194
13.883495 12.566970
3.871374 -16.685582
-51.603016 25.254729
-0.064811 5.734795
-12.620437 -10.248214
0.234291 19.472040
-5.675453 -2.766365
1.593104 -14.824139
2.745973 -8.153773
16.954587 106.660599
0.887143 -17.050395
-3.342852 9.568564
-19.637514 -3.564270
1.036187 5.080714
13.859009 -80.719863
-20.550967 -21.771135
0.784998 -40.352109
54.059301 -54.554557
-48.963808 -16.826139
-15.129771 0.209492
2.258053 71.888793
17.323064 -21.521342
6.165407 21.948345
21.053190 16.972103
9.154126 -11.788309
-11.876350 -2.882188
-4.049855 19.159933
53.475372 99.843555
-9.365276 9.892754
-0.568582 6.163007
-9.249211 -8.496455
-4.639677 -2.179671
-3.378698 3.819101
15.541888 -14.981718
12.402749 -63.783873
1.304781 -22.262444
20.051705 -26.195622
3.076794 6.426892
-7.124264 20.361347
21.100410 -37.607058
43.137966 275.326641
66.183130 57.621837
19.147275 -8.598937
83.594339 -4.258020
19.907272 44.645632
-10.501670 14.256242
-12.490947 -14.523392
-3.685739 26.599825
317.053056 807.150856
-12.101263 9.072136
-6.873591 -40.452137
0.029804 -52.318241
-4.632823 8.714778
-1.470097 6.852197
-43.219605 24.834193
94.993216 10.165454
9.699102 -12.243864
0.929771 -1.293137
-36.047900 -28.373741
5.205024 46.587857
-0.616851 -1.979716
14.739375 -33.805718
-11.075288 5.783923
32.327889 11.046572
-14.191590 -1.797977
42.927602 55.592046
-26.434550 -5.222165
-58.988350 -110.030907
-4.450244 2.076946
69.949804 -10.481833
55.039755 -12.641553
-11.492630 -8.931089
3.385050 -51.890431
8.635458 2.227261
-343.138532 -295.690722
2.396466 31.803148
-33.407083 -6.604573
-15.324372 -22.878205
-12.741637 19.627218
8.642132 27.181044
-5.364731 10.794570
25.610789 -11.870762
4.814273 -19.076107
24.057023 -25.988651
0.372317 8.701178
-1.718819 -10.286975
-12.146511 -13.792291
-6.663507 22.682948
-8.529747 -22.103384
-1.053859 -24.989005
10.443280 -1.618363
-4.923120 -2.021208
-9.901507 14.914465
-3.013348 10.913811
-18.756498 22.568826
-7.220492 7.981499
11.680284 7.757456
12.965321 1.248964
-0.643325 -8.235682
-29.766995 6.725678
10.533835 -2.146965
91.355001 1.220777
-0.450556 -4.075889
21.263665 -55.882201
-66.438602 -9.540797
-47.750505 22.592986
-32.225577 -28.847889
-4.423611 5.114741
-14.840483 -19.577451
18.193570 -20.175228
2.241234 -15.787920
14.671535 -13.325393
11.773888 4.496197
-2.788715 16.522866
-5.259759 15.600797
356.332033 421.743816
13.577793 13.771933
17.085011 -23.339393
-12.635810 -6.415997
4.665938 -23.147086
-12.244385 3.497679
-3.992242 -8.240133
84.664024 -69.848145
-4.153355 4.114478
8.054197 17.352272
62.969537 -54.006013
8.599339 3.287368
4.131002 13.347322
-32.910980 6.832976
21.415864 3.205427
-5.501870 6.915313
-64.673855 -52.958212
-58.644015 -48.084755
11.938529 54.894517
0.962292 10.870731
-46.652860 -9.777319
-132.787676 90.211735
18.257022 4.996290
15.766038 -8.191118
4.757502 -13.360805
20.509437 28.907612
143.256189 -102.655240
-82.007895 -158.576030
-20.124606 -36.916546
-31.951196 23.557452
-14.472945 -0.317012
4.587465 -1.667853
-2.305733 -17.049261
45.447350 32.012960
-11.223758 -9.258181
-27.983212 35.699088
-19.269370 -7.782694
-6.647602 -26.711871
-3.241386 32.259565
13.310018 -15.316666
16.563725 -63.484403
-3.344302 -5.018238
9.945921 -10.903547
4.657530 3.528745
-102.031401 94.955258
16.048784 -8.045969
55.223719 39.519173
-21.450591 23.596749
-12.439230 23.792253
71.236831 46.606418
2.364554 -1.513558
-9.852248 -0.827012
-1.799160 17.408779
-5.599527 52.131600
6.355683 -12.478757
20.503130 -14.305593
35.736797 -34.673307
-37.561961 7.427175
-90.990857 67.891792
4.564648 -10.470951
-5.379574 22.087432
-1.658344 -12.934350
2.139484 -0.538642
29.715990 5.441325
-11.395672 -20.552018
9.542648 0.785373
4.053621 -4.974959
-12.736931 36.248098
-9.752404 -2.384259
-9.208704 7.965754
18.599147 -10.212397
11.432423 3.552662
-15.796739 2.151085
15.254436 12.872285
-2.033517 13.809533
-48.189135 -42.329998
-24.183782 -5.340256
16.284171 18.798620
33.709466 22.091174
-23.982384 4.122328
-42.029769 4.684346
47.612453 4.824159
10.709733 6.721066
7.892981 -41.712473
4.017125 -11.724028
-213.229374 -513.290231
-39.841172 -322.891528
12.595723 412.036633
-71.726318 39.074298
17.236105 -1.437939
1.004605 -4.661216
4.149954 -12.577214
27.618027 -18.110815
-8.933875 -12.734341
-2.933099 -52.551270
533.400168 474.609420
10.423084 10.922380
-0.508267 15.565957
-0.628647 -2.493479
-3.556998 18.009643
19.457837 20.671608
14.021732 11.873877
-9.256684 -6.324029
12.256308 15.824879
24.533387 44.393845
-6.553788 11.545266
3.716486 14.386127
21.643072 -31.539260
-35.928707 -58.070094
-3.962578 -21.348308
-16.428279 -1.307071
-27.794081 22.828694
37.423775 -14.484236
-15.420271 -0.281432
-11.270669 -32.162229
-41.390419 -116.383135
12.407909 -31.237069
-7.626381 -8.968323
23.255514 -14.223813
11.574841 -13.305534
-209.538494 398.300244
-3.808538 -2.609245
38.673474 -39.508005
-6.716563 13.908900
45.452357 17.443052
-40.141921 -17.315925
27.291892 30.539440
22.641745 57.191261
2.750439 20.881017
12.225211 23.018461
-13.724712 -14.781278
-8.039897 39.160626
11.826112 2.540768
1.484650 17.285228
26.520599 -35.113829
-15.555509 -11.726639
32.397721 21.022489
-15.489642 -31.625028
13.130051 67.190163
8.185121 2.880273
23.844105 51.631755
6.751989 2.273235
1.714347 -3.037757
25.602712 -64.076579
-8.970162 0.542605
25.504450 -10.118292
11.260092 -5.679227
8.683212 23.967053
18.007794 4.063198
8.328429 -2.806338
-3.249355 29.984608
8.679729 15.120028
-12.469788 -3.223519
-25.519989 51.865100
6.557903 16.200134
8.117220 5.341200
-80.412341 -50.108338
-nan -nan
-14.243731 -1.452712
-24.247154 29.818814
-46.187643 61.879805
7.492604 -6.537224
-19.036329 11.246723
-53.974897 -43.584352
4.877945 12.120693
-38.425572 59.059635
-4.421155 37.121579
-16.399972 -24.221655
-5.417131 -3.600326
108.092610 66.323207
-13.617522 33.298320
29.952738 -13.486529
-17.117422 -15.253166
-5.005957 -32.677150
0.651151 -26.375695
-4.962073 2.593832
23.220878 10.386492
-33.720581 -11.351431
-3.928681 -5.470411
-15.793644 43.688227
13.295987 69.332806
-14.040905 20.004914
-3.395598 37.384091
-13.229159 -19.997637
-31.826465 -47.054913
-123.563895 -246.308043
20.509155 -18.470081
-4.849392 5.344554
13.173790 -38.725799
-24.323290 -7.212327
-16.594311 2.644635
32.704159 4.971968
-8.602550 8.551374
31.942036 -80.353508
62.987429 34.358229
28.456131 11.283130
-6.331504 10.362400
30.643498 26.279978
-44.148716 61.022416
9.763426 0.785305
2.489313 51.151741
-16.622935 21.992867
-18.756990 16.914838
-17.467377 -8.317625
-11.500908 9.369773
-27.095044 -8.955992
60.022871 26.932914
-38.795508 212.155397
-19.776608 -12.406921
-9.128096 25.370156
6.285208 0.685318
-4.468086 -22.214198
-31.751759 28.884754
19.459784 12.902465
13.074390 -26.929941
-12.664011 -24.924370
17.556353 -13.466611
-13.811484 2.916776
-69.566025 -12.152728
-1.746149 -25.262272
23.302974 -4.648354
2.217977 3.895545
4.468971 6.608257
8.545653 -13.674779
26.409759 126.398544
-35.880302 8.670273
44.440073 -214.496355
3.186776 14.435934
-7.819958 -12.583920
-2.719272 -19.723929
101.582422 114.856012
-33.328773 7.028295
3.083357 3.101324
-17.834044 -11.471717
10.263458 -30.829710
-10.103166 -70.767571
12.795016 -0.138429
-2.665555 -31.397626
-37.317946 -19.918211
-29.271052 7.189892
-3.752785 14.253901
7.009049 -25.944342
-69.417467 196.525988
15.367396 9.926560
-29.081462 37.884773
-7.291483 -13.463662
1.747451 1.006781
-19.882602 -26.262636
-14.668731 27.922616
-32.220841 12.120641
7.362366 -0.598553
-7.312864 -1.739968
-3.716777 65.399099
-348.139861 130.809165
-9.865197 2.016355
11.085727 1.873574
-18.353278 -47.177015
43.268696 -22.170261
22.351363 39.432443
-7.941319 15.086041
-11.479824 -13.608672
-83.431921 -68.983228
-0.931440 -9.553040
4.035732 -10.585605
194.061667 219.520814
19.882201 43.094794
-24.526249 19.622130
7.818465 7.955082
24.677758 35.169239
-57.355811 -56.583353
-3804.660343 -5596.845323
-15.979864 4.088929
16.423949 9.931993
2.251354 2.436555
16.836302 15.166327
-46.438038 -23.548273
-1.441179 17.445417
-20.851804 14.931825
-5.824736 -14.667449
1.597952 2.215844
14.592550 -12.059092
66.719491 93.410411
-455.125514 -61.792864
-21.105778 -13.641339
-7.099242 -0.845538
20.170554 -45.130088
15.562929 -18.871840
36.965849 -10.906158
3.284576 -64.374778
212.279070 636.922355
9.109754 22.177022
-8.679657 -27.930661
-61.320381 -46.033360
24.490473 -25.904052
50.256099 -33.525722
7.201911 1.478925
40.468519 -84.813175
-7.441703 -19.392418
-32.442805 -31.755571
5.798166 2.924980
16.680220 -41.080733
7.129671 10.498722
36.325143 -2.985271
-3.883300 10.013270
19.687105 18.057484
-89.966249 -71.904482
9.027086 18.223233
47.760797 -175.711215
10.741889 14.087937
-33.132851 -2.893487
-1.617929 -13.197320
-54.573174 66.998559
-17.734247 -0.050096
13.652719 4.946794
-6.844801 36.545076
39.948831 43.525028
-29.887770 129.664428
12.328208 13.681149
-38.820849 -46.553392
1.313644 -9.604487
4.182564 -12.952322
-24.906981 -62.101311
279.723087 60.711463
-23.780542 31.953025
6.717322 44.361826
25.940633 17.097317
-2.405959 30.839153
8.293621 16.087704
16.919598 -10.734810
-86.056312 -227.842647
26.669174 -31.972362
-17.709215 -3.035637
-100.462205 57.333052
-2.576268 31.129223
1.976615 19.379743
15.736419 39.993876
13.134328 23.223881
-15.750000 201.000000
-3.186992 36.845528
-nan -nan
18.200000 24.000000
-4.742857 -0.371429
5.212389 3.823009
-14.997519 -19.548387
54.936709 57.518987
0.554455 -0.521452
-24.659574 44.914894
-5.436620 -10.544601
4.019608 13.084967
-23.103448 27.137931
14.136842 -26.652632
-36.074550 -3.136247
24.454208 13.353960
-32.000000 -54.000000
14.959559 -27.036765
-25.817259 -1.111675
-14.235294 -10.647059
-7.756098 10.926829
14.715880 9.660086
36.484848 -81.848485
-14.868421 13.078947
0.816568 5.319527
18.000000 11.000000
-18.909091 -14.909091
-9.764706 13.294118
-26.000000 44.000000
14.353846 -14.738462
-5.375000 -45.250000
178.000000 -110.000000
-136.117647 -71.294118
-9.087248 -9.241611
-25.555556 50.555556
1.333333 -6.000000
-4.109375 -28.757812
-22.382979 -7.510638
-7.000000 -29.142857
1.250000 -4.613636
84.400000 -8.000000
2.300000 44.100000
42.150442 43.902655
-11.500000 13.250000
-147.250000 -236.000000
5.414414 52.396396
18.980198 -53.900990
11.320000 -14.480000
11.219512 -11.609756
242.333333 297.333333
-48.133333 7.770370
-38.519231 -1.884615
-8.000000 -741.000000
-19.845070 -25.676056
14.000000 19.000000
-8.667870 8.119134
10.300000 -13.500000
-13.105263 4.964912
-46.185185 47.481481
-34.250000 -21.750000
-24.365854 12.073171
-139.000000 -144.000000
13.750000 -37.250000
-3.263158 27.736842
14.785714 20.785714
-21.272727 22.000000
-12.337748 8.741722
-0.121495 -12.654206
-24.869565 -5.608696
18.788235 -31.458824
-2.044643 4.053571
27.494545 -8.530909
-5.810811 -8.513514
17.727273 -63.727273
7.769231 14.769231
15.333333 17.666667
-23.008568 22.290086
10.000000 -1.000000
-11.018405 -21.337423
129.125000 -34.250000
17.991150 22.309735
9.109589 -1.383562
-18.108108 -1.945946
-2.452830 29.679245
23.808511 14.255319
16.719078 23.932914
-40.194444 40.569444
6.929825 -4.245614
-6.228571 12.914286
-nan -nan
1.666667 2.000000
-50.000000 23.000000
15.538976 16.407572
-14.202532 -8.582278
-25.333333 -25.000000
-5.606061 9.575758
-30.421053 25.421053
7.529412 -5.705882
-5.888889 -3.555556
-9.169811 -12.830189
12.972603 29.863014
-51.500000 48.500000
41.325000 83.287500
6.022346 -28.435754
3.364238 5.322296
-60.250000 -9.000000
2.761905 38.285714
-11.115663 16.149398
-11.000000 -5.500000
4.250000 -49.416667
16.512195 -20.092683
40.285714 2.171429
5.648421 2.863158
4.437500 6.687500
5.965058 -15.547421
0.640000 1.468571
-nan -nan
-3.318310 -16.332394
-62.600000 37.800000
8.798658 15.489933
2.613636 9.681818
-3.571429 -2.428571
-0.131148 24.540984
13.399038 -54.221154
11.250540 4.008639
13.905172 17.422414
12.395349 10.023256
46.076923 66.692308
-27.775591 12.736220
4.615385 45.615385
-25.779287 28.254669
-6.363636 15.363636
-3.829268 -11.341463
27.299213 43.173228
-nan -nan
13.791667 14.041667
-6.062500 -7.071429
7.960976 -7.956098
-14.640000 14.960000
-15.914634 26.134146
-9.189655 5.534483
-90.161290 35.709677
-0.470588 -12.470588
41.128440 -29.779817
15.857143 20.857143
7.319149 22.936170
-10.781818 -11.163636
19.372881 -40.050847
21.899772 11.906606
16.104478 16.880597
-8.810945 7.213930
-8.764795 -3.701062
-2.000000 19.000000
-26.138943 -15.015656
9.245098 0.781046
6.076087 27.184783
-15.491379 5.056034
8.637795 -38.488189
-7.055556 10.361111
-40.756000 -17.308000
12.206897 -18.896552
-8.087248 30.013423
51.470588 -8.336134
-0.930233 7.883721
8.500000 -36.500000
6.869565 0.826087
-5.307692 -9.373626
36.666667 -41.000000
-29.954023 2.701149
5.988506 -14.057471
-43.076923 -90.230769
11.459459 -2.135135
-80.338983 113.542373
-7.250000 -1.500000
-7.627586 43.220690
53.250000 -99.225000
-27.166667 -60.333333
-11.965517 -7.344828
-26.375000 2.625000
-5.774869 -29.413613
1.333333 5.333333
33.464286 54.285714
2.000000 7.000000
-3.971429 -7.771429
43.198473 24.030534
-20.560000 -19.120000
9.203226 11.367742
12.276074 -21.184049
-11.978723 19.914894
-4.000000 2.000000
-403.500000 -229.500000
-19.415525 3.575342
15.083799 -16.804469
34.906250 33.281250
-11.955056 -43.056180
-5.250000 10.700000
-6.900000 10.300000
4.779886 3.056926
-27.542574 -19.617822
-10.857143 -21.714286
-4.353846 0.406838
7.600000 -11.200000
22.647343 -36.212560
-17.223684 13.921053
0.520548 11.589041
12.913043 -2.782609
-4.200000 14.000000
-10.867470 18.506024
1.674912 0.703180
23.444444 17.444444
-7.198347 -13.446281
-23.000000 -33.000000
-31.000000 -27.000000
-89.756098 -241.707317
8.529412 -6.431373
7.617647 -11.176471
0.750000 -3.875000
-13.203593 -4.952096
-11.657718 0.812081
-11.571429 -9.357143
47.090909 41.636364
-4.800000 7.600000
7.373737 -18.151515
316.636364 182.727273
-82.294118 15.549020
-35.192982 12.438596
9.402715 12.502262
27.615385 -86.846154
-15.488189 38.850394
18.704745 24.956063
-1.976027 -12.041096
24.418079 29.635593
-10.545455 -27.636364
17.610169 5.203390
-13.636364 -4.363636
3.666667 5.000000
-20.135922 -26.961165
307.333333 237.666667
-23.857143 -6.163265
-19.327982 25.447248
6.500000 -1.250000
-22.982206 -25.516014
15.468085 -23.212766
2.035088 9.742690
-4.434286 8.742857
28.863309 -40.446043
0.000000 -31.200000
-9.382979 -23.021277
6.727273 17.454545
-259.500000 -101.500000
118.238806 -113.149254
-141.121212 -142.696970
-12.424658 54.232877
37.000000 -45.000000
1.611052 9.702444
-12.562874 32.383234
3.354331 32.314961
13.406417 -18.973262
-11.962264 -6.723270
-7.129032 34.258065
-35.333333 16.000000
10.351351 9.290541
-18.155937 -25.690987
-1372.555556 -430.777778
-4.495192 8.264423
4.954545 -44.363636
-16.835052 -43.092784
-24.382353 -60.588235
-24.000000 -36.500000
-5.166667 -9.416667
8.615385 -9.153846
-2.720000 19.080000
-2.158879 -54.588785
64.403509 49.877193
-15.887097 -0.354839
9.040816 2.979592
-nan -nan
-35.620370 -21.194444
-0.816901 35.338028
45.600000 -61.600000
-4.141414 -49.606061
18.310127 -4.332278
-0.368421 -15.315789
7.056604 64.566038
-29.285714 13.857143
24.326923 -32.115385
18.000000 -12.000000
-9.912281 17.631579
33.235294 17.176471
12.963636 -5.363636
16.947368 23.315789
16.970149 16.597015
15.437500 20.458333
2.921466 -3.094241
-12.146341 7.817073
27.773585 27.886792
13.106509 -7.899408
-5.696833 18.085973
11.167883 -15.540146
-4.285199 -18.610108
-13.907975 -4.736196
-2.000000 32.000000
15.830189 39.773585
5.623126 -2.820128
-36.555556 64.111111
3.321429 -13.964286
15.214286 -12.000000
-18.690141 -10.366197
19.400000 -5.400000
-15.000000 20.157895
337.000000 -193.000000
-2.666667 3.000000
-1.500000 -14.000000
3.214286 -3.214286
29.666667 -19.952381
-22.643678 -15.298851
-21.642857 -11.321429
22.289109 -5.128713
40.000000 -19.000000
41.054545 15.018182
17.397059 15.779412
-11.666667 -37.666667
61.000000 70.000000
-20.231884 -39.507246
-4.100000 7.350000
2.933649 -13.729858
-1.454545 -6.636364
23.834711 9.206612
-38.796460 15.955752
-1.580645 1.645161
-9.684211 -12.578947
-7.728261 -12.597826
-4.032064 9.731463
-11.978723 -0.255319
-10.668142 -0.893805
19.606742 -2.966292
15.731861 -5.230284
270.526316 -151.473684
2.351916 -0.902439
-4.127273 -14.854545
11.931034 7.896552
29.301435 24.763158
2.503067 -14.730061
4.455535 5.577132
24.780488 -29.829268
16.411765 21.411765
-31.393881 -18.355641
8.471264 1.597701
-33.000000 -2.363636
5.571429 2.714286
-13.618182 7.518182
-117.428571 40.285714
-15.519142 7.415008
-7.583756 -22.040609
38.319899 -3.100756
23.457627 11.694915
17.800000 83.800000
20.771429 -4.000000
-12.000000 28.000000
22.560000 -1.624000
-nan -nan
-26.695652 5.000000
-85.750000 -81.750000
-nan -nan
12.518428 -16.221130
-1.575342 5.904110
11.627907 -6.790698
33.707602 -24.970760
32.868217 29.139535
6.250000 -2.250000
-3.818182 -0.214286
3.500000 8.500000
19.916667 -44.583333
-19.000000 -11.000000
-0.611940 64.716418
5.638298 -5.659574
-15.337209 15.302326
-4.926966 -0.696629
4.307692 -3.038462
19.017167 -24.270386
-13.835616 6.547945
-14.299492 -4.573604
17.106383 73.276596
-10.454545 -19.636364
-18.232975 -17.020311
10.729323 4.503759
78.564103 -147.333333
-0.025641 -0.512821
50.467492 17.650155
3.819672 -9.852459
-40.129032 74.290323
-10.170404 29.174888
-nan -nan
-7.557522 -14.247788
26.086957 -40.782609
-5.488372 7.348837
-0.461538 -21.912088
-129.176471 149.941176
-2.035294 -6.294118
8.368098 -16.300613
-3.035971 -18.992806
6.334254 16.657459
-18.704403 18.226415
-22.980132 -25.417219
-29.700935 74.710280
1503.000000 193.000000
-26.455446 -12.188119
12.868852 13.612022
2.112150 10.074766
-1.400000 -17.600000
12.565217 -1.260870
43.000000 14.666667
8.643836 18.958904
12.550000 -4.450000
22.782609 2.695652
43.012658 0.729958
17.201550 30.751938
5.253189 -26.978410
163.529412 -76.705882
2.662338 12.220779
-14.966102 -2.508475
35.838926 4.281879
1.432494 -16.659039
16.868687 13.292929
-57.846154 15.769231
-40.352941 29.764706
-14.529412 23.764706
-24.000000 -52.000000
-8.520833 24.895833
37.077348 -5.729282
-27.470588 -51.823529
5.195652 -5.065217
-18.157895 6.736842
-4.092308 -1.215385
152.727273 -24.727273
-13.169381 11.967427
0.178571 -13.178571
-16.523810 27.571429
307.500000 227.785714
42.168646 -23.655582
-6.581152 -8.036649
-37.027027 35.405405
-23.469027 -11.410619
-17.443038 11.645570
8.378378 0.324324
-28.413793 12.018809
-19.379310 16.206897
9.681818 9.113636
3.944186 -20.213953
-8.444444 17.037037
-18.000000 -15.000000
-17.000000 -18.000000
2.806452 54.419355
33.690722 1.525773
-nan -nan
29.560166 18.817427
5.581395 0.116279
-8.338983 -6.745763
-7.885714 12.765714
16.000000 -14.500000
-193.375000 33.625000
11.910180 -0.880240
-19.142857 20.428571
39.764706 -15.647059
17.606383 14.595745
0.500000 3.500000
12.279070 10.720930
74.750000 -39.000000
-41.239437 10.732394
23.300353 14.003534
-7.703927 -19.326284
15.933884 16.995868
-38.947368 45.368421
-9.000000 3.000000
-2.666667 13.333333
4.000000 13.000000
7.013825 -16.483871
-50.941176 -79.166667
20.349515 -7.902913
-61.000000 61.000000
26.214286 6.101648
-1.558559 -24.837838
3.615385 9.282051
-33.705882 3.000000
-4.881720 8.268817
-9.615385 -3.538462
-40.326531 2.306122
0.000000 -20.000000
9.783784 11.729730
14.615385 -44.538462
15.524064 -23.090909
-14.169742 -12.180812
-10.245614 9.964912
-104.534884 -40.279070
-34.592000 -2.144000
-9.372093 -5.395349
21.491228 10.105263
-17.405660 -12.509434
3.458015 29.061069
10.324324 -18.675676
5.712871 -34.653465
21.715789 20.178947
3.105263 9.263158
-27.182390 -3.767296
-16.070755 5.466981
-nan -nan
-17.902439 3.268293
12.963928 18.673347
-16.000000 1.000000
5.208202 7.337539
-5.200000 2.200000
17.175758 -47.393939
-0.768595 14.942149
5.950000 -2.316667
7.221239 37.252212
52.510204 30.408163
9.000000 -10.000000
-nan -nan
-133.092784 125.649485
3.875000 23.812500
-3.000000 -5.720000
-5.747126 11.022989
6.550459 2.412844
11.337079 -7.932584
-3.323077 -14.292308
-35.458599 11.662420
428.000000 -390.000000
-7.462069 8.351724
10.659919 15.603239
-11.044118 -71.617647
-52.147541 -46.918033
-219.000000 208.000000
-8.447205 -15.248447
21.600000 -14.200000
-nan -nan
11.000000 -13.000000
20.692308 5.230769
11.928571 18.464286
-21.268293 3.219512
15.080460 -11.494253
-17.195122 -37.536585
42.144295 67.308725
7.853659 -11.609756
-7.000000 -37.421053
-3.400000 30.400000
17.444444 -3.666667
-16.178631 17.425710
-88.000000 16.000000
-44.250000 -3.000000
4.052632 6.947368
-20.109091 -16.683636
-53.529412 29.000000
1.323615 13.291545
11.966102 -11.983051
-4.105263 1.131579
-40.800000 -115.000000
-5.230769 -3.846154
28.895582 -11.361446
23.983871 -11.887097
37.391304 23.043478
-1.525581 -10.046512
19.538462 11.601399
-17.352941 -41.235294
-4.389831 15.186441
-6.133333 24.933333
23.333333 -49.666667
-7.828358 24.231343
-6.955224 1.641791
21.048232 -44.752412
64.600000 -0.200000
-nan -nan
19.192385 -12.801603
-10.600000 -26.000000
-16.050691 35.834101
-20.373626 -27.934066
-6.750000 -7.750000
-9.382465 -15.954257
19.783217 13.258741
-6.104418 18.935743
2.742758 0.928158
7.271318 -59.658915
-nan -nan
0.330508 1.432203
-7.042857 -70.071429
8.285714 7.714286
-3.317073 -5.951220
5.557084 4.089409
9.676768 11.303030
5.734043 -2.436170
-20.648649 -39.243243
-0.448276 -20.017241
12.814815 20.962963
-16.619048 20.857143
25.956522 -46.782609
36.000000 -39.636364
-33.427184 69.650485
10.179024 -17.162749
-8.709732 22.367450
-77.875000 -16.125000
241.714286 -165.714286
-7.846154 -21.615385
4.325581 19.511628
8.509804 0.411765
15.448363 4.955500
-5.263158 22.921053
-13.881188 -5.415842
-18.680000 36.000000
-18.824207 42.242075
-14.121212 25.515152
19.750000 12.750000
55.000000 14.000000
812.500000 77.125000
6.368421 26.736842
3.157303 23.483146
52.055172 -27.586207
42.340206 -6.453608
-25.142857 -52.571429
3.169811 13.509434
-16.912409 -15.927007
14.323308 5.263158
1.769231 2.538462
5.444444 -10.055556
-269.333333 310.333333
13.879121 2.967033
-25.625000 -22.484375
-14.492063 10.476190
13.752809 -8.471910
7.888889 15.242424
5.356467 -64.318612
22.962617 -51.626168
-20.033708 18.696629
40.652174 44.000000
0.000000 0.000000
13.000000 12.000000
32.128755 -24.944206
-35.090909 16.545455
-26.848485 7.606061
-82.108108 44.621622
20.181818 -24.060606
-34.285714 6.642857
2.714286 -28.714286
6.193548 -20.322581
-1.190476 -19.269841
9.754717 19.698113
35.148148 34.740741
-10.153846 -21.461538
36.660550 -27.220183
7.200000 46.000000
0.000000 0.000000
7.641026 38.410256
-23.071856 11.514970
8.178218 -42.326733
4.409836 3.644809
42.575342 -35.712329
-5.848485 5.303030
35.000000 -27.000000
-10.333333 -42.666667
-7.898876 -15.876404
-136.623288 -82.609589
1.937500 10.187500
-nan -nan
-6.076923 8.000000
-29.500000 29.000000
15.362205 9.370079
-29.950920 -32.895706
-16.769231 8.461538
-10.376812 5.826087
27.277108 60.108434
16.640000 -19.000000
-13.696970 46.030303
-45.052632 -73.315789
-7.460784 -7.401961
30.775401 27.834225
15.838527 -10.770538
-9.525180 14.086331
-12.738189 -6.635827
-15.800000 -16.800000
7.283951 -7.419753
-13.000000 25.100000
-32.394052 -25.397770
9.124051 -3.308861
-5.925000 0.250000
-20.585691 -7.650582
277.314286 132.200000
15.545699 -2.672043
-48.748344 -32.900662
-18.510204 25.204082
-2.229167 -12.541667
-17.417323 -8.653543
16.000000 0.285714
15.439516 -6.754032
7.174377 7.932384
2.524691 -2.740741
-20.417476 13.359223
-2.452381 0.357143
-40.600000 84.400000
5.250000 -10.000000
-7.518828 -48.677824
-30.330579 -31.942149
13.892857 4.917857
-17.931298 18.198473
12.628931 28.729560
11.647059 19.705882
-10.181818 2.545455
6.789644 29.886731
-16.211180 6.838509
-10.645161 11.419355
-47.470588 -66.941176
9.724138 16.896552
5.532567 -9.570881
25.192744 31.165533
-nan -nan
-11.750000 -48.500000
6.071429 81.142857
10.463768 30.695652
-11.437500 -11.625000
5.190476 32.361905
12.461538 -10.846154
-15.200000 -7.800000
-20.888889 7.111111
21.130841 -37.523364
-85.000000 172.000000
-22.490909 47.563636
-nan -nan
10.681818 -1.636364
79.000000 78.666667
-44.705882 -58.843137
21.679842 -8.075099
-31.558140 31.139535
-6.333333 0.000000
16.250000 35.500000
9.395349 3.767442
-23.212389 -72.592920
10.462687 -25.671642
-0.637795 -11.535433
3.832278 -1.142405
1.625293 4.918033
-43.857143 4.000000
-11.069930 10.699301
6.625000 14.687500
22.068966 -22.689655
-10.065574 6.213115
18.582160 -28.258216
15.000000 -13.000000
-4.268589 -9.503794
25.500000 14.800000
-143.529412 -147.352941
-24.000000 -2.000000
-2.891566 -3.831325
-16.105263 8.012146
21.674121 -4.888179
18.000000 -33.000000
-3.419355 9.322581
-1.818182 2.939394
-8.344828 8.344828
-57.000000 47.000000
21.886700 0.906404
11.000000 -9.750000
4.677419 -48.559140
13.392405 1.848101
-353.454545 269.818182
-13.494382 16.067416
-22.791946 18.228188
-18.929487 13.493590
-4.615071 11.940937
-3.200000 29.200000
27.133858 97.637795
0.636364 -13.818182
-10.985097 5.144560
-5.065139 13.966224
10.970588 19.235294
-63.833333 0.916667
-19.076923 8.807692
16.620690 -26.413793
-52.167883 85.094891
-28.846154 11.076923
33.020460 50.718670
-7.102703 -55.081081
9571.000000 -2227.000000
-28.181818 1.454545
-18.952555 -21.416058
6.319149 9.021277
-14.825000 3.483333
-51.600000 36.960000
7.374251 -3.679641
15.028571 19.657143
-41.584615 74.676923
4.564103 -41.333333
-nan -nan
42.500000 -58.000000
-3.588235 99.941176
-2.327103 -38.757009
-0.331924 17.543340
3.713693 6.053942
7.986486 10.846847
7.058824 -22.619910
6.864865 -43.108108
171.500000 -15.000000
15.449275 3.376812
3427.000000 3171.000000
19.428571 -13.714286
45.111111 -22.555556
-9.333333 3.490196
0.400000 50.200000
-106.000000 -105.000000
8.697749 17.778135
15.904762 -13.619048
81.636364 90.636364
-18.254601 -16.180982
15.124031 26.860465
0.920000 16.640000
-6.000000 -7.000000
2.612360 -17.477528
1035.000000 -711.000000
26.241379 41.965517
-16.129032 -5.387097
-15.779412 -8.367647
18.016129 -21.058065
-3.771429 -2.265306
-11.183099 -20.436620
-16.291457 14.100503
-28.325301 9.012048
-13.545455 42.636364
33.714286 31.142857
13.526882 -14.129032
-4.666667 -39.333333
3.296296 20.802469
20.121212 -47.818182
160.000000 15.000000
-18.230769 2.076923
18.989899 -31.803030
-58.375000 146.000000
-10.585366 -12.951220
17.036855 2.697789
-0.488889 -10.644444
27.044118 9.470588
24.412451 26.918288
-6.632411 -3.146245
10.206186 7.711340
-10.500000 -4.000000
-4.324324 -10.695946
-7.480000 13.280000
-16.125000 9.416667
34.857143 41.142857
-26.531532 -28.459459
-5.147368 -7.894737
8.880000 2.760000
-17.545455 -10.272727
-5.446602 29.543689
-14.769231 20.104895
165.142857 -122.571429
-517.076923 595.000000
-14.230769 -6.384615
-2.333333 9.666667
0.133333 34.000000
-6.536585 -2.317073
67.000000 120.500000
16.925373 25.447761
50.253012 57.265060
2.404762 -248.095238
-334.000000 -1176.000000
-nan -nan
46.000000 -72.000000
-485.500000 683.000000
-14.567568 14.783784
-3.352342 -16.083503
-6.411765 -9.376471
-12.689655 -5.965517
-6.183206 1.610687
24.869565 22.260870
-18.909984 -28.414075
-120.000000 942.000000
-4.258065 5.632258
88.730061 -4.533742
6.875862 9.144828
-26.131579 -31.092105
-9.222222 2.333333
-56.800000 -55.800000
-9.147059 -69.764706
0.000000 0.000000
-13.298851 4.390805
13.687379 -38.033010
-18.244898 19.714286
21.523810 -1.142857
18.638889 -5.444444
-43.441341 -26.173184
-0.858824 11.677828
-20.000000 6.000000
28.157933 -17.180187
-30.571429 -4.428571
21.008850 -17.946903
-17.428571 -2.714286
-11.232143 -53.919643
-165.526316 24.263158
-24.387755 -19.081633
-21.686620 -18.359155
16.497854 19.721030
-13.944672 -3.747951
94.000000 87.000000
-11.194647 8.065693
-18.100000 36.833333
-667.800000 -334.000000
-11.675676 17.324324
42.933579 -25.025830
-16.113636 -4.318182
-nan -nan
-1.000000 7.000000
-31.000000 -59.000000
8.683417 10.728643
-21.895141 35.020460
64.000000 7.000000
12.522727 -5.590909
16.825243 -1.708738
-23.509843 31.978346
-17.634731 -7.368263
-4.000000 -14.000000
-12.228070 -6.035088
0.865497 -6.479532
167.021277 269.468085
0.000000 0.000000
13.608696 -27.086957
2.000000 39.000000
-13.768786 -21.878613
-63.600000 -3.400000
37.300000 20.900000
-19.009901 -12.613861
-56.350000 -52.200000
2.208092 -1.820809
6.407767 -44.527508
102.484375 19.015625
-72.840000 -15.400000
-12.161880 -6.877285
-28.300493 10.916256
34.142857 4.714286
-15.000000 -7.000000
8.258065 4.387097
8.258065 -15.516129
-26.039106 -10.162011
18.752852 22.961977
5.792793 13.108108
8.463035 7.391051
-1.769231 31.000000
4.313725 11.137255
4.000000 0.000000
4.157895 -39.684211
-18.000000 39.000000
91.812500 -29.166667
-4.578313 6.987952
-4.444444 -46.222222
-10.269231 23.728507
3.825175 -13.713287
38.517241 90.344828
-6.894737 10.315789
-8.672566 1.849558
17.812346 17.733333
-4.522968 5.773852
57.525773 158.917526
0.533333 18.733333
-7.000000 6.000000
24.093023 -49.449612
-1.909091 -2.545455
-nan -nan
-3.050000 28.087500
30.294118 57.588235
-3.780000 13.440000
80.000000 -29.000000
-19.368421 16.315789
-9.967033 -11.873626
-2.318182 3.157025
-17.720000 11.640000
-13.141844 15.886525
-7.032258 15.258065
-0.129032 -6.774194
-12.071259 -31.396675
52.400000 100.800000
105.083333 64.750000
-7.100000 -17.114286
-9.592593 -4.370370
9.120316 -6.244576
-11.000000 -4.500000
-17.032258 14.838710
-3.207182 15.279006
39.744280 14.508748
2.504950 4.811881
16.000000 -41.560000
-11.130435 -13.130435
-20.357143 7.357143
-1.530387 7.701657
4.555556 11.000000
14.897356 16.049767
-5.757895 34.178947
-19.000000 -77.000000
-1.369565 15.521739
-11.000000 -97.000000
27.960000 29.560000
-18.000000 20.941176
12.774194 6.225806
-17.500000 -33.375000
-9.880342 10.820513
-15.441860 -12.395349
3.329609 5.737430
9.145511 -12.594427
1.172805 -10.960340
-0.500000 -6.500000
75.000000 -30.666667
17.000000 18.000000
61.224000 -30.920000
0.362745 0.552288
-19.420749 16.662824
33.282051 -107.974359
-23.171260 -10.494094
-16.454545 -27.909091
1.300000 16.700000
28.083225 -12.469441
26.860215 -0.086022
341.292683 702.463415
37.352113 43.985915
-14.384444 -6.233333
20.409091 13.590909
35.181818 -10.909091
-200.000000 126.000000
11.285714 0.000000
5.900000 -18.550000
-10.005263 28.621053
-23.389610 -24.935065
16.109091 -84.327273
-0.750000 -3.000000
-22.258065 -35.032258
9.833333 14.659091
-0.019231 -0.913462
7.878628 1.282322
28.686930 0.705167
-4.251440 4.633397
-4.345679 1.274691
-78.187500 55.625000
-5.872340 19.904255
13.356164 8.739726
9.123552 6.389961
-8.003781 34.381853
-8.082215 -16.199664
0.543590 18.723077
-13.000000 22.500000
6.897196 23.495327
-50.122807 60.105263
76.333333 12.250000
8.940299 0.462687
-47.000000 -24.000000
2.000000 -29.000000
-37.873418 11.670886
-0.333333 -21.000000
21.941176 -8.000000
15.600760 -23.855513
-32.670588 -22.952941
1.666667 3.444444
-53.600000 -46.600000
-3.828571 5.600000
3.888889 39.666667
15.102493 18.656510
13.218750 11.687500
-4.422535 2.084507
5.282986 -8.710069
6.071429 -5.357143
-32.865613 7.612648
8.910112 -1.449438
26.142857 33.857143
-11.022901 1.419847
-14.423729 -34.847458
-47.201613 -4.435484
14.153846 27.230769
11.961219 16.581717
-nan -nan
22.227273 44.863636
24.628931 89.018868
71.000000 45.000000
-20.000000 -6.000000
4.125000 -19.500000
6.194805 17.480519
-21.742857 35.857143
13.473684 9.842105
24.560265 33.278146
18.073529 9.514706
-46.763359 -46.396947
-nan -nan
19.201342 -34.322148
-2.809524 -2.714286
-40.749117 -12.491166
7.535714 11.178571
-10.578313 -5.024096
-5.460674 37.719101
62.000000 147.500000
3.446903 -31.247788
4.371134 14.494845
-16.598470 -10.588910
0.000000 0.000000
-2.838710 24.281106
-nan -nan
-15.347826 -63.652174
-19.271523 15.251656
29.310345 42.241379
31.727273 130.545455
12.967742 14.774194
42.320000 -24.080000
42.693694 -12.423423
15.941176 2.470588
22.304348 2.282609
207.640000 -314.480000
-12.775061 -2.850856
35.528302 -7.132075
-3.748503 -18.718563
-12.337580 -22.732484
-6.760072 6.923903
-15.216301 -14.934169
-18.666667 25.666667
-13.791549 -31.870423
-11.000000 6.000000
-7.400000 -45.400000
-5.209302 -17.162791
-20.520433 43.739183
-7.455446 -13.920792
-35.210526 -10.894737
-13.214286 6.642857
-5.733990 9.182266
38.229508 129.360656
-11.000000 -22.600000
-365.000000 142.000000
-16.148148 -1.259259
-27.902439 32.731707
21.666667 20.955556
-7.043478 -34.043478
-45.166667 -42.000000
-25.500000 -12.833333
-1.787402 7.433071
-7.075145 5.838150
-5.000000 -1.000000
19.734139 -13.574018
6.921875 1.312500
10.534247 -15.979452
-15.501241 -5.471464
9.094340 6.811321
-0.814070 5.688442
-12.154930 5.211268
8.673077 -11.250000
91.670103 -128.288660
12.461988 0.298246
-9.828829 -19.711712
8.441860 7.930233
-7.141463 -17.443902
-18.923077 -17.461538
-21.013841 27.397924
-17.519651 19.082969
19.365517 -9.006897
30.000000 -28.000000
21.500000 -12.250000
18.067568 -4.337838
-6.534884 4.465116
0.550000 4.550000
-37.000000 1.000000
4.135593 5.474576
10.373832 0.841121
-16.379310 -36.448276
0.000000 0.000000
-4.952282 -0.510373
-5.758242 22.780220
-61.866667 71.800000
0.932203 -20.983051
5.036789 9.637681
-nan -nan
-5.572816 -2.495146
160.320000 77.300000
28.947368 15.789474
-2.894737 29.526316
-169.017857 -79.267857
2.608696 -4.130435
-2.300000 49.850000
23.428571 12.000000
-12.500000 -17.954545
12.000000 15.000000
52.000000 72.000000
53.769231 27.538462
4.000000 4.000000
33.675542 -30.591716
-23.137615 7.871560
-10.272727 -1.909091
6.460922 5.366733
-0.349206 -15.920635
31.601240 9.663223
24.481203 -28.255639
3.548148 18.081481
15.615385 -17.692308
19.121756 -46.287425
5.918919 -38.081081
-48.298507 61.432836
20.478261 -8.282609
10.061069 4.221374
23.993994 -20.840841
-16.337313 9.749254
-76.279070 -32.372093
13.210526 7.631579
-774.333333 -519.500000
