82
9 11
-1 -1 1 -1 2 35 57 -1 16 36 1 3 44 74 3 26 -1 57 74 7 14 24 3 75 16 10 7 1 10 54 10 54 7 57 11 1 32 19 57 57 75 46 7 26 16 10 3 3 3 54 24 14 10 22 1 36 7 -1 26 57 2 46 74 22 1 1 11 -1 7 57 35 19 46 14 -1 7 69 32 10 35 20 1 
-1 -1 -1 0 2 35 2 0 16 36 -1 3 44 28 3 25 0 6 28 7 54 32 3 25 64 10 2 -1 10 54 10 54 27 6 35 -1 35 81 65 57 35 30 7 25 35 10 3 3 3 54 63 65 10 27 -1 36 57 -1 26 57 2 54 10 35 -1 -1 81 0 6 10 35 19 52 53 0 4 30 30 10 35 54 -1 
1 -1 -1 -1 -1 35 -1 26 48 36 1 3 44 14 3 26 1 6 26 11 14 45 3 75 64 10 -1 1 60 54 10 43 26 6 11 1 35 81 4 4 75 46 26 26 35 6 3 3 3 54 17 14 10 17 1 36 14 1 26 14 -1 43 10 4 -1 1 11 1 6 10 35 19 46 14 1 4 43 33 10 35 26 1 
-1 0 -1 -1 2 34 2 0 48 36 27 -1 44 14 -1 26 0 6 14 11 14 32 -1 48 47 48 2 -1 14 69 46 32 27 6 11 1 20 19 4 4 20 46 7 26 16 6 -1 -1 -1 69 47 14 27 22 1 36 14 0 26 14 2 46 27 22 2 1 11 0 6 14 78 19 46 14 0 4 46 32 48 35 20 1 
2 2 -1 2 -1 63 2 75 30 63 2 3 63 14 -1 26 63 6 75 75 14 56 63 75 63 38 2 2 14 69 20 80 14 6 75 63 63 73 -1 -1 75 63 63 26 63 6 63 3 3 69 63 14 56 51 2 63 14 39 26 14 2 63 10 -1 2 38 75 63 6 14 63 75 63 14 14 -1 63 59 63 63 38 2 
35 35 35 34 63 -1 34 32 35 36 35 34 44 32 40 56 35 34 73 34 40 -1 63 21 21 23 58 32 32 23 34 21 21 34 -1 -1 35 23 25 57 -1 34 44 31 35 21 63 24 25 29 24 34 58 36 31 36 21 35 -1 77 35 31 58 35 24 35 34 44 32 45 35 34 40 21 32 34 62 58 63 35 31 31 
57 2 -1 2 2 34 -1 68 33 63 45 3 63 65 3 26 57 -1 66 68 33 45 63 45 63 45 2 2 45 54 33 45 68 -1 33 63 63 66 65 57 34 33 63 26 63 -1 63 3 3 54 17 65 45 17 45 63 57 -1 26 17 2 50 45 -1 2 -1 33 57 -1 45 63 68 50 45 65 4 33 33 63 45 65 2 
-1 0 26 0 75 32 68 -1 16 36 1 19 44 32 56 26 0 68 75 -1 54 32 3 75 16 26 -1 32 32 54 54 54 -1 54 75 1 32 19 32 57 75 37 -1 26 42 54 3 3 3 54 75 32 56 32 -1 36 -1 0 26 56 68 54 54 36 1 54 19 0 -1 54 35 19 56 32 0 -1 43 32 10 54 26 1 
16 16 48 48 30 35 33 16 -1 36 30 66 44 30 30 48 -1 53 66 66 30 24 48 48 16 48 16 30 30 54 -1 54 77 30 33 16 30 66 48 48 30 30 44 48 16 30 30 48 -1 54 24 53 30 30 30 36 16 16 77 48 30 41 30 24 24 54 -1 16 77 30 35 76 46 53 16 66 30 30 48 35 30 66 
36 36 36 36 63 36 63 36 36 -1 36 36 44 36 36 36 36 53 36 36 36 36 53 36 63 36 36 36 36 36 36 36 36 36 36 36 -1 36 36 38 36 53 36 36 36 36 63 48 36 36 63 36 55 36 36 36 36 36 36 36 36 53 36 36 36 36 36 44 36 36 36 36 40 53 36 36 36 36 63 36 36 36 
1 -1 1 27 2 35 45 1 30 36 -1 27 44 28 69 25 1 45 28 7 30 45 27 25 45 -1 2 -1 -1 62 -1 43 27 30 33 1 25 25 25 38 30 30 44 25 30 -1 30 27 25 62 72 69 -1 27 1 52 52 1 52 25 28 41 -1 78 1 1 28 1 32 -1 78 76 52 28 62 25 30 30 -1 45 25 1 
3 3 3 -1 3 34 3 19 66 36 27 -1 44 14 3 66 3 6 66 -1 14 34 3 37 47 48 3 3 66 37 34 34 19 34 -1 34 20 19 4 4 34 37 19 76 16 6 3 3 3 37 75 34 27 22 19 36 14 3 34 14 3 41 76 22 3 51 -1 3 19 14 35 19 40 14 3 34 66 34 48 35 20 37 
44 44 44 44 63 44 63 44 44 44 44 44 -1 80 80 80 44 53 80 44 80 80 63 80 44 80 80 44 44 54 44 80 44 44 44 44 44 44 80 80 80 44 44 80 -1 44 44 44 44 54 63 53 44 44 44 44 80 44 44 53 63 80 44 44 44 80 44 44 44 44 44 76 46 53 44 44 44 44 63 44 -1 80 
74 28 14 14 14 32 65 32 30 36 28 14 80 -1 -1 18 74 59 -1 32 -1 32 14 32 32 38 18 32 -1 54 20 32 -1 30 40 36 20 66 -1 38 20 30 32 18 30 28 14 14 14 54 75 14 28 30 20 36 14 39 74 14 14 32 74 14 14 38 18 74 32 14 78 32 40 14 -1 18 30 32 28 32 20 28 
3 3 3 -1 -1 40 3 56 30 36 69 3 80 -1 -1 56 3 59 13 11 -1 56 3 56 47 59 3 3 13 69 20 54 13 30 51 36 20 73 4 4 20 30 56 56 30 69 3 3 3 69 59 -1 56 51 20 36 -1 56 56 -1 -1 41 69 4 3 51 11 3 60 -1 36 76 40 -1 13 4 69 59 28 69 20 51 
26 25 26 26 26 56 26 26 48 36 25 66 80 18 56 -1 26 59 -1 26 80 56 26 25 56 -1 -1 25 18 25 25 43 18 66 75 36 25 25 25 38 75 30 26 -1 80 25 26 48 25 29 75 56 56 36 26 36 -1 56 26 25 26 43 25 36 26 38 18 26 26 25 36 76 56 18 18 18 43 58 25 43 -1 28 
-1 0 1 0 63 35 57 0 -1 36 1 3 44 74 3 26 -1 50 66 7 30 24 3 24 -1 36 7 1 10 24 8 24 7 30 35 -1 35 66 36 57 35 30 44 26 -1 24 3 24 8 29 24 14 10 30 1 36 7 0 35 57 2 50 74 24 24 1 8 0 7 57 35 19 50 24 0 7 30 30 48 35 44 1 
57 6 6 6 6 34 -1 68 53 53 45 6 53 59 59 59 50 -1 73 53 53 45 53 59 50 59 6 53 81 54 53 61 53 6 33 53 53 53 59 59 72 53 53 59 53 6 53 50 59 54 -1 53 72 -1 45 53 57 6 77 -1 6 50 76 6 6 6 33 53 6 45 53 76 50 53 65 50 50 59 63 45 53 59 
74 28 26 14 75 73 66 75 66 36 28 66 80 -1 13 -1 66 73 -1 66 13 73 60 75 73 15 15 28 -1 75 20 43 13 66 75 28 20 66 13 38 75 66 75 15 30 28 14 14 25 75 75 14 28 73 20 36 15 56 26 14 28 75 28 75 26 38 -1 74 32 14 78 76 75 -1 13 -1 66 32 28 43 15 28 
7 7 11 11 75 34 68 -1 66 36 7 -1 44 32 11 26 7 53 66 -1 54 32 11 37 16 37 7 11 81 37 41 54 7 34 11 7 32 -1 32 57 34 37 7 26 42 54 11 11 11 37 75 32 56 41 7 36 7 7 26 81 68 41 76 22 7 54 11 7 7 54 35 -1 40 37 7 7 71 32 48 54 26 37 
14 54 14 14 14 40 33 54 30 36 30 14 80 -1 -1 80 30 53 13 54 -1 32 14 36 63 36 54 14 13 54 -1 54 13 30 40 36 -1 41 13 14 -1 30 44 36 30 54 30 14 14 54 63 14 30 30 -1 36 14 54 40 14 14 41 30 36 54 54 18 44 32 14 36 76 40 14 13 40 30 30 28 36 -1 28 
24 32 45 32 56 -1 45 32 24 36 45 34 80 32 56 56 24 45 73 32 32 -1 63 -1 -1 23 32 32 32 23 45 -1 -1 34 5 5 32 23 25 57 5 37 32 31 24 -1 63 24 25 29 24 32 56 73 31 36 -1 56 5 25 56 31 29 24 24 45 37 24 32 45 35 32 40 -1 32 23 43 32 45 31 31 31 
3 3 3 -1 63 63 63 3 48 53 27 3 63 14 3 26 3 53 60 11 14 63 -1 48 63 48 3 3 60 54 53 54 27 53 11 63 53 53 63 59 20 53 63 26 63 63 3 3 3 54 63 53 27 -1 53 53 14 3 26 53 -1 53 27 -1 3 53 11 3 60 14 63 19 46 53 3 63 53 53 63 63 20 53 
75 25 75 48 75 21 45 75 48 36 25 37 80 32 56 25 24 59 75 37 36 -1 48 -1 21 -1 25 25 25 -1 25 21 21 66 75 21 25 -1 25 38 75 37 75 25 24 21 41 24 25 29 75 32 25 36 29 36 21 56 21 25 28 31 29 24 24 38 37 75 32 29 35 37 75 21 32 -1 43 32 25 31 25 37 
16 64 64 47 63 21 63 16 16 63 45 47 44 32 47 56 -1 50 73 16 63 -1 63 21 -1 23 64 32 78 23 16 21 21 63 21 16 63 23 63 63 21 61 44 31 16 21 63 -1 47 29 -1 32 56 50 31 63 21 16 21 50 63 50 76 -1 -1 63 16 16 32 45 35 76 50 21 16 50 50 32 63 31 31 31 
10 10 10 48 38 23 45 26 48 36 -1 48 80 38 59 -1 36 59 15 37 36 23 48 -1 23 -1 15 10 10 23 10 43 36 30 75 36 -1 23 -1 38 36 30 26 -1 30 10 30 48 -1 29 59 36 10 36 10 36 15 59 26 -1 28 43 10 36 10 38 18 10 36 10 36 76 52 18 36 23 43 59 10 36 15 59 
7 2 -1 2 2 58 2 -1 16 36 2 3 80 18 3 -1 7 6 15 7 54 32 3 25 64 15 -1 2 18 54 54 43 7 6 58 2 25 19 4 4 58 37 7 -1 42 6 3 3 3 54 75 32 58 17 7 58 7 2 -1 25 2 43 58 4 2 2 18 7 7 54 35 19 58 18 7 7 43 58 10 43 15 2 
1 -1 1 -1 2 32 2 32 30 36 -1 3 44 32 3 25 1 53 28 11 14 32 3 25 32 10 2 -1 10 54 10 32 -1 30 11 1 32 53 25 57 20 53 32 25 30 10 3 3 3 54 53 32 10 -1 1 36 14 1 52 53 2 53 10 22 1 1 11 1 32 10 35 19 46 53 32 32 30 32 10 35 20 1 
10 10 60 14 14 32 45 32 30 36 -1 66 44 -1 13 18 10 81 -1 81 13 32 60 25 78 10 18 10 -1 62 10 81 13 30 75 10 20 81 13 38 20 30 32 18 30 10 30 78 78 62 75 81 10 27 10 52 14 10 52 81 -1 81 10 78 10 10 18 10 60 10 78 76 52 18 13 18 30 30 -1 45 18 -1 
54 54 54 69 69 23 54 54 54 36 62 37 54 54 69 25 24 54 75 37 54 23 54 -1 23 23 54 54 62 -1 54 54 23 54 69 54 25 23 25 69 54 37 54 25 54 54 69 24 25 -1 75 69 62 54 -1 36 23 69 62 25 69 54 -1 69 54 54 37 54 54 -1 54 76 69 23 62 23 62 54 62 54 54 37 
10 10 10 46 20 34 33 54 -1 36 -1 34 44 20 20 25 8 53 20 41 -1 45 53 25 16 10 54 10 10 54 -1 54 77 -1 33 44 20 41 20 59 20 -1 44 76 -1 10 -1 46 8 54 76 53 10 -1 -1 36 20 10 77 53 20 41 10 44 10 54 8 44 77 10 44 76 46 53 20 34 -1 -1 10 44 20 10 
54 54 43 32 80 21 45 54 54 36 43 34 80 32 54 43 24 61 43 54 54 -1 54 21 21 43 43 32 81 54 54 -1 21 54 21 79 32 81 80 80 21 61 54 -1 54 21 54 24 43 54 61 81 81 54 -1 81 21 54 21 81 81 -1 54 24 24 54 76 54 32 54 79 76 61 21 32 23 43 32 81 -1 -1 -1 
7 27 26 27 14 21 68 -1 77 36 27 19 44 -1 13 18 7 53 13 7 13 -1 27 21 21 36 7 -1 13 23 77 21 -1 77 51 36 -1 19 13 38 20 53 7 26 36 21 27 24 27 29 24 -1 27 27 7 36 7 7 77 77 68 31 74 36 24 51 18 7 -1 51 36 19 40 21 -1 7 69 -1 27 31 20 51 
57 6 6 6 6 34 -1 54 30 36 30 34 44 30 30 66 30 6 66 34 30 34 53 66 63 30 6 30 30 54 -1 54 77 -1 -1 34 30 66 65 57 34 30 44 76 30 6 30 6 30 54 17 34 30 30 30 36 57 6 77 77 6 41 30 6 6 6 -1 44 6 30 35 76 40 53 65 34 30 -1 30 45 30 51 
11 35 11 11 75 -1 33 75 33 36 33 -1 44 40 51 75 35 33 75 11 40 5 11 75 21 75 58 11 75 69 33 21 51 -1 -1 5 35 19 65 75 -1 33 75 31 33 21 11 11 11 69 75 -1 58 51 33 36 21 33 5 51 51 75 58 33 11 51 11 11 33 51 35 19 40 21 51 -1 33 33 33 35 40 51 
1 -1 1 1 63 -1 63 1 16 36 1 34 44 36 36 36 -1 53 28 7 36 5 63 21 16 36 2 1 10 54 44 79 36 34 5 -1 -1 81 36 57 5 44 44 36 -1 79 63 24 16 54 63 34 10 36 1 36 21 1 5 36 2 63 10 -1 1 1 16 44 36 10 -1 76 40 21 1 34 44 36 63 -1 36 1 
32 35 35 20 63 35 63 32 30 -1 25 20 44 20 20 25 35 53 20 32 -1 32 53 25 63 -1 25 32 20 25 20 32 -1 30 35 -1 -1 25 25 38 20 53 32 25 35 25 63 48 25 29 63 32 55 -1 20 -1 20 35 35 25 20 53 25 -1 35 35 20 44 32 20 35 32 40 53 32 25 30 32 63 35 20 35 
19 81 81 19 73 23 66 19 66 36 25 19 44 66 73 25 66 53 66 -1 41 23 53 -1 23 23 19 53 81 23 41 81 19 66 19 81 25 -1 25 81 75 -1 19 25 41 23 41 19 25 29 61 81 81 41 19 81 19 81 81 81 73 41 29 46 81 81 -1 19 19 29 81 19 46 -1 19 23 66 41 81 81 81 -1 
57 65 4 4 -1 25 65 32 48 36 25 4 80 -1 4 25 36 59 13 32 13 25 63 25 63 -1 4 25 13 25 20 80 13 65 65 36 25 25 -1 -1 20 30 32 25 63 25 63 48 25 29 63 65 25 36 65 36 14 39 26 25 4 80 25 4 4 -1 18 57 32 14 36 76 40 14 13 4 43 32 25 80 -1 28 
57 57 4 4 -1 57 57 57 48 38 38 4 80 38 4 38 57 59 38 57 14 57 59 38 63 38 4 57 38 69 59 80 38 57 75 57 38 81 -1 -1 75 59 57 38 63 57 63 4 38 69 59 14 57 59 57 38 57 -1 77 -1 4 59 38 4 4 38 38 57 57 57 57 76 57 14 38 4 69 59 63 57 38 59 
75 35 75 20 75 -1 34 75 30 36 30 34 80 20 20 75 35 72 75 34 -1 5 20 75 21 36 58 20 20 54 20 21 20 34 -1 5 20 75 20 75 -1 30 75 31 30 21 72 20 20 54 72 34 72 30 20 36 20 34 5 20 20 72 58 35 24 51 34 44 75 20 35 34 -1 20 20 -1 30 30 28 35 20 51 
46 30 46 46 63 34 33 37 30 53 30 37 44 30 30 30 30 53 66 37 30 37 53 37 61 30 37 53 30 37 -1 61 53 30 33 44 53 -1 30 59 30 -1 44 61 30 30 -1 46 30 37 61 53 30 -1 30 53 30 59 77 53 53 -1 30 46 30 53 37 44 77 46 44 37 46 37 30 37 30 30 30 61 30 37 
7 7 26 7 63 44 63 -1 44 36 44 19 44 32 56 26 44 53 75 7 44 32 63 75 44 26 7 32 32 54 44 54 7 44 75 44 32 19 32 57 75 44 -1 26 -1 54 44 7 7 54 63 32 56 44 7 36 7 7 26 53 68 44 44 44 7 54 19 -1 7 54 44 19 46 32 7 7 44 32 63 44 44 7 
26 25 26 26 26 31 26 26 48 36 25 76 80 18 56 -1 26 59 15 26 36 31 26 25 31 -1 -1 25 18 25 76 -1 26 76 31 36 25 25 25 38 31 61 26 -1 76 25 76 48 25 29 76 76 25 36 31 36 15 56 26 25 26 31 76 36 26 38 76 26 26 76 36 76 76 18 76 18 -1 58 25 31 15 31 
16 35 35 16 63 35 63 42 16 36 30 16 -1 30 30 80 -1 53 30 42 30 24 63 24 16 30 42 30 30 54 -1 54 36 30 33 -1 35 41 63 63 30 30 -1 76 -1 30 30 24 16 54 63 53 30 30 30 36 42 16 35 53 63 41 30 -1 24 35 16 -1 42 30 35 76 46 53 16 42 30 30 63 35 12 35 
10 10 6 6 6 21 -1 54 30 36 -1 6 44 28 69 25 24 6 28 54 54 -1 63 21 21 10 6 10 10 54 10 21 21 6 21 79 25 23 25 57 21 30 54 25 30 -1 69 24 25 54 17 69 10 17 -1 52 21 6 21 17 6 31 10 6 6 6 33 10 6 -1 78 76 52 21 32 23 69 30 10 -1 31 10 
3 3 3 -1 63 63 63 3 30 63 30 3 44 14 3 26 3 53 14 11 30 63 3 41 63 30 3 3 30 69 -1 54 27 30 11 63 63 41 63 63 72 -1 44 76 30 69 -1 3 3 69 63 69 72 30 30 63 14 69 72 14 3 41 30 -1 3 54 11 3 63 -1 63 76 -1 14 3 63 30 30 63 63 30 41 
3 3 3 -1 3 24 3 3 48 48 27 3 44 14 3 48 24 50 14 11 14 24 3 24 -1 48 3 3 78 24 46 24 24 6 11 24 48 19 48 4 20 46 7 48 24 24 3 -1 -1 29 24 14 27 22 3 48 14 3 24 14 3 50 27 24 24 3 11 3 6 14 78 19 46 14 3 50 50 32 48 31 20 3 
3 3 3 -1 3 25 3 3 -1 36 25 3 44 14 3 25 8 59 25 11 14 25 3 25 47 -1 3 3 78 25 8 43 27 30 11 16 25 25 25 38 20 30 7 25 16 25 3 -1 -1 29 47 14 25 22 30 36 14 3 26 25 3 41 25 78 3 38 8 3 6 14 78 19 46 14 3 25 30 30 -1 35 25 59 
54 54 54 69 69 29 54 54 54 36 62 37 54 54 69 29 29 54 75 37 54 29 54 29 29 29 54 54 62 -1 54 54 29 54 69 54 29 29 29 69 54 37 54 29 54 54 69 29 29 -1 75 69 62 54 29 36 29 69 62 29 69 54 29 69 54 54 37 54 54 29 54 76 69 29 62 29 62 54 62 54 54 37 
24 63 17 47 63 24 17 75 24 63 72 75 63 75 59 75 24 -1 75 75 63 24 63 75 -1 59 75 53 75 75 76 61 24 17 75 63 63 61 63 59 72 61 63 76 63 17 63 24 47 75 -1 53 72 17 61 63 24 17 72 17 63 -1 76 -1 24 17 76 63 17 76 63 76 -1 24 76 -1 -1 59 63 61 61 59 
14 65 14 14 14 34 65 32 53 36 69 34 53 14 -1 56 14 53 14 32 14 32 53 32 32 36 32 32 81 69 53 81 -1 34 -1 34 32 81 65 14 34 53 32 76 53 69 69 14 14 69 53 -1 81 -1 65 36 14 69 34 14 14 53 69 14 65 -1 34 14 32 -1 35 76 40 14 32 34 69 32 69 69 20 -1 
10 10 10 27 56 58 45 56 30 55 -1 27 44 28 56 56 10 72 28 56 30 56 27 25 56 10 58 10 10 62 10 81 27 30 58 10 55 81 25 57 72 30 56 25 30 10 72 27 25 62 72 81 -1 27 10 -1 -1 56 -1 81 28 72 10 55 10 10 81 10 56 10 78 56 -1 56 62 56 30 58 10 45 56 -1 
22 27 17 22 51 36 17 32 30 36 27 22 44 30 51 36 30 -1 73 41 30 73 -1 36 50 36 17 -1 27 54 -1 54 27 30 51 36 -1 41 36 59 30 -1 44 36 30 17 30 22 22 54 17 -1 27 -1 30 36 51 59 77 -1 22 41 27 22 27 51 30 44 17 51 36 76 46 -1 32 50 30 30 27 36 30 51 
1 -1 1 1 2 31 45 -1 30 36 1 19 44 20 20 26 1 45 20 7 -1 31 53 29 31 10 7 1 10 -1 -1 -1 7 30 33 1 20 19 65 57 20 30 7 31 30 -1 30 3 30 29 61 65 10 30 -1 36 7 1 26 20 2 31 29 35 1 -1 30 1 7 -1 35 19 40 20 65 7 30 30 10 31 20 1 
36 36 36 36 63 36 63 36 36 36 52 36 44 36 36 36 36 53 36 36 36 36 53 36 63 36 58 36 52 36 36 81 36 36 36 36 -1 81 36 38 36 53 36 36 36 52 63 48 36 36 63 36 -1 36 36 -1 52 56 52 36 36 53 52 36 36 36 81 44 36 52 36 36 52 53 36 36 36 36 52 36 36 52 
7 57 14 14 14 21 57 -1 16 36 52 14 80 14 -1 -1 7 57 15 7 14 -1 14 21 21 15 7 14 14 23 20 21 7 57 21 21 20 19 14 57 20 30 7 15 42 21 14 14 14 29 24 14 -1 51 7 52 -1 -1 52 14 14 31 52 14 24 51 18 7 7 14 35 19 52 14 7 7 43 32 52 31 15 52 
-1 -1 1 0 39 35 -1 0 16 36 1 3 44 39 56 56 0 6 56 7 54 56 3 56 16 59 2 1 10 69 10 54 7 6 33 1 35 81 39 -1 34 59 7 56 16 6 69 3 3 69 17 69 56 59 1 56 -1 -1 56 -1 2 50 10 6 1 1 33 0 6 -1 35 76 56 56 0 7 69 59 10 35 39 1 
26 26 26 26 26 -1 26 26 77 36 52 34 44 74 56 26 35 77 26 26 40 5 26 21 21 26 -1 52 52 62 77 21 77 77 5 5 35 81 26 77 5 77 26 26 35 21 72 24 26 62 72 34 -1 77 26 52 52 56 -1 77 26 31 -1 35 26 74 76 26 77 52 35 76 52 21 62 26 62 -1 52 35 26 52 
57 57 14 14 14 77 17 56 48 36 25 14 53 14 -1 25 57 -1 14 81 14 25 53 25 50 -1 25 53 81 25 53 81 77 77 51 36 25 81 25 -1 20 53 53 25 53 17 14 14 25 29 17 14 81 -1 20 36 14 -1 77 -1 14 50 25 14 57 17 77 57 77 14 36 76 50 14 14 14 43 -1 25 81 20 -1 
2 2 -1 2 2 35 2 68 30 36 28 3 63 14 -1 26 2 6 28 68 14 56 -1 28 63 28 2 2 -1 69 20 81 68 6 51 2 20 73 4 4 20 53 68 26 63 6 3 3 3 69 63 14 28 22 2 36 14 2 26 14 -1 53 28 22 2 2 28 2 -1 14 78 68 40 14 14 4 69 68 28 35 20 28 
46 54 43 46 63 31 50 54 41 53 41 41 80 32 41 43 50 50 75 41 41 31 53 31 50 43 43 53 81 54 41 -1 31 41 75 63 53 41 80 59 72 -1 44 31 41 31 41 50 41 54 -1 53 72 41 31 53 31 50 31 50 53 -1 76 50 50 54 41 44 32 46 63 76 50 31 32 50 50 41 63 31 31 31 
74 10 10 27 10 58 45 54 30 36 -1 76 44 74 69 25 74 76 28 76 30 29 27 29 76 10 58 10 10 -1 10 54 74 30 58 10 25 29 25 38 58 30 44 76 30 10 30 27 25 29 76 69 10 27 29 52 52 10 -1 25 28 76 -1 76 10 74 76 74 74 10 78 76 52 28 -1 29 -1 58 10 45 25 10 
22 35 4 22 -1 35 -1 36 24 36 78 22 44 14 4 36 24 6 75 22 36 24 -1 24 -1 36 4 22 78 69 44 24 36 6 33 -1 -1 46 4 4 35 46 44 36 -1 6 -1 24 78 69 -1 14 55 22 35 36 14 6 35 14 22 50 76 -1 24 6 33 44 6 46 35 76 46 14 36 4 50 33 -1 35 36 35 
1 -1 -1 2 2 24 2 1 24 36 1 3 44 14 3 26 24 6 26 7 54 24 3 24 -1 10 2 1 10 54 10 24 24 6 11 1 35 81 4 4 24 30 7 26 24 6 3 24 3 54 24 65 10 27 1 36 24 1 26 57 2 50 10 24 -1 1 11 1 6 10 35 76 50 24 1 4 50 30 10 35 26 1 
1 -1 1 1 38 35 -1 54 54 36 1 51 80 38 51 38 1 6 38 54 54 45 53 38 63 38 2 1 10 54 54 54 51 6 51 1 35 81 -1 38 51 53 54 38 35 6 54 3 38 54 17 -1 10 51 -1 36 51 1 74 17 2 54 74 6 1 -1 33 1 6 51 35 54 50 51 -1 38 54 33 10 35 38 1 
11 81 11 11 75 34 33 19 -1 36 28 -1 44 18 11 18 8 33 -1 11 18 37 11 37 16 18 18 11 18 37 8 76 18 -1 11 16 20 -1 18 38 34 37 19 76 16 33 11 11 8 37 76 34 81 30 30 81 18 33 76 77 28 41 76 33 11 33 -1 11 33 76 35 76 76 18 18 18 -1 33 28 35 18 37 
-1 0 1 0 63 44 57 0 16 44 1 3 44 74 3 26 0 53 74 7 44 24 3 75 16 10 7 1 10 54 44 54 7 44 11 44 44 19 57 57 44 44 -1 26 -1 10 3 3 3 54 63 14 10 44 1 44 7 0 26 57 2 44 74 44 1 1 11 -1 7 57 44 19 46 14 0 7 44 44 63 44 44 1 
7 6 6 6 6 32 -1 -1 77 36 32 19 44 32 60 26 7 6 32 7 32 32 60 32 32 36 7 32 60 54 77 32 -1 6 33 36 32 19 32 57 75 77 7 26 42 6 63 6 6 54 17 32 56 17 7 36 7 6 77 77 -1 32 74 6 6 6 33 7 -1 45 36 19 50 32 32 7 77 -1 60 45 26 51 
57 10 10 14 14 45 45 54 30 36 -1 14 44 14 -1 25 57 45 14 54 14 45 14 29 45 10 54 10 10 -1 10 54 51 30 51 10 20 29 14 57 20 46 54 76 30 -1 -1 14 14 29 76 -1 10 51 -1 52 14 -1 52 14 14 46 10 46 10 51 76 57 45 -1 78 76 46 14 14 14 -1 30 10 45 20 51 
35 35 35 78 63 35 63 35 35 36 78 35 44 78 36 36 35 53 78 35 36 35 63 35 35 36 35 35 78 54 44 79 36 35 35 -1 35 81 36 57 35 44 44 36 35 78 63 78 78 54 63 35 78 36 35 36 35 35 35 36 78 63 78 35 35 35 35 44 36 78 -1 76 40 35 35 35 44 36 -1 35 36 35 
19 19 19 19 75 34 68 19 76 36 76 19 76 32 76 76 19 76 76 -1 76 32 19 37 76 76 19 19 76 76 76 76 19 76 19 76 32 19 76 76 34 37 19 76 76 76 76 19 19 76 76 76 56 76 19 36 19 76 76 76 68 76 76 76 76 54 76 19 19 76 76 -1 76 37 76 19 -1 76 76 76 76 37 
46 52 46 46 63 40 50 56 46 40 52 40 46 40 40 56 50 50 75 40 40 40 46 75 50 52 58 46 52 69 46 61 40 40 40 40 40 46 40 57 -1 46 46 76 46 52 -1 46 46 69 -1 40 -1 46 40 52 52 56 52 50 40 50 52 46 50 50 76 46 50 46 40 76 -1 40 40 40 50 46 52 40 40 52 
14 53 14 14 14 21 45 32 53 53 28 14 53 14 -1 18 24 53 -1 37 14 -1 53 21 21 18 18 53 18 23 53 21 21 53 21 21 53 -1 14 14 20 37 32 18 53 21 14 14 14 29 24 14 56 -1 20 53 14 56 21 14 14 31 28 14 24 51 18 14 32 14 35 37 40 -1 14 18 53 32 28 31 18 37 
-1 0 1 0 14 32 65 0 16 36 62 3 44 -1 13 18 0 65 13 7 13 32 3 32 16 36 7 32 13 62 20 32 -1 65 51 1 32 19 13 38 20 30 7 76 16 32 3 3 3 62 76 32 62 32 65 36 7 0 62 14 14 32 -1 36 1 -1 18 0 32 14 35 76 40 14 -1 7 62 32 28 32 20 1 
7 4 4 4 -1 34 4 -1 66 36 25 34 44 18 4 18 7 50 -1 7 40 23 63 -1 50 23 7 32 18 23 34 23 7 34 -1 34 25 23 4 4 -1 37 7 18 42 23 63 50 25 29 -1 34 56 50 7 36 7 7 26 14 4 50 29 4 4 38 18 7 7 14 35 19 40 18 7 -1 50 32 28 31 18 28 
69 30 43 46 63 62 33 43 30 36 30 66 44 30 69 43 30 50 66 71 30 43 53 43 50 43 43 30 30 62 -1 43 69 30 33 44 30 66 43 69 30 30 44 -1 30 69 30 50 30 62 -1 69 30 30 30 36 43 69 62 43 69 50 -1 50 50 54 -1 44 77 -1 44 -1 50 53 62 50 -1 30 30 43 30 43 
32 30 33 32 59 58 33 32 30 36 30 34 44 32 59 58 30 59 32 32 30 32 53 32 32 59 58 32 30 54 -1 32 -1 -1 33 36 32 41 32 59 30 30 32 58 30 30 30 32 30 54 59 32 58 30 30 36 32 59 -1 -1 68 41 58 33 30 33 33 44 -1 30 36 76 46 32 32 32 30 -1 30 32 30 59 
10 10 10 48 63 63 63 10 48 63 -1 48 63 28 28 25 48 63 28 48 28 45 63 25 63 10 10 10 -1 62 10 81 27 30 33 63 63 81 25 63 28 30 63 25 63 10 63 48 -1 62 63 69 10 27 10 52 52 10 52 25 28 63 10 -1 10 10 28 63 60 10 -1 76 52 28 28 28 30 30 -1 45 25 28 
35 35 35 35 63 35 45 54 35 36 45 35 44 32 69 43 35 45 43 54 36 31 63 31 31 36 43 35 45 54 44 -1 31 45 35 -1 35 81 80 57 35 61 44 31 35 -1 63 31 35 54 61 69 45 36 31 36 31 35 35 81 35 31 45 35 35 35 35 44 45 45 35 76 40 31 32 31 43 32 45 -1 31 31 
20 54 26 20 38 31 65 26 30 36 25 20 -1 20 20 -1 44 53 15 26 -1 31 20 25 31 15 15 20 18 54 20 -1 20 30 40 36 20 81 -1 38 20 30 44 15 12 31 30 20 25 54 61 20 56 30 20 36 15 39 26 20 20 31 25 36 26 38 18 44 26 20 36 76 40 18 20 18 30 30 25 31 -1 31 
1 -1 1 1 2 31 2 1 66 36 1 37 80 28 51 28 1 59 28 37 28 31 53 37 31 59 2 1 -1 37 10 -1 51 51 51 1 35 -1 28 59 51 37 7 31 35 10 41 3 59 37 59 -1 -1 51 1 52 52 1 52 -1 28 31 10 35 1 1 37 1 51 51 35 37 52 37 1 28 43 59 28 31 31 -1 
