21
0 1
-1 11 10 9 14 11 14 9 14 -1 9 9 9 11 -1 9 9 9 9 9 10 
11 -1 15 18 6 11 -1 17 -1 11 18 -1 17 -1 6 6 6 -1 -1 11 -1 
10 15 -1 10 15 16 15 16 15 10 -1 16 10 16 15 -1 -1 16 10 15 10 
9 18 10 -1 -1 11 4 -1 14 -1 9 4 -1 11 4 4 7 4 -1 7 6 
14 6 15 -1 -1 11 -1 3 14 3 15 -1 3 11 -1 -1 6 -1 3 14 6 
11 11 16 11 11 -1 16 16 11 11 16 -1 16 11 11 20 -1 16 11 11 -1 
14 -1 15 4 -1 16 -1 16 1 15 15 1 4 1 -1 -1 -1 1 1 14 -1 
9 17 16 -1 3 16 16 -1 17 -1 9 9 -1 11 19 9 -1 -1 -1 -1 10 
14 -1 15 14 14 11 1 17 -1 11 15 1 17 1 -1 14 17 -1 1 14 1 
-1 11 10 -1 3 11 15 -1 11 -1 -1 -1 3 11 0 -1 7 7 3 -1 10 
9 18 -1 9 15 16 15 9 15 -1 -1 9 -1 20 15 -1 -1 16 -1 9 -1 
9 -1 16 4 -1 -1 1 9 1 -1 9 -1 4 -1 4 4 -1 1 1 9 1 
9 17 10 -1 3 16 4 -1 17 3 -1 4 -1 20 4 10 7 7 3 7 10 
11 -1 16 11 11 11 1 11 1 11 20 -1 20 -1 6 20 11 1 1 11 -1 
-1 6 15 4 -1 11 -1 19 -1 0 15 4 4 6 -1 -1 6 4 4 -1 6 
9 6 -1 4 -1 20 -1 9 14 -1 -1 4 10 20 -1 -1 2 4 10 -1 -1 
9 6 -1 7 6 -1 -1 -1 17 7 -1 -1 7 11 6 2 -1 -1 7 7 5 
9 -1 16 4 -1 16 1 -1 -1 7 16 1 7 1 4 4 -1 -1 1 7 1 
9 -1 10 -1 3 11 1 -1 1 3 -1 1 3 1 4 10 7 1 -1 7 1 
9 11 15 7 14 11 14 -1 14 -1 9 9 7 11 -1 -1 7 7 7 -1 15 
10 -1 10 6 6 -1 -1 10 1 10 -1 1 10 -1 6 -1 5 1 1 15 -1 
