53
0 1
-1 21 37 -1 18 48 40 21 40 40 40 18 18 -1 50 40 40 43 13 40 48 13 37 40 40 18 43 40 40 43 18 40 48 48 48 48 40 3 44 -1 -1 48 40 40 3 13 40 40 -1 48 39 40 13 
21 -1 25 37 25 30 38 -1 38 38 25 16 25 21 -1 51 14 7 25 51 26 7 17 52 51 -1 25 49 25 25 -1 7 30 7 38 30 30 25 -1 50 36 16 14 17 38 7 25 30 30 7 14 -1 38 
37 25 -1 37 25 36 8 17 -1 8 36 9 8 52 17 36 36 8 25 41 26 25 37 41 51 -1 25 41 41 25 36 51 41 25 41 36 -1 -1 8 52 36 -1 9 -1 29 43 25 36 9 41 36 -1 -1 
-1 37 37 -1 37 48 37 21 37 40 37 44 18 0 44 44 44 37 13 40 37 13 37 52 40 37 37 37 37 44 37 40 41 48 44 37 37 -1 44 0 0 37 44 37 -1 13 37 40 0 48 37 37 37 
18 25 25 37 -1 18 17 17 17 17 18 18 18 18 17 17 17 -1 -1 24 33 -1 17 18 18 -1 25 18 18 -1 18 17 41 -1 -1 22 50 25 34 50 18 34 17 17 29 34 25 18 33 17 -1 -1 51 
48 30 36 48 18 -1 49 31 11 11 11 -1 11 18 16 36 11 31 11 20 11 31 35 11 31 18 16 49 11 43 -1 -1 -1 48 11 -1 30 35 30 48 47 32 30 35 16 31 31 -1 -1 -1 11 30 36 
40 38 8 37 17 49 -1 17 -1 8 27 9 8 18 17 17 41 8 12 41 11 17 17 27 18 8 41 -1 27 17 18 17 41 17 17 9 8 8 8 50 9 27 9 8 38 38 25 27 9 27 27 8 8 
21 -1 17 21 17 31 17 -1 17 17 45 31 17 21 1 17 14 -1 17 31 33 -1 17 41 31 1 25 49 31 17 1 -1 31 -1 17 22 17 22 1 21 45 34 45 17 17 -1 33 31 33 -1 14 1 21 
40 38 -1 37 17 11 -1 17 -1 -1 12 9 -1 18 17 17 11 -1 12 41 11 17 17 12 18 2 25 6 12 17 18 17 41 17 17 9 2 2 -1 52 9 2 9 2 38 38 25 12 9 17 11 2 2 
40 38 8 40 17 11 8 17 -1 -1 11 -1 8 18 42 42 11 8 11 20 11 17 35 11 40 8 16 8 11 17 42 11 11 48 11 -1 35 8 8 40 -1 8 -1 35 16 40 40 40 -1 11 11 8 8 
40 25 36 37 18 11 27 45 12 11 -1 -1 -1 18 50 36 11 12 -1 28 11 18 50 -1 18 18 16 -1 -1 18 18 11 11 18 11 36 -1 36 12 50 -1 23 11 12 16 40 24 -1 11 27 -1 18 23 
18 16 9 44 18 -1 9 31 9 -1 -1 -1 10 18 16 34 -1 34 -1 20 -1 18 50 10 18 18 16 10 10 18 5 5 5 20 -1 5 10 25 34 50 9 16 9 50 16 34 24 5 5 5 -1 18 18 
18 25 8 18 18 11 8 17 -1 8 -1 10 -1 18 17 17 11 8 -1 24 11 18 17 10 18 18 43 10 10 43 18 24 11 18 11 43 10 8 8 50 10 8 9 -1 38 43 24 10 9 27 10 8 8 
-1 21 52 0 18 18 18 21 18 18 18 18 18 -1 45 45 18 18 -1 24 18 -1 52 52 18 18 25 18 18 18 18 21 18 18 45 45 52 52 45 0 0 45 45 45 3 -1 24 18 0 21 18 52 -1 
50 -1 17 44 17 16 17 1 17 42 50 16 17 45 -1 17 -1 -1 16 41 42 7 17 41 51 1 16 41 41 17 1 7 41 7 17 22 16 22 1 50 36 16 -1 17 16 42 25 50 34 7 -1 1 36 
40 51 36 44 17 36 17 17 17 42 36 34 17 45 17 -1 36 -1 17 42 42 17 17 36 51 29 29 36 36 -1 36 17 36 17 17 36 -1 36 44 50 36 34 -1 17 -1 42 29 36 34 17 36 -1 36 
40 14 36 44 17 11 41 14 11 11 11 -1 11 18 -1 36 -1 14 11 41 11 14 17 41 18 26 -1 41 41 44 36 11 41 20 11 36 -1 36 44 50 36 -1 14 26 -1 34 26 11 11 11 11 14 36 
43 7 8 37 -1 31 8 -1 -1 8 12 34 8 18 -1 -1 14 -1 4 41 33 4 -1 41 18 4 43 8 41 -1 7 7 41 4 -1 22 15 22 8 50 43 34 14 -1 15 7 25 43 34 7 4 4 8 
13 25 25 13 -1 11 12 17 12 11 -1 -1 -1 -1 16 17 11 4 -1 24 11 4 17 10 -1 -1 25 10 10 4 -1 24 11 4 4 11 10 25 12 13 10 16 30 12 16 13 24 10 11 11 4 4 13 
40 51 41 40 24 20 41 31 41 20 28 20 24 24 41 42 41 41 24 -1 -1 24 41 41 -1 24 20 41 -1 51 24 24 41 20 41 20 28 41 41 40 24 -1 20 26 41 40 24 28 33 41 20 24 41 
48 26 26 37 33 11 11 33 11 11 11 -1 11 18 42 42 11 33 11 -1 -1 33 50 11 19 26 -1 11 19 26 42 11 11 -1 11 11 11 26 34 50 11 19 -1 26 16 42 33 11 33 11 11 24 18 
13 7 25 13 -1 31 17 -1 17 17 18 18 18 -1 7 17 14 4 4 24 33 -1 17 52 18 4 25 49 18 4 7 7 31 4 4 22 50 25 7 13 13 34 45 17 29 7 25 18 13 7 4 4 13 
37 17 37 37 17 35 17 17 17 35 50 50 17 52 17 17 17 -1 17 41 50 17 -1 50 18 37 37 50 50 17 35 17 35 17 17 -1 35 -1 17 50 35 34 17 17 17 17 37 35 35 17 -1 17 37 
40 52 41 52 18 11 27 41 12 11 -1 10 10 52 41 36 41 41 10 41 11 52 50 -1 18 18 41 10 10 52 18 11 41 18 41 36 10 52 52 52 10 -1 11 12 41 40 24 10 41 27 10 52 -1 
40 51 51 40 18 31 18 31 18 40 18 18 18 18 51 51 18 18 -1 -1 19 18 18 18 -1 18 20 18 19 51 18 -1 31 46 18 31 40 25 45 40 -1 19 20 40 51 40 -1 40 31 31 18 -1 51 
18 -1 -1 37 -1 18 8 1 2 8 18 18 18 18 1 29 26 4 -1 24 26 4 37 18 18 -1 -1 18 18 -1 1 7 41 4 4 36 2 -1 1 50 18 2 14 2 29 7 -1 18 33 7 4 1 2 
43 25 25 37 25 16 41 25 25 16 16 16 43 25 16 29 -1 43 25 20 -1 25 37 41 20 -1 -1 41 41 25 25 16 41 20 41 43 16 25 25 50 43 -1 20 -1 16 43 25 43 33 41 43 25 25 
40 49 41 37 18 49 -1 49 6 8 -1 10 10 18 41 36 41 8 10 41 11 49 50 10 18 18 41 -1 10 17 18 49 41 49 41 36 10 36 8 50 10 -1 9 12 41 40 24 10 41 -1 10 41 23 
40 25 41 37 18 11 27 31 12 11 -1 10 10 18 41 36 41 41 10 -1 19 18 50 10 19 18 41 10 -1 18 18 24 41 20 41 36 10 36 41 50 10 -1 20 12 41 40 24 10 41 27 10 24 23 
43 25 25 44 -1 43 17 17 17 17 18 18 43 18 17 -1 44 -1 4 51 26 4 17 52 51 -1 25 17 18 -1 18 17 41 4 4 43 15 25 44 50 43 25 15 -1 -1 43 25 43 33 17 4 -1 51 
18 -1 36 37 18 -1 18 1 18 42 18 5 18 18 1 36 36 7 -1 24 42 7 35 18 18 1 25 18 18 18 -1 5 5 7 11 5 -1 36 1 50 36 32 -1 18 36 42 24 5 5 5 36 1 36 
40 7 51 40 17 -1 17 -1 17 11 11 5 24 21 7 17 11 7 24 24 11 7 17 11 -1 7 16 49 24 17 5 -1 5 7 11 5 30 22 7 40 24 24 30 17 16 7 24 5 5 5 11 24 51 
48 30 41 41 41 -1 41 31 41 11 11 5 11 18 41 36 41 41 11 41 11 31 35 41 31 41 41 41 41 41 5 5 -1 48 41 5 30 41 41 48 47 -1 30 35 41 41 31 5 5 5 11 41 41 
48 7 25 48 -1 48 17 -1 17 48 18 20 18 18 7 17 20 4 4 20 -1 4 17 18 46 4 20 49 20 4 7 7 48 -1 4 48 48 25 7 48 45 20 20 17 29 7 -1 48 -1 7 4 4 51 
48 38 41 44 -1 11 17 17 17 11 11 -1 11 45 17 17 11 -1 4 41 11 4 17 41 18 4 41 41 41 4 11 11 41 4 -1 48 11 22 -1 48 45 -1 45 17 38 -1 25 11 -1 11 4 4 38 
48 30 36 37 22 -1 9 22 9 -1 36 5 43 45 22 36 36 22 11 20 11 22 -1 36 31 36 43 36 36 43 5 5 5 48 48 -1 -1 22 9 48 9 32 9 -1 36 43 48 5 -1 5 22 36 36 
40 30 -1 37 50 30 8 17 2 35 -1 10 10 52 16 -1 -1 15 10 28 11 50 35 10 40 2 16 10 10 15 -1 30 30 48 11 -1 -1 -1 52 50 -1 2 15 2 15 40 25 10 35 27 -1 2 -1 
3 25 -1 -1 25 35 8 22 2 8 36 25 8 52 22 36 36 22 25 41 26 25 -1 52 25 -1 25 36 36 25 36 22 41 25 22 22 -1 -1 52 52 36 2 36 2 3 40 25 36 3 22 22 2 -1 
44 -1 8 44 34 30 8 1 -1 8 12 34 8 45 1 44 44 8 12 41 34 7 17 52 45 1 25 8 41 44 1 7 41 7 -1 9 52 52 -1 52 45 34 45 45 -1 -1 25 45 34 7 14 1 -1 
-1 50 52 0 50 48 50 21 52 40 50 50 50 0 50 50 50 50 13 40 50 13 50 52 40 50 50 50 50 50 50 40 48 48 48 48 50 52 52 -1 0 52 50 50 3 13 40 40 0 48 -1 52 -1 
-1 36 36 0 18 47 9 45 9 -1 -1 9 10 0 36 36 36 43 10 24 11 13 35 10 -1 18 43 10 10 43 36 24 47 45 45 9 -1 36 45 0 -1 23 9 -1 3 -1 24 -1 0 27 10 24 36 
48 16 -1 37 34 32 27 34 2 8 23 16 8 45 16 34 -1 34 16 -1 19 34 34 -1 19 2 -1 -1 -1 25 32 24 -1 20 -1 32 2 2 34 52 23 -1 16 2 16 34 24 23 34 27 16 2 2 
40 14 9 44 17 30 9 45 9 -1 11 9 9 45 -1 -1 14 14 30 20 -1 45 17 11 20 14 20 9 20 15 -1 30 30 20 45 9 15 36 45 50 9 16 -1 45 15 -1 33 30 9 30 14 15 36 
40 17 -1 37 17 35 8 17 2 35 12 50 -1 45 17 17 26 -1 12 26 26 17 17 12 40 2 -1 12 12 -1 18 17 35 17 17 -1 2 2 45 50 -1 2 45 -1 29 -1 25 40 35 17 -1 2 2 
3 38 29 -1 29 16 38 17 38 16 16 16 38 3 16 -1 -1 15 16 41 16 29 17 41 51 29 16 41 41 -1 36 16 41 29 38 36 15 3 -1 3 3 16 15 29 -1 38 29 16 3 16 16 15 38 
13 7 43 13 34 31 38 -1 38 40 40 34 43 -1 42 42 34 7 13 40 42 7 17 40 40 7 43 40 40 43 42 7 41 7 -1 43 40 40 -1 13 -1 34 -1 -1 38 -1 33 40 34 7 43 7 13 
40 25 25 37 25 31 25 33 25 40 24 24 24 24 25 29 26 25 24 24 33 25 37 24 -1 -1 25 24 24 25 24 24 31 -1 25 48 25 25 25 40 24 24 33 25 29 33 -1 40 33 33 25 24 25 
40 30 36 40 18 -1 27 31 12 40 -1 5 10 18 50 36 11 43 10 28 11 18 35 10 40 18 43 10 10 43 5 5 5 48 11 5 10 36 45 40 -1 23 30 40 16 40 40 -1 5 5 10 40 23 
-1 30 9 0 33 -1 9 33 9 -1 11 5 9 0 34 34 11 34 11 33 33 13 35 41 31 33 33 41 41 33 5 5 5 -1 -1 -1 35 3 34 0 0 34 9 35 3 34 33 5 -1 5 11 33 13 
48 7 41 48 17 -1 27 -1 17 11 27 5 27 21 7 17 11 7 11 41 11 7 17 27 31 7 41 -1 27 17 5 5 5 7 11 5 27 22 7 48 27 27 30 17 16 7 33 5 5 -1 11 7 21 
39 14 36 37 -1 11 27 14 11 11 -1 -1 10 18 -1 36 11 4 4 20 11 4 -1 10 18 4 43 10 10 4 36 11 11 4 4 22 -1 22 14 -1 10 16 14 -1 16 43 25 10 11 11 -1 4 36 
40 -1 -1 37 -1 30 8 1 2 8 18 18 8 52 1 -1 14 4 4 24 24 4 17 52 -1 1 25 41 24 -1 1 24 41 4 4 36 2 2 1 52 24 2 15 2 15 7 24 40 33 7 4 -1 -1 
13 38 -1 37 51 36 8 21 2 8 23 18 8 -1 36 36 36 8 13 41 18 13 37 -1 51 2 25 23 23 51 36 51 41 51 38 36 -1 -1 -1 -1 36 2 36 2 38 13 25 23 13 21 36 -1 -1 
