71
6 53
-1 38 41 41 47 7 41 -1 27 7 41 41 41 48 58 44 41 7 67 41 41 57 17 27 63 50 41 17 41 33 59 41 47 7 27 58 47 41 7 58 41 -1 33 22 41 47 41 41 41 41 7 41 41 41 7 41 47 7 41 41 17 41 17 57 41 41 59 58 58 41 33 
38 -1 64 10 47 38 25 38 10 27 -1 10 52 52 35 44 45 27 56 38 11 38 32 56 25 -1 64 10 32 11 45 45 -1 29 10 -1 56 11 -1 45 45 11 35 35 10 -1 35 32 29 50 25 32 38 32 10 50 -1 38 68 11 27 32 56 25 -1 11 35 25 -1 10 10 
41 64 -1 26 47 26 26 42 69 26 26 26 40 52 42 49 65 60 67 26 26 26 60 64 55 55 -1 26 26 26 40 26 67 42 49 42 26 55 52 55 -1 26 -1 55 26 40 40 26 29 26 55 42 42 40 65 -1 42 60 26 26 -1 40 65 42 26 -1 40 55 51 26 40 
41 10 26 -1 47 54 19 27 10 27 -1 10 61 34 56 44 44 27 56 11 11 20 32 56 25 10 11 10 32 11 44 11 -1 29 10 10 56 11 10 56 44 11 56 32 10 10 20 32 29 61 11 32 38 32 10 67 -1 27 56 11 27 32 56 32 10 11 56 32 10 10 10 
47 47 47 47 -1 47 47 47 47 47 47 47 47 48 66 47 47 66 56 47 47 66 47 66 66 47 47 47 47 66 66 47 47 47 47 66 47 47 47 47 66 47 66 47 47 47 66 -1 47 47 47 47 66 47 47 47 47 66 47 66 66 47 66 66 47 47 -1 47 47 47 47 
7 38 26 54 47 -1 19 -1 27 -1 54 50 33 52 58 50 65 7 67 9 38 38 17 27 50 50 9 9 50 33 52 50 27 7 27 38 9 50 -1 36 26 7 33 50 50 19 38 36 33 50 -1 50 38 22 -1 50 36 7 9 50 17 50 17 19 26 54 33 54 38 50 33 
41 25 26 19 47 19 -1 19 19 19 19 19 41 52 58 67 45 27 67 -1 19 38 29 27 25 -1 19 19 19 19 45 19 25 29 27 25 19 19 19 58 45 19 50 50 19 19 20 19 29 50 19 20 38 29 19 50 25 38 19 19 69 45 59 19 25 19 29 25 25 19 19 
-1 38 42 27 47 -1 19 -1 27 5 27 33 33 34 42 44 37 -1 67 9 33 57 17 27 63 50 9 17 63 33 39 50 22 -1 27 38 9 33 5 33 33 0 33 22 33 19 33 41 33 42 5 32 33 22 5 42 27 -1 9 41 17 33 17 57 26 42 33 54 22 50 33 
27 10 69 10 47 27 19 27 -1 27 -1 10 70 34 69 44 44 27 56 11 11 44 27 -1 63 10 69 -1 -1 44 44 11 27 70 -1 10 27 11 10 44 44 11 49 54 -1 10 44 11 34 34 69 69 34 34 10 69 23 27 27 11 69 32 23 28 10 11 44 32 10 -1 -1 
7 27 26 27 47 -1 19 5 27 -1 27 19 58 34 58 49 45 27 56 -1 19 58 27 27 63 19 -1 -1 19 36 39 19 27 7 27 58 -1 19 5 36 26 58 26 50 19 19 20 36 36 26 5 32 38 34 5 26 36 7 -1 19 26 32 27 19 26 19 36 58 58 26 27 
41 -1 26 -1 47 54 19 27 -1 27 -1 -1 41 34 35 44 44 27 56 11 11 20 27 8 25 1 11 -1 8 11 44 11 1 29 8 1 27 11 1 29 44 11 65 54 -1 1 20 11 29 26 11 20 38 34 -1 37 1 27 19 11 27 32 23 19 -1 11 29 54 1 8 8 
41 10 26 10 47 50 19 33 10 19 -1 -1 41 48 69 44 37 27 67 -1 -1 20 29 10 50 50 -1 10 -1 -1 44 -1 28 29 10 10 29 -1 19 29 26 -1 65 50 -1 19 20 -1 29 26 -1 20 38 29 10 37 10 21 19 -1 69 32 59 19 10 -1 29 20 10 -1 10 
41 52 40 61 47 33 41 33 70 58 41 41 -1 52 42 61 61 33 61 41 33 33 53 61 63 50 40 53 41 33 40 41 61 -1 53 42 33 33 52 33 -1 -1 33 53 33 61 40 41 41 61 41 61 -1 -1 33 40 61 33 41 41 40 -1 33 61 61 40 33 58 53 41 -1 
48 52 52 34 48 52 52 34 34 34 34 48 52 -1 52 49 44 34 56 52 48 48 48 34 50 50 49 34 34 48 52 48 34 48 -1 52 48 48 52 48 52 48 52 48 34 52 52 48 -1 34 49 34 -1 34 34 52 34 52 48 48 34 49 34 34 34 52 48 34 48 34 34 
58 35 42 56 66 58 58 42 69 58 35 69 42 52 -1 49 65 63 56 58 51 58 43 56 63 35 69 51 63 66 66 51 51 42 49 -1 56 55 35 58 42 58 -1 35 66 35 35 51 58 42 69 -1 42 42 43 42 -1 63 -1 66 69 56 66 -1 56 42 -1 58 51 -1 42 
44 44 49 44 47 50 67 44 44 49 44 44 61 49 49 -1 44 44 67 44 67 44 44 44 67 67 49 44 44 44 44 44 67 44 49 44 44 44 44 49 44 44 49 50 -1 44 44 44 44 -1 49 67 44 49 67 67 61 44 67 44 49 49 44 61 44 44 44 -1 67 44 44 
41 45 65 44 47 65 45 37 44 45 44 37 61 44 65 44 -1 65 56 45 37 37 37 44 45 45 37 44 37 37 44 45 45 37 44 45 37 -1 45 37 44 37 65 65 -1 -1 44 45 37 44 37 45 44 37 65 37 45 37 45 37 65 45 65 45 44 -1 37 44 45 37 44 
7 27 60 27 66 7 27 -1 27 27 27 27 33 34 63 44 65 -1 56 27 29 57 -1 27 63 27 27 -1 27 22 62 27 22 7 27 43 27 29 57 29 60 7 33 22 27 27 29 32 29 34 7 32 57 22 7 60 27 -1 27 62 -1 32 -1 57 27 62 62 32 22 60 27 
67 56 67 56 56 67 67 67 56 56 56 67 61 56 56 67 56 56 -1 67 67 67 67 56 67 67 64 56 67 56 56 56 67 56 56 56 56 67 56 56 61 67 56 67 67 56 67 56 56 61 67 56 56 61 67 67 -1 56 67 62 67 56 56 56 56 67 56 -1 56 56 56 
41 38 26 11 47 9 -1 9 11 -1 11 -1 41 52 58 44 45 27 67 -1 11 38 29 27 63 6 9 9 11 11 45 11 27 29 27 38 9 11 -1 58 45 11 50 50 11 -1 20 11 29 50 -1 20 38 29 -1 50 36 38 -1 11 69 45 59 -1 11 11 29 54 58 11 11 
41 11 26 11 47 38 19 33 11 19 11 -1 33 48 51 67 37 29 67 11 -1 -1 29 11 67 67 11 11 11 -1 46 11 51 29 11 46 29 11 21 29 46 11 33 29 11 19 -1 11 29 26 11 -1 38 29 67 67 36 21 21 11 69 51 33 19 11 11 29 -1 51 11 33 
57 38 26 20 66 38 38 57 44 58 20 20 33 48 58 44 37 57 67 38 -1 -1 29 44 63 38 20 57 20 -1 39 20 29 29 44 38 29 29 -1 29 33 58 33 29 29 38 20 20 29 39 20 20 38 29 38 37 36 -1 -1 20 57 63 33 57 38 20 29 20 58 20 33 
17 32 60 32 47 17 29 17 27 27 27 29 53 48 43 44 37 -1 67 29 29 29 -1 27 32 32 29 17 32 -1 39 29 -1 29 53 43 29 29 29 29 53 29 33 -1 29 32 29 32 29 39 43 32 53 -1 43 37 32 17 68 29 17 32 17 32 32 29 29 32 -1 29 33 
27 56 64 56 66 27 27 27 -1 27 8 10 61 34 56 44 44 27 56 27 11 44 27 -1 56 56 64 -1 8 44 44 11 27 62 8 56 56 11 56 56 44 62 56 27 8 56 44 32 34 34 69 32 34 34 10 56 -1 27 27 62 27 56 -1 28 -1 62 62 32 56 8 8 
63 25 55 25 66 50 25 63 63 63 25 50 63 50 63 67 45 63 67 63 67 63 32 56 -1 -1 50 25 63 50 45 50 25 63 50 25 56 50 25 50 63 50 63 50 25 25 35 32 50 50 25 63 38 63 63 50 25 63 63 50 63 63 63 -1 25 50 63 25 25 50 63 
50 -1 55 10 47 50 -1 50 10 19 1 50 50 50 35 67 45 27 67 6 67 38 32 56 -1 -1 50 10 32 50 45 50 1 50 50 1 56 50 1 50 45 50 50 50 10 1 35 32 50 50 -1 32 38 32 67 50 1 38 67 50 69 32 56 24 1 50 35 -1 1 50 10 
41 64 -1 11 47 9 19 9 69 -1 11 -1 40 49 69 49 37 27 64 9 11 20 29 64 50 50 -1 9 11 11 40 11 27 29 49 64 9 11 9 49 2 11 2 50 11 19 20 11 29 -1 11 69 42 49 9 2 64 9 9 11 2 49 59 19 -1 2 29 20 58 -1 49 
17 10 26 10 47 9 19 17 -1 -1 -1 10 53 34 51 44 44 -1 56 9 11 57 17 -1 25 10 9 -1 8 11 44 11 -1 17 -1 10 9 11 9 36 26 11 49 22 8 10 20 32 34 34 9 32 34 34 10 67 23 17 9 11 17 32 17 19 10 11 62 32 10 8 8 
41 32 26 32 47 50 19 63 -1 19 8 -1 41 34 63 44 37 27 67 11 11 20 32 8 63 32 11 8 -1 11 44 11 -1 29 8 32 29 11 19 29 26 11 63 32 8 19 20 11 29 26 11 32 34 32 10 37 23 63 19 11 69 32 23 -1 10 11 29 32 32 -1 8 
33 11 26 11 66 33 19 33 44 36 11 -1 33 48 66 44 37 22 56 11 -1 -1 -1 44 50 50 11 11 11 -1 39 11 22 -1 44 43 -1 -1 21 -1 33 11 33 22 -1 19 20 11 -1 39 11 20 33 22 11 37 36 21 21 11 22 32 33 19 11 11 -1 20 22 11 33 
59 45 40 44 66 52 45 39 44 39 44 44 40 52 66 44 44 62 56 45 46 39 39 44 45 45 40 44 44 39 -1 45 45 39 44 46 39 39 52 -1 -1 59 52 46 -1 -1 -1 45 39 39 44 45 -1 40 44 39 39 52 39 -1 40 45 59 45 44 40 -1 44 45 44 40 
41 45 26 11 47 50 19 50 11 19 11 -1 41 48 51 44 45 27 56 11 11 20 29 11 50 50 11 11 11 11 45 -1 51 29 50 45 29 11 19 29 45 11 50 50 11 -1 20 11 29 50 -1 -1 45 29 11 50 45 21 19 11 69 45 59 19 11 11 29 20 51 11 11 
47 -1 67 -1 47 27 25 22 27 27 1 28 61 34 51 67 45 22 67 27 51 29 -1 27 25 1 27 -1 -1 22 45 51 -1 29 27 1 47 28 1 29 61 47 51 22 10 1 35 -1 29 61 25 -1 38 22 67 67 1 22 67 28 22 -1 22 28 1 28 29 -1 1 28 27 
7 29 42 29 47 7 29 -1 70 7 29 29 -1 48 42 44 37 7 56 29 29 29 29 62 63 50 29 17 29 -1 39 29 29 -1 70 42 29 29 7 29 12 -1 -1 29 29 47 29 41 29 42 7 29 12 12 7 42 36 7 41 41 17 12 -1 42 62 42 29 29 29 29 -1 
27 10 49 10 47 27 27 27 -1 27 8 10 53 -1 49 49 44 27 56 27 11 44 53 8 50 50 49 -1 8 44 44 50 27 70 -1 10 27 11 52 49 53 48 49 50 8 61 44 32 13 -1 49 32 13 -1 10 49 23 27 27 11 27 49 23 28 10 49 44 32 53 8 -1 
58 -1 42 10 66 38 25 38 10 58 1 10 42 52 -1 44 45 43 56 38 46 38 43 56 25 1 64 10 32 43 46 45 1 42 10 -1 56 11 1 46 46 58 14 -1 10 1 -1 32 43 42 43 14 38 43 43 42 1 38 14 46 69 32 66 14 1 42 14 25 1 14 10 
47 56 26 56 47 9 19 9 27 -1 27 29 33 48 56 44 37 27 56 9 29 29 29 56 56 56 9 9 29 -1 39 29 47 29 27 56 -1 29 9 -1 39 47 33 29 29 47 29 -1 29 39 9 29 39 29 9 39 -1 29 9 29 26 56 33 19 56 29 29 29 29 26 33 
41 11 55 11 47 50 19 33 11 19 11 -1 33 48 55 44 -1 29 67 11 11 29 29 11 50 50 11 11 11 -1 39 11 28 29 11 11 29 -1 19 29 55 11 55 29 11 16 20 11 29 26 11 20 55 29 11 -1 36 29 19 11 55 45 33 19 11 11 29 55 29 11 33 
7 -1 52 10 47 -1 19 5 10 5 1 19 52 52 35 44 45 57 56 -1 21 -1 29 56 25 1 9 9 19 21 52 19 1 7 52 1 9 19 -1 29 52 19 52 35 10 1 21 19 29 50 5 21 -1 52 5 50 1 -1 19 19 57 32 57 19 1 19 29 21 1 19 52 
58 45 55 56 47 36 58 33 44 36 29 29 33 48 58 49 37 29 56 58 29 29 29 56 50 50 49 36 29 -1 -1 29 29 29 49 46 -1 29 29 -1 30 58 49 29 29 30 30 36 29 -1 49 29 30 29 58 -1 36 29 -1 30 55 49 33 58 49 29 29 55 58 29 33 
41 45 -1 44 66 26 45 33 44 26 44 26 -1 52 42 44 44 60 61 45 46 33 53 44 63 45 2 26 26 33 -1 45 61 12 53 46 39 55 52 30 -1 12 2 46 30 30 30 41 41 26 55 42 12 12 65 2 61 33 39 30 2 12 33 61 26 2 30 55 45 26 12 
-1 11 26 11 47 7 19 0 11 58 11 -1 -1 48 58 44 37 7 67 11 11 58 29 62 50 50 11 11 11 11 59 11 47 -1 48 58 47 11 19 58 12 -1 33 50 11 47 20 -1 -1 26 11 20 12 12 11 37 47 7 -1 -1 69 12 33 19 11 11 59 58 58 11 12 
33 35 -1 56 66 33 50 33 49 26 65 65 33 52 -1 49 65 33 56 50 33 33 33 56 63 50 2 49 63 33 52 50 51 -1 49 14 33 55 52 49 2 33 -1 35 33 52 35 41 33 -1 49 14 -1 33 65 -1 14 33 14 41 2 49 33 14 26 -1 14 55 51 14 33 
22 35 55 32 47 50 50 22 54 50 54 50 53 48 35 50 65 22 67 50 29 29 -1 27 50 50 50 22 32 22 46 50 22 29 50 -1 29 29 35 29 46 50 35 -1 29 35 35 32 29 50 -1 32 38 22 -1 50 35 22 35 50 22 32 22 35 35 54 29 54 22 50 33 
41 10 26 10 47 50 19 33 -1 19 -1 -1 33 34 66 -1 -1 27 67 11 11 29 29 8 25 10 11 8 8 -1 -1 11 10 29 8 10 29 11 10 29 30 11 33 29 -1 16 30 11 29 15 11 20 30 29 10 37 10 29 19 11 69 45 23 19 10 11 29 15 10 8 8 
47 -1 40 10 47 19 19 19 10 19 1 19 61 52 35 44 -1 27 56 -1 19 38 32 56 25 1 19 10 19 19 -1 -1 1 47 61 1 47 16 1 30 30 47 52 35 16 -1 30 -1 47 61 19 31 30 61 19 37 1 38 19 30 40 -1 59 19 1 16 30 25 1 19 61 
41 35 40 20 66 38 20 33 44 20 20 20 40 52 35 44 44 29 67 20 -1 20 29 44 35 35 20 20 20 20 -1 20 35 29 44 -1 29 20 21 30 30 20 35 35 30 30 -1 20 29 39 20 20 30 29 43 39 35 21 21 30 40 45 59 35 35 20 30 20 35 20 33 
41 32 26 32 -1 36 19 41 11 36 11 -1 41 48 51 44 45 32 56 11 11 20 32 32 32 32 11 32 11 11 45 11 -1 41 32 32 -1 11 19 36 41 -1 41 32 11 -1 20 -1 41 26 11 32 41 32 11 37 36 21 41 11 69 32 41 19 11 11 4 32 32 11 41 
41 29 29 29 47 33 29 33 34 36 29 29 41 -1 58 44 37 29 56 29 29 29 29 34 50 50 29 34 29 -1 39 29 29 29 13 43 29 29 29 29 41 -1 33 29 29 47 29 41 -1 34 29 29 13 29 29 37 36 29 41 41 29 41 33 29 29 29 29 29 29 29 33 
41 50 26 61 47 50 50 42 34 26 26 26 61 34 42 -1 44 34 61 50 26 39 39 34 50 50 -1 34 26 39 39 50 61 42 -1 42 39 26 50 -1 26 26 -1 50 15 61 39 26 34 -1 -1 42 42 34 50 39 61 63 39 26 26 -1 42 61 26 42 39 15 58 26 34 
7 25 55 11 47 -1 19 5 69 5 11 -1 41 49 69 49 37 7 67 -1 11 20 43 69 25 -1 11 9 11 11 44 -1 25 7 49 43 9 11 5 49 55 11 49 -1 11 19 20 11 29 -1 -1 31 38 43 5 -1 25 7 19 11 69 49 59 19 11 11 29 25 25 -1 49 
41 32 42 32 47 50 20 32 69 32 20 20 61 34 -1 67 45 32 56 20 -1 20 32 32 63 32 69 32 32 20 45 -1 -1 29 32 14 29 20 21 29 42 20 14 32 20 31 20 32 29 42 31 -1 42 32 67 42 14 21 14 20 69 32 66 14 32 20 14 20 -1 -1 69 
41 38 42 38 66 38 38 33 34 38 38 38 -1 -1 42 44 44 57 56 38 38 38 53 34 38 38 42 34 34 33 -1 45 38 12 13 38 39 55 -1 30 12 12 -1 38 30 30 30 41 13 42 38 42 -1 12 38 42 38 38 38 30 42 12 33 38 38 42 30 55 38 42 12 
41 32 40 32 47 22 29 22 34 34 34 29 -1 34 42 49 37 22 61 29 29 29 -1 34 63 32 49 34 32 22 40 29 22 12 -1 43 29 29 52 29 12 12 33 22 29 61 29 32 29 34 43 32 12 -1 43 37 61 22 41 41 22 12 22 61 32 29 29 32 22 34 12 
7 10 65 10 47 -1 19 5 10 5 -1 10 33 34 43 67 65 7 67 -1 67 38 43 10 63 67 9 10 10 11 44 11 67 7 10 43 9 11 5 58 65 11 65 -1 10 19 43 11 29 50 5 67 38 43 -1 67 10 7 19 11 65 45 65 19 10 -1 65 -1 10 10 10 
41 50 -1 67 47 50 50 42 69 26 37 37 40 52 42 67 37 60 67 50 67 37 37 56 50 50 2 67 37 37 39 50 67 42 49 42 39 -1 50 -1 2 37 -1 50 37 37 39 37 37 39 -1 42 42 37 67 -1 39 37 39 37 2 49 42 42 26 2 37 -1 58 50 42 
47 -1 42 -1 47 36 25 27 23 36 1 10 61 34 -1 61 45 27 -1 36 36 36 32 -1 25 1 64 23 23 36 39 45 1 36 23 1 -1 36 1 36 61 47 14 35 10 1 35 36 36 61 25 14 38 61 10 39 -1 38 14 62 69 -1 23 14 -1 42 14 18 1 14 23 
7 38 60 27 66 7 38 -1 27 7 27 21 33 52 63 44 37 -1 56 38 21 -1 17 27 63 38 9 17 63 21 52 21 22 7 27 38 29 29 -1 29 33 7 33 22 29 38 21 21 29 63 7 21 38 22 7 37 38 -1 21 62 17 63 17 -1 38 62 29 21 22 60 33 
41 68 26 56 47 9 19 9 27 -1 19 19 41 48 -1 67 45 27 67 -1 21 -1 68 27 63 67 9 9 19 21 39 19 67 41 27 14 9 19 19 -1 39 -1 14 35 19 19 21 41 41 39 19 14 38 41 19 39 14 21 -1 41 69 41 41 14 26 19 14 -1 -1 14 41 
41 11 26 11 66 50 19 41 11 19 11 -1 41 48 66 44 37 62 62 11 11 20 29 62 50 50 11 11 11 11 -1 11 28 41 11 46 29 11 19 30 30 -1 41 50 11 30 30 11 41 26 11 20 30 41 11 37 62 62 41 -1 62 41 -1 19 11 11 -1 20 58 11 41 
17 27 -1 27 66 17 69 17 69 26 27 69 40 34 69 49 65 -1 67 69 69 57 17 27 63 69 2 17 69 22 40 69 22 17 27 69 26 55 57 55 2 69 2 22 69 40 40 69 29 26 69 69 42 22 65 2 69 17 69 62 -1 32 17 57 26 2 62 55 22 -1 69 
41 32 40 32 47 50 45 33 32 32 32 32 -1 49 56 49 45 32 56 45 51 63 32 56 63 32 49 32 32 32 45 45 -1 12 49 32 56 45 32 49 12 12 49 32 45 -1 45 32 41 -1 49 32 12 12 45 49 -1 63 41 41 32 -1 33 -1 56 45 45 32 32 32 12 
17 56 65 56 66 17 59 17 23 27 23 59 33 34 66 44 65 -1 56 59 33 33 17 -1 63 56 59 17 23 33 59 59 22 -1 23 66 33 33 57 33 33 33 33 22 23 59 59 41 33 42 59 66 33 22 65 42 23 17 41 -1 17 33 -1 57 23 -1 -1 65 22 23 33 
57 25 42 32 66 19 19 57 28 19 19 19 61 34 -1 61 45 57 56 -1 19 57 32 28 -1 24 19 19 -1 19 45 19 28 42 28 14 19 19 19 58 61 19 14 35 19 19 35 19 29 61 19 14 38 61 19 42 14 -1 14 19 57 -1 57 -1 56 19 14 25 51 14 28 
41 -1 26 10 47 26 25 26 10 26 -1 10 61 34 56 44 44 27 56 11 11 38 32 -1 25 1 -1 10 10 11 44 11 1 62 10 1 56 11 1 49 26 11 26 35 10 1 35 11 29 26 11 32 38 32 10 26 -1 38 26 11 26 56 23 56 -1 11 56 25 1 26 10 
41 11 -1 11 47 54 19 42 11 19 11 -1 40 52 42 44 -1 62 67 11 11 20 29 62 50 50 2 11 11 11 40 11 28 42 49 42 29 11 19 29 2 11 -1 54 11 16 20 11 29 42 11 20 42 29 -1 2 42 62 19 11 2 45 -1 19 11 -1 62 54 11 11 42 
59 35 40 56 -1 33 29 33 44 36 29 29 33 48 -1 44 37 62 56 29 29 29 29 62 63 35 29 62 29 -1 -1 29 29 29 44 14 29 29 29 29 30 59 14 29 29 30 30 4 29 39 29 14 30 29 65 37 14 29 14 -1 62 45 -1 14 56 62 -1 29 29 14 33 
58 25 55 32 47 54 25 54 32 58 54 20 58 34 58 -1 44 32 -1 54 -1 20 32 32 25 -1 20 32 32 20 44 20 -1 29 32 25 29 55 21 55 55 58 55 54 15 25 20 32 29 15 25 20 55 32 -1 -1 18 21 -1 20 55 32 65 25 25 54 29 -1 58 20 32 
58 -1 51 10 47 38 25 22 10 58 1 10 53 48 51 67 45 22 56 58 51 58 -1 56 25 1 58 10 32 22 45 51 1 29 53 1 29 29 1 58 45 58 51 22 10 1 35 32 29 58 25 -1 38 22 10 58 1 22 -1 58 22 32 22 51 1 11 29 58 -1 51 10 
41 10 26 10 47 50 19 50 -1 26 8 -1 41 34 -1 44 37 60 56 11 11 20 29 8 50 50 -1 8 -1 11 44 11 28 29 8 14 26 11 19 29 26 11 14 50 8 19 20 11 29 26 -1 -1 42 34 10 50 14 60 14 11 -1 32 23 14 26 11 14 20 51 -1 8 
33 10 40 10 47 33 19 33 -1 27 8 10 -1 34 42 44 44 27 56 11 33 33 33 8 63 10 49 8 8 33 40 11 27 -1 -1 10 33 33 52 33 12 12 33 33 8 61 33 41 33 34 49 69 12 12 10 42 23 33 41 41 69 12 33 28 10 42 33 32 10 8 -1 
