83
4 62
-1 60 70 40 70 66 33 60 49 70 33 43 22 33 19 33 70 43 22 -1 33 70 -1 40 33 70 60 19 33 33 66 83 66 -1 40 66 66 22 66 33 33 19 33 33 70 66 60 42 40 22 51 19 70 42 40 27 22 27 33 19 22 42 33 33 40 70 -1 40 19 33 -1 33 33 19 83 22 19 33 42 27 22 70 60 
60 -1 39 60 52 64 39 60 64 39 47 39 60 60 41 41 77 60 47 41 69 59 60 64 39 82 60 59 39 47 47 83 41 39 64 47 39 47 39 -1 60 39 47 60 52 47 60 -1 69 41 47 41 50 47 60 41 59 64 60 47 -1 82 39 47 -1 39 39 60 69 47 47 60 39 41 83 64 59 64 47 41 47 60 -1 
70 39 -1 -1 70 23 24 23 75 -1 29 38 69 24 42 29 70 43 69 42 69 -1 60 -1 -1 24 23 59 33 3 73 83 35 24 40 23 38 69 24 24 3 24 -1 3 70 35 21 42 69 41 35 41 70 42 40 35 69 24 24 21 3 42 39 42 23 70 35 3 69 -1 -1 23 9 21 83 23 35 24 42 21 29 46 60 
40 60 -1 -1 52 29 24 60 60 2 29 43 29 67 42 29 70 43 80 40 40 2 60 2 2 43 60 29 40 -1 67 83 29 40 40 23 38 29 24 24 -1 24 2 -1 52 47 60 29 40 60 29 58 43 42 40 35 29 80 40 21 -1 42 29 40 29 54 35 -1 48 2 2 23 9 21 83 23 29 24 42 21 29 40 60 
70 52 70 52 -1 59 57 80 57 70 52 52 57 57 73 52 57 52 57 57 57 73 80 52 57 57 57 57 52 80 73 83 52 52 64 52 57 57 52 52 52 52 70 52 52 52 52 52 69 57 52 52 -1 52 73 57 57 -1 77 57 52 57 52 52 57 57 52 52 57 57 52 52 52 52 83 57 57 52 57 52 57 57 61 
66 64 23 29 59 -1 75 -1 64 23 29 38 56 7 59 29 75 71 56 59 56 59 56 -1 38 26 7 59 33 -1 13 83 29 29 64 23 38 56 -1 38 23 38 23 29 75 35 7 29 40 7 29 41 75 7 38 35 -1 59 38 -1 7 26 56 33 -1 49 38 13 48 56 23 7 38 75 83 -1 59 64 56 13 7 26 60 
33 39 24 24 57 75 -1 13 57 24 41 38 75 -1 41 33 -1 25 57 57 57 24 75 75 -1 -1 25 57 33 75 13 83 41 24 81 57 26 57 24 24 33 24 78 25 57 30 13 78 40 65 51 41 57 65 65 57 78 -1 24 57 13 16 39 33 57 -1 38 13 57 24 16 25 24 16 83 -1 57 16 -1 13 57 16 61 
60 60 23 60 80 -1 13 -1 49 23 29 38 49 -1 46 29 13 71 71 53 69 46 60 5 13 26 -1 49 71 5 13 83 46 71 64 80 26 49 5 46 23 46 53 60 52 30 -1 29 69 -1 53 53 46 -1 65 46 5 80 60 5 -1 26 56 53 5 49 38 13 53 46 53 -1 53 26 83 5 59 60 53 13 -1 26 60 
49 64 75 60 57 64 57 49 -1 75 49 49 49 49 49 49 57 57 49 57 57 75 49 75 49 57 49 57 57 64 75 83 49 57 64 57 49 49 49 49 64 49 53 57 57 49 49 64 64 -1 51 49 57 49 65 57 49 -1 77 57 49 57 49 53 -1 49 49 49 57 57 57 49 49 75 83 -1 57 64 53 49 57 57 64 
70 39 -1 2 70 23 24 23 75 -1 72 72 69 24 42 29 70 43 81 42 69 2 60 2 2 24 81 59 33 3 73 83 72 24 81 23 38 69 24 24 3 24 2 3 70 35 21 42 69 41 35 41 70 42 72 35 69 24 24 21 3 42 39 72 23 70 35 3 69 2 2 23 -1 21 83 23 35 24 42 21 29 72 60 
33 47 29 29 52 29 41 29 49 72 -1 72 29 29 76 29 70 43 80 51 33 76 80 29 41 73 29 76 52 -1 45 83 -1 29 40 32 38 29 29 41 29 32 35 29 52 35 41 29 40 41 -1 50 32 51 40 76 29 76 51 76 29 42 29 72 29 49 35 29 51 47 52 29 32 52 83 29 -1 52 42 41 29 72 47 
43 39 38 43 52 38 38 38 49 72 72 -1 81 79 41 41 81 43 81 41 43 73 43 38 38 43 81 73 43 38 73 83 72 43 81 66 38 79 -1 38 54 38 72 -1 52 81 81 72 54 38 52 41 43 65 -1 41 38 81 38 38 43 72 39 72 38 54 38 43 54 54 43 43 -1 54 83 38 41 81 54 54 79 -1 60 
22 60 69 29 57 56 75 49 49 69 29 81 -1 49 27 -1 57 71 -1 27 37 59 -1 75 33 65 49 -1 33 15 45 83 41 15 40 45 49 -1 41 41 15 15 33 33 73 18 41 29 40 -1 29 27 73 49 40 27 -1 27 40 27 22 42 15 33 49 49 22 29 27 56 22 18 81 18 83 -1 55 81 56 27 18 18 60 
33 60 24 67 57 7 -1 -1 49 24 29 79 49 -1 73 79 6 25 45 79 57 67 60 7 6 6 7 79 79 7 -1 83 79 24 64 45 26 79 7 24 67 79 53 67 73 30 7 45 67 7 45 53 73 7 79 57 7 6 24 7 7 16 39 33 7 6 38 -1 79 46 16 7 24 30 83 6 45 16 6 -1 7 16 60 
19 41 42 42 73 59 41 46 49 42 76 41 27 73 -1 41 73 73 73 -1 42 59 19 42 41 73 73 19 42 41 73 83 41 42 41 42 41 59 41 41 41 -1 -1 42 73 42 41 42 68 41 42 19 73 42 73 41 59 27 41 -1 46 42 41 42 59 49 -1 59 19 42 42 42 42 -1 83 73 -1 41 42 41 42 46 61 
33 41 29 29 52 29 33 29 49 29 29 41 -1 79 41 -1 33 43 12 27 33 46 12 40 33 71 29 12 33 -1 45 83 41 -1 40 40 41 12 41 41 -1 -1 33 33 52 18 41 29 40 12 29 41 33 42 40 41 12 27 40 27 22 42 -1 33 29 49 33 29 48 40 33 33 33 18 83 12 29 33 42 41 29 18 41 
70 77 70 70 57 75 -1 13 57 70 70 81 57 6 73 33 -1 25 73 57 57 73 70 70 6 6 81 57 70 80 73 83 70 24 81 57 81 57 24 24 73 24 61 70 70 73 81 61 69 57 70 57 70 61 73 57 73 -1 77 57 77 -1 39 61 77 6 70 13 57 57 -1 25 81 -1 83 6 57 -1 6 13 57 -1 61 
43 60 43 43 52 71 25 71 57 43 43 43 71 25 73 43 25 -1 71 43 43 73 43 71 25 -1 25 71 43 43 73 83 52 43 43 71 26 43 43 25 43 25 43 -1 52 71 71 43 43 65 52 52 43 65 43 57 71 25 25 71 43 25 43 43 71 25 43 43 43 43 43 -1 43 25 83 25 71 52 71 25 71 26 61 
22 47 69 80 57 56 57 71 49 81 80 81 -1 45 73 12 73 71 -1 27 37 73 12 71 71 71 81 -1 71 80 45 83 45 71 81 45 49 12 56 62 15 15 45 71 73 -1 81 45 69 12 45 27 73 49 73 27 -1 27 81 27 22 71 56 71 56 49 45 73 27 56 73 -1 81 -1 83 12 45 81 56 27 -1 -1 47 
-1 41 42 40 57 59 57 53 57 42 51 41 27 79 -1 27 57 43 27 -1 33 59 0 40 33 73 53 -1 33 27 73 83 41 0 40 42 41 27 41 41 33 14 14 33 52 27 41 42 68 27 51 -1 51 51 73 27 27 27 51 14 22 42 27 33 57 53 0 59 -1 68 0 27 42 14 83 27 14 58 42 27 22 27 60 
33 69 69 40 57 56 57 69 57 69 33 43 37 57 42 33 57 43 37 33 -1 69 33 40 33 57 57 57 33 33 45 83 41 -1 40 42 38 -1 33 33 33 33 33 33 52 37 69 69 69 37 69 57 33 42 40 57 37 -1 33 56 69 42 33 33 57 57 33 40 69 -1 33 33 33 57 83 37 57 33 42 37 57 57 61 
70 59 -1 2 73 59 24 46 75 2 76 73 59 67 59 46 73 73 73 59 69 -1 60 2 2 73 46 59 79 3 73 83 46 24 81 23 38 79 24 24 3 46 2 3 73 59 -1 59 69 46 59 46 73 42 73 46 59 59 24 -1 46 42 59 42 59 70 59 -1 59 2 2 23 9 -1 83 73 59 24 42 -1 79 46 60 
-1 60 60 60 80 56 75 60 49 60 80 43 -1 60 19 12 70 43 12 0 33 60 -1 75 33 60 60 12 33 80 45 83 80 0 40 80 49 12 66 60 15 15 33 33 70 18 60 60 40 12 80 19 70 49 80 27 12 80 60 27 -1 82 15 33 60 49 0 60 19 56 0 18 33 18 83 12 80 60 56 80 -1 18 60 
40 64 -1 2 52 -1 75 5 75 2 29 38 75 7 42 40 70 71 71 40 40 2 75 -1 2 71 7 55 40 5 45 83 35 40 40 -1 38 45 5 24 -1 24 2 3 52 35 7 29 40 7 35 50 35 7 40 35 5 55 40 5 3 42 40 40 5 54 35 3 48 2 2 -1 9 75 83 -1 35 24 71 21 35 40 60 
33 39 -1 2 57 38 -1 13 49 2 41 38 33 6 41 33 6 25 71 33 33 2 33 2 -1 6 25 55 33 3 13 83 41 -1 40 23 38 33 -1 -1 33 -1 2 33 77 30 41 39 40 41 51 41 77 42 38 41 38 6 -1 21 58 16 39 33 77 6 38 3 33 2 2 33 -1 16 83 6 41 -1 6 41 57 72 39 
70 82 24 43 57 26 -1 26 57 24 73 43 65 6 73 71 6 -1 71 73 57 73 60 71 6 -1 -1 73 71 26 73 83 73 71 81 61 26 57 24 24 65 24 61 17 73 71 26 61 65 65 73 65 73 65 65 57 71 6 24 73 26 -1 39 61 26 -1 73 13 73 24 65 -1 24 -1 83 6 73 16 6 13 26 26 61 
60 60 23 60 57 7 25 -1 49 81 29 81 49 7 73 29 81 25 81 53 57 46 60 7 25 -1 -1 73 71 7 13 83 81 71 81 80 -1 49 36 25 81 38 53 25 73 81 7 29 69 7 53 53 73 7 65 41 7 25 60 7 7 25 56 81 7 25 38 13 53 46 65 7 81 25 83 7 59 81 25 13 7 -1 60 
19 59 59 29 57 59 57 49 57 59 76 73 -1 79 19 12 57 71 -1 -1 57 59 12 55 55 73 73 -1 79 15 73 83 55 15 81 55 49 12 55 55 15 55 19 73 73 18 55 59 68 12 51 19 73 49 73 -1 12 -1 51 -1 22 57 15 33 57 49 19 59 19 56 19 18 81 -1 83 12 55 57 56 -1 18 18 59 
33 39 33 40 52 33 33 71 57 33 52 43 33 79 42 33 70 43 71 33 33 79 33 40 33 71 71 79 -1 33 73 83 52 -1 40 42 38 79 33 33 33 79 33 33 52 79 79 42 40 79 52 52 -1 42 79 79 79 33 33 79 33 42 33 33 77 70 33 79 33 33 52 33 33 52 83 73 42 52 42 -1 79 77 61 
33 47 3 -1 80 -1 75 5 64 3 -1 38 15 7 41 -1 80 43 80 27 33 3 80 5 3 26 7 15 33 -1 47 83 10 15 40 80 38 15 5 41 3 15 47 3 52 47 7 -1 40 7 10 41 32 7 40 41 5 80 40 5 3 47 15 33 5 49 38 3 48 47 3 7 32 75 83 5 10 64 47 80 -1 80 47 
66 47 73 67 73 13 13 13 75 73 45 73 45 -1 73 45 73 73 45 73 45 73 45 45 13 73 13 73 73 47 -1 83 45 24 73 45 26 45 13 24 73 73 45 73 73 -1 13 45 69 13 45 50 73 13 73 45 45 13 24 47 13 73 56 45 13 13 45 13 73 47 73 13 24 -1 83 73 45 73 13 13 13 45 47 
83 83 83 83 83 83 83 83 83 83 83 83 83 83 83 83 83 83 83 83 83 83 83 83 83 83 83 83 83 83 83 -1 83 83 83 83 83 83 83 83 83 83 83 83 83 83 83 83 83 83 83 83 83 83 83 83 83 83 83 83 83 83 83 83 83 83 83 83 83 83 83 83 83 83 83 83 83 83 83 83 83 83 83 
66 41 35 29 52 29 41 46 49 72 -1 72 41 79 41 41 70 52 45 41 41 46 80 35 41 73 81 55 52 10 45 83 -1 41 81 -1 41 45 41 41 35 -1 35 52 52 35 41 29 40 41 10 41 -1 42 72 35 29 52 41 41 46 42 41 72 77 49 35 29 41 46 52 35 -1 52 83 35 10 52 42 41 35 72 41 
-1 39 24 40 52 29 24 71 57 24 29 43 15 24 42 -1 24 43 71 0 -1 24 0 40 -1 71 71 15 -1 15 24 83 41 -1 40 42 38 20 24 24 -1 15 -1 -1 52 37 41 42 40 15 42 19 28 42 40 41 15 20 24 42 22 42 15 -1 40 24 0 40 19 20 0 -1 24 42 83 15 42 24 42 28 22 40 61 
40 64 40 40 64 64 81 64 64 81 40 81 40 64 41 40 81 43 81 40 40 81 40 40 40 81 81 81 40 40 73 83 81 40 -1 40 81 40 64 64 -1 40 40 40 77 81 81 64 40 64 40 58 77 42 40 40 64 64 40 64 40 81 40 40 -1 54 40 40 48 40 81 40 81 54 83 40 40 64 54 54 81 -1 64 
66 47 23 23 52 23 57 80 57 23 32 66 45 45 42 40 57 71 45 42 42 23 80 -1 23 61 80 55 42 80 45 83 -1 42 40 -1 66 45 66 41 23 32 -1 42 52 -1 41 42 40 41 -1 50 32 42 40 -1 23 55 40 76 80 42 40 42 23 53 -1 23 42 23 42 23 32 42 83 23 -1 52 42 80 -1 45 61 
66 39 38 38 57 38 26 26 49 38 38 38 49 26 41 41 81 26 49 41 38 38 49 38 38 26 -1 49 38 38 26 83 41 38 81 66 -1 49 -1 38 38 38 53 38 52 49 26 38 40 -1 51 41 41 49 38 41 38 49 38 38 26 26 39 38 38 49 38 26 41 38 65 26 38 26 83 38 41 38 53 41 26 26 60 
22 47 69 29 57 56 57 49 49 69 29 79 -1 79 59 12 57 43 12 27 -1 79 12 45 33 57 49 12 79 15 45 83 45 20 40 45 49 -1 56 62 15 79 33 33 79 -1 69 45 69 12 45 79 79 49 79 27 -1 20 33 56 22 42 56 33 56 49 45 79 27 20 22 18 33 18 83 12 45 33 56 -1 79 18 47 
66 39 24 24 52 -1 24 5 49 24 29 -1 41 7 41 41 24 43 56 41 33 24 66 5 -1 24 36 55 33 5 13 83 41 24 64 66 -1 56 -1 24 23 -1 24 11 52 66 41 29 40 36 51 41 41 7 11 41 5 24 24 5 7 24 39 33 5 24 -1 13 41 24 24 7 11 41 83 5 41 24 24 41 7 11 39 
33 -1 24 24 52 38 24 46 49 24 41 38 41 24 41 41 24 25 62 41 33 24 60 24 -1 24 25 55 33 41 24 83 41 24 64 41 38 62 24 -1 33 -1 24 33 52 47 41 1 40 41 47 41 41 49 79 41 62 24 24 41 1 82 -1 33 1 24 38 24 41 24 24 33 24 41 83 24 41 24 24 41 79 46 1 
33 60 3 -1 52 23 33 23 64 3 29 54 15 67 41 -1 73 43 15 33 33 3 15 -1 33 65 81 15 33 3 73 83 35 -1 -1 23 38 15 23 33 -1 15 33 3 52 35 69 69 -1 15 35 58 33 42 -1 35 69 33 -1 23 3 42 15 33 34 54 33 3 48 -1 3 23 33 54 83 23 35 58 54 54 29 34 60 
19 39 24 24 52 38 24 46 49 24 32 38 15 79 -1 -1 24 25 15 14 33 46 15 24 -1 24 38 55 79 15 73 83 -1 15 40 32 38 79 -1 -1 15 -1 14 33 52 35 -1 29 40 -1 51 -1 32 49 79 -1 15 55 24 14 46 42 15 33 38 49 14 46 19 46 24 33 24 14 83 15 14 24 24 -1 79 46 39 
33 47 -1 2 70 23 78 53 53 2 35 72 33 53 -1 33 61 43 45 14 33 2 33 2 2 61 53 19 33 47 45 83 35 -1 40 -1 53 33 24 24 33 14 -1 33 70 35 21 -1 40 53 35 53 70 -1 78 35 78 33 24 14 3 -1 33 -1 47 53 14 3 19 2 -1 33 -1 14 83 23 14 24 -1 21 35 72 61 
33 60 3 -1 52 29 25 60 57 3 29 -1 33 67 42 33 70 -1 71 33 33 3 33 3 33 17 25 73 33 3 73 83 52 -1 40 42 38 33 11 33 3 33 33 -1 52 37 60 29 40 70 52 52 -1 42 11 41 29 33 33 21 3 25 33 33 77 70 33 3 33 3 -1 17 11 52 83 73 29 52 42 33 29 11 60 
70 52 70 52 52 75 57 52 57 70 52 52 73 73 73 52 70 52 73 52 52 73 70 52 77 73 73 73 52 52 73 83 52 52 77 52 52 79 52 52 52 52 70 52 -1 52 52 52 52 52 52 52 -1 52 73 52 73 52 77 52 52 70 52 52 77 70 52 52 52 52 52 52 52 52 83 73 52 52 70 52 52 77 52 
66 47 35 47 52 35 30 30 49 35 35 81 18 30 42 18 73 71 -1 27 37 59 18 35 30 71 81 18 79 47 -1 83 35 37 81 -1 49 -1 66 47 35 35 35 37 52 -1 69 -1 69 18 35 50 35 42 73 35 18 27 40 47 47 42 56 42 47 30 35 30 27 47 42 18 35 18 83 18 35 81 42 37 18 18 47 
60 60 21 60 52 7 13 -1 49 21 41 81 41 7 41 41 81 71 81 41 69 -1 60 7 41 26 7 55 79 7 13 83 41 41 81 41 26 69 41 41 69 -1 21 60 52 69 -1 69 69 7 51 41 41 7 69 41 69 55 60 21 -1 81 41 81 7 49 41 21 69 -1 21 7 81 21 83 7 41 81 53 21 7 -1 60 
42 -1 42 29 52 29 78 29 64 42 29 72 29 45 42 29 61 43 45 42 69 59 60 29 39 61 29 59 42 -1 45 83 29 42 64 42 38 45 29 1 69 29 -1 29 52 -1 69 -1 69 53 -1 50 50 42 69 42 59 59 51 -1 1 42 29 42 1 53 42 29 69 -1 42 42 42 42 83 29 59 52 42 45 29 45 1 
40 69 69 40 69 40 40 69 64 69 40 54 40 67 68 40 69 43 69 68 69 69 40 40 40 65 69 68 40 40 69 83 40 40 40 40 40 69 40 40 -1 40 40 40 52 69 69 69 -1 40 69 58 40 42 40 40 69 69 40 69 40 42 40 40 40 54 40 40 -1 -1 69 40 40 54 83 40 40 58 54 54 40 40 60 
22 41 41 60 57 7 65 -1 -1 41 41 38 -1 7 41 12 57 65 12 27 37 46 12 7 41 65 7 12 79 7 13 83 41 15 64 41 -1 12 36 41 15 -1 53 70 52 18 7 53 40 -1 51 41 41 -1 65 41 12 8 41 7 7 53 15 53 8 -1 38 13 27 46 65 7 41 18 83 8 41 41 53 41 7 18 60 
51 47 35 29 52 29 51 53 51 35 -1 52 29 45 42 29 70 52 45 51 69 59 80 35 51 73 53 51 52 10 45 83 10 42 40 -1 51 45 51 47 35 51 35 52 52 35 51 -1 69 51 -1 -1 -1 51 73 35 59 52 51 47 47 42 29 42 47 53 35 29 51 47 52 35 32 52 83 35 10 52 42 51 35 77 47 
19 41 41 58 52 41 41 53 49 41 50 41 27 53 19 41 57 52 27 -1 57 46 19 50 41 65 53 19 52 41 50 83 41 19 58 50 41 79 41 41 58 -1 53 52 52 50 41 50 58 41 -1 -1 50 -1 58 -1 78 55 -1 19 58 53 41 53 77 53 19 46 19 46 19 53 41 19 83 27 55 58 53 41 50 46 60 
70 50 70 43 -1 75 57 46 57 70 32 43 73 73 73 33 70 43 73 51 33 73 70 35 77 73 73 73 -1 32 73 83 -1 28 77 32 41 79 41 41 33 32 70 -1 -1 35 41 50 40 41 -1 50 -1 51 73 35 73 4 77 50 43 70 33 33 77 70 35 43 51 50 -1 33 32 -1 83 73 32 -1 70 28 35 77 50 
42 47 42 42 52 7 65 -1 49 42 51 65 49 7 42 42 61 65 49 51 42 42 49 7 42 65 7 49 42 7 13 83 42 42 42 42 49 49 7 49 42 49 -1 42 52 42 7 42 42 -1 51 -1 51 -1 65 51 78 49 51 7 7 42 78 42 7 -1 42 13 51 42 42 7 42 42 83 7 42 58 -1 13 7 26 60 
40 60 40 40 73 38 65 65 65 72 40 -1 40 79 73 40 73 43 73 73 40 73 80 40 38 65 65 73 79 40 73 83 72 40 40 40 38 79 11 79 -1 79 78 11 73 73 69 69 40 65 73 58 73 65 -1 73 78 65 40 73 40 65 40 40 40 -1 38 40 48 40 65 78 11 -1 83 73 73 58 -1 -1 79 11 60 
27 41 35 35 57 35 57 46 57 35 76 41 27 57 41 41 57 57 27 27 57 46 27 35 41 57 41 -1 79 41 45 83 35 41 40 -1 41 27 41 41 35 -1 35 41 52 35 41 42 40 41 35 -1 35 51 73 -1 27 -1 51 27 46 42 41 42 57 49 35 46 27 46 42 27 35 27 83 27 -1 41 42 27 35 27 41 
22 59 69 29 57 -1 78 5 49 69 29 38 -1 7 59 12 73 71 -1 27 37 59 12 5 38 71 7 12 79 5 45 83 29 15 64 23 38 -1 5 62 69 15 78 29 73 18 69 59 69 12 59 78 73 78 78 27 -1 27 69 -1 7 78 -1 78 5 49 38 59 69 -1 69 18 78 18 83 5 59 64 -1 37 18 18 59 
27 64 24 80 -1 59 -1 80 -1 24 76 81 27 6 27 27 -1 25 27 27 -1 59 80 55 6 6 25 -1 33 80 13 83 52 20 64 55 49 20 24 24 33 55 33 33 52 27 55 59 69 8 52 55 4 49 65 -1 27 -1 24 27 80 16 27 33 8 6 55 13 27 20 16 25 24 16 83 6 55 16 6 27 -1 16 61 
33 60 24 40 77 38 24 60 77 24 51 38 40 24 41 40 77 25 81 51 33 24 60 40 -1 24 60 51 33 40 24 83 41 24 40 40 38 33 24 24 -1 24 24 33 77 40 60 51 40 41 51 -1 77 51 40 51 69 24 -1 24 -1 77 39 33 77 24 38 40 48 40 24 33 24 54 83 24 55 -1 24 41 60 77 60 
19 47 21 21 57 -1 57 5 57 21 76 38 27 7 -1 27 57 71 27 14 56 -1 27 5 21 73 7 -1 79 5 47 83 41 42 64 76 38 56 5 41 23 14 14 21 52 47 21 -1 69 7 47 19 50 7 73 27 -1 27 24 -1 7 42 56 42 5 49 14 21 19 47 21 7 42 14 83 5 -1 64 56 21 7 27 47 
22 -1 3 -1 52 7 13 -1 49 3 29 43 22 7 46 22 77 43 22 22 69 46 -1 3 58 26 7 22 33 3 13 83 46 22 40 80 26 22 7 1 3 46 3 3 52 47 -1 1 40 7 47 58 43 7 40 46 7 80 -1 7 -1 82 39 33 1 49 22 3 22 46 3 7 58 46 83 7 29 58 53 13 7 46 -1 
42 82 42 42 57 26 16 26 57 42 42 72 42 16 42 42 -1 25 71 42 42 42 82 42 16 -1 25 57 42 47 73 83 42 42 81 42 26 42 24 82 42 42 -1 25 70 42 81 42 42 53 42 53 70 42 65 42 78 16 77 42 82 -1 42 42 77 25 42 16 42 42 16 25 42 16 83 16 42 16 42 16 42 16 -1 
33 39 39 29 52 56 39 56 49 39 29 39 15 39 41 -1 39 43 56 27 33 59 15 40 39 39 56 15 33 15 56 83 41 15 40 40 39 56 39 -1 15 15 33 33 52 56 41 29 40 15 29 41 33 78 40 41 -1 27 39 56 39 42 -1 33 39 39 33 29 48 56 33 33 39 56 83 15 59 39 56 41 29 56 39 
33 47 42 40 52 33 33 53 53 72 72 72 33 33 42 33 61 43 71 33 33 42 33 40 33 61 81 33 33 33 45 83 72 -1 40 42 38 33 33 33 33 33 -1 33 52 42 81 42 40 53 42 53 33 42 40 42 78 33 33 42 33 42 33 -1 40 53 33 40 33 33 42 33 -1 42 83 33 42 33 42 33 42 72 61 
40 -1 23 29 57 -1 57 5 -1 23 29 38 49 7 59 29 77 71 56 57 57 59 60 5 77 26 7 57 77 5 13 83 77 40 -1 23 38 56 5 1 34 38 47 77 77 47 7 1 40 8 47 77 77 7 40 57 5 8 77 5 1 77 39 40 -1 49 38 13 48 40 77 7 77 75 83 5 59 -1 56 13 7 34 1 
70 39 70 54 57 49 -1 49 49 70 49 54 49 6 49 49 6 25 49 53 57 70 49 54 6 -1 25 49 70 49 13 83 49 24 54 53 49 49 24 24 54 49 53 70 70 30 49 53 54 -1 53 53 70 -1 -1 49 49 6 24 49 49 25 39 53 49 -1 70 13 53 54 -1 25 24 25 83 6 49 16 6 54 49 16 61 
-1 39 35 35 52 38 38 38 49 35 35 38 22 38 -1 33 70 43 45 0 33 59 0 35 38 73 38 19 33 38 45 83 35 0 40 -1 38 45 -1 38 33 14 14 33 52 35 41 42 40 38 35 19 35 42 38 35 38 55 38 14 22 42 33 33 38 70 -1 59 19 33 0 33 35 14 83 35 14 38 42 41 35 38 60 
40 60 3 -1 52 13 13 13 49 3 29 43 29 -1 59 29 13 43 73 59 40 -1 60 3 3 13 13 59 79 3 13 83 29 40 40 23 26 79 13 24 3 46 3 3 52 30 21 29 40 13 29 46 43 13 40 46 59 13 40 21 3 16 29 40 13 13 59 -1 48 3 3 13 9 21 83 13 59 16 13 13 13 46 60 
19 69 69 48 57 48 57 53 57 69 51 54 27 79 19 48 57 43 27 -1 69 59 19 48 33 73 53 19 33 48 73 83 41 19 48 42 41 27 41 41 48 19 19 33 52 27 69 69 -1 27 51 19 51 51 48 27 69 27 48 19 22 42 48 33 48 53 19 48 -1 48 19 27 42 19 83 27 19 58 42 27 22 27 60 
33 47 -1 2 57 56 24 46 57 2 47 54 56 46 42 40 57 43 56 68 -1 2 56 2 2 24 46 56 33 47 47 83 46 20 40 23 38 20 24 24 -1 46 2 3 52 47 -1 -1 -1 46 47 46 50 42 40 46 -1 20 40 47 46 42 56 33 40 54 33 3 48 -1 2 23 9 21 83 23 59 24 56 21 46 46 47 
-1 47 -1 2 52 23 16 53 57 2 52 43 22 16 42 33 -1 43 73 0 33 2 0 2 2 65 65 19 52 3 73 83 52 0 81 42 65 22 24 24 3 24 -1 -1 52 42 21 42 69 65 52 19 -1 42 65 42 69 16 24 21 3 16 33 42 77 -1 0 3 19 2 -1 23 42 16 83 16 42 16 42 21 22 16 61 
33 60 23 23 52 7 25 -1 49 23 29 43 18 7 42 33 25 -1 -1 27 33 23 18 -1 33 -1 7 18 33 7 13 83 35 -1 40 23 26 18 7 33 23 33 33 17 52 18 7 42 40 7 35 53 33 7 78 27 18 25 33 7 7 25 33 33 7 25 33 13 27 23 23 -1 33 18 83 23 35 33 -1 13 7 18 60 
33 39 9 9 52 38 24 53 49 -1 32 -1 81 24 42 33 81 43 81 42 33 9 33 9 -1 24 81 81 33 32 24 83 -1 24 81 32 38 33 11 24 33 24 -1 11 52 35 81 42 40 41 32 41 32 42 11 35 78 24 24 42 58 42 39 -1 77 24 35 9 42 9 42 33 -1 42 83 24 32 24 42 41 35 -1 61 
19 41 21 21 52 75 16 26 75 21 52 54 18 30 -1 18 -1 25 -1 14 57 -1 18 75 16 -1 25 -1 52 75 -1 83 52 42 54 42 26 18 41 41 54 14 14 52 52 18 21 42 54 18 52 19 -1 42 -1 27 18 16 54 14 46 16 56 42 75 25 14 21 19 21 16 18 42 -1 83 -1 14 16 54 21 18 16 61 
83 83 83 83 83 83 83 83 83 83 83 83 83 83 83 83 83 83 83 83 83 83 83 83 83 83 83 83 83 83 83 83 83 83 83 83 83 83 83 83 83 83 83 83 83 83 83 83 83 83 83 83 83 83 83 83 83 83 83 83 83 83 83 83 83 83 83 83 83 83 83 83 83 83 -1 83 83 83 83 83 83 83 83 
22 64 23 23 57 -1 -1 5 -1 23 29 38 -1 6 73 12 6 25 12 27 37 73 12 -1 6 6 7 12 73 5 73 83 35 15 40 23 38 12 5 24 23 15 23 73 73 18 7 29 40 8 35 27 73 7 73 27 5 6 24 5 7 16 15 33 5 6 35 13 27 23 16 23 24 -1 83 -1 35 16 6 13 7 16 60 
19 59 35 29 57 59 57 59 57 35 -1 41 55 45 -1 29 57 71 45 14 57 59 80 35 41 73 59 55 42 10 45 83 10 42 40 -1 41 45 41 41 35 14 14 29 52 35 41 59 40 41 10 55 32 42 73 -1 59 55 55 -1 29 42 59 42 59 49 14 59 19 59 42 35 32 14 83 35 -1 41 42 41 35 45 59 
33 64 24 24 52 64 16 60 64 24 52 81 81 16 41 33 -1 52 81 58 33 24 60 24 -1 16 81 57 52 64 73 83 52 24 64 52 38 33 24 24 58 24 24 52 52 81 81 52 58 41 52 58 -1 58 58 41 64 16 -1 64 58 16 39 33 -1 16 38 16 58 24 16 33 24 16 83 16 41 -1 16 41 57 -1 60 
42 47 42 42 57 56 -1 53 53 42 42 54 56 6 42 42 6 71 56 42 42 42 56 71 6 6 25 56 42 47 13 83 42 42 54 42 53 56 24 24 54 24 -1 42 70 42 53 42 54 53 42 53 70 -1 -1 42 -1 6 24 56 53 42 56 42 56 6 42 13 42 56 42 -1 42 54 83 6 42 16 -1 54 42 16 61 
27 41 21 21 52 13 13 13 49 21 41 54 27 -1 41 41 13 25 27 27 37 -1 80 21 41 13 13 -1 -1 80 13 83 41 28 54 80 41 -1 41 41 54 -1 21 33 52 37 21 45 54 41 51 41 28 13 -1 27 37 27 41 21 13 16 41 33 13 54 41 13 27 21 21 13 41 21 83 13 41 41 54 -1 -1 27 41 
22 47 29 29 57 7 57 -1 57 29 29 79 18 7 42 29 57 71 -1 22 57 79 -1 35 57 26 7 18 79 -1 13 83 35 22 81 -1 26 79 7 79 29 79 35 29 52 18 7 29 40 7 35 50 35 7 79 35 18 -1 60 7 7 42 29 42 7 49 35 13 22 46 22 7 35 18 83 7 35 57 42 -1 -1 18 60 
70 60 46 40 57 26 16 26 57 72 72 -1 18 16 46 18 -1 26 -1 27 57 46 18 40 72 26 -1 18 77 80 45 83 72 40 -1 45 26 18 11 46 34 46 72 11 77 18 -1 45 40 18 77 46 77 26 11 27 18 16 77 27 46 16 56 72 34 16 38 46 27 46 16 18 -1 16 83 16 45 -1 16 27 18 -1 60 
60 -1 60 60 61 60 61 60 64 60 47 60 60 60 61 41 61 61 47 60 61 60 60 60 39 61 60 59 61 47 47 83 41 61 64 61 60 47 39 1 60 39 61 60 52 47 60 1 60 60 47 60 50 60 60 41 59 61 60 47 -1 -1 39 61 1 61 60 60 60 47 61 60 61 61 83 60 59 60 61 41 60 60 -1 
