40
4 22
-1 15 25 16 23 15 40 15 15 25 23 15 -1 12 16 -1 -1 15 16 15 18 -1 21 -1 12 -1 12 28 16 16 12 12 12 23 16 -1 13 15 23 12 
15 -1 -1 2 -1 15 40 -1 29 25 -1 7 26 2 3 7 29 29 29 7 29 29 29 4 2 2 -1 28 4 -1 4 13 7 -1 26 29 13 2 29 10 
25 -1 -1 -1 1 15 40 -1 37 25 1 7 13 -1 3 7 3 11 13 7 18 25 31 25 -1 -1 1 28 7 1 3 13 3 1 14 16 13 -1 25 10 
16 2 -1 -1 30 30 40 -1 37 25 32 7 30 2 -1 7 -1 11 16 7 32 16 32 16 2 2 37 28 7 16 -1 32 -1 2 14 16 14 -1 30 11 
23 -1 1 30 -1 30 40 1 30 25 -1 30 30 2 30 7 28 29 28 7 32 23 23 -1 28 23 1 28 -1 1 -1 28 10 -1 30 23 30 2 23 10 
15 15 15 30 30 -1 40 15 -1 25 30 17 15 31 30 -1 30 -1 8 15 18 15 31 15 15 15 15 31 15 17 -1 -1 15 30 17 15 30 8 30 31 
40 40 40 40 40 40 -1 40 40 40 40 40 40 40 40 40 40 40 40 40 40 40 40 40 40 40 40 40 40 40 40 40 40 40 40 40 40 40 40 40 
15 -1 -1 -1 1 15 40 -1 37 25 1 -1 15 2 3 -1 3 11 32 -1 32 15 32 4 2 2 1 28 -1 1 -1 32 -1 1 30 15 30 -1 11 11 
15 29 37 37 30 -1 40 37 -1 37 32 37 15 18 37 5 18 5 -1 29 18 29 31 38 37 37 37 31 18 18 5 5 18 29 17 18 18 -1 18 31 
25 25 25 25 25 25 40 25 37 -1 25 38 25 25 25 25 25 38 38 25 38 25 25 25 25 -1 25 28 25 38 38 25 25 25 25 25 25 25 25 25 
23 -1 1 32 -1 30 40 1 32 25 -1 39 32 2 32 32 28 29 32 7 32 39 32 4 28 2 1 28 -1 1 4 32 -1 1 26 28 39 2 23 -1 
15 7 7 7 30 17 40 -1 37 38 39 -1 30 7 7 7 30 -1 38 7 32 39 31 38 7 38 37 28 7 17 -1 17 7 7 17 30 30 -1 -1 -1 
-1 26 13 30 30 15 40 15 15 25 32 30 -1 -1 30 -1 0 31 13 24 32 0 31 0 -1 0 -1 31 24 16 -1 -1 -1 26 26 0 13 26 30 -1 
12 2 -1 2 2 31 40 2 18 25 2 7 -1 -1 36 12 18 31 -1 7 18 12 31 12 2 2 -1 31 7 18 12 -1 12 2 26 12 -1 2 18 12 
16 3 3 -1 30 30 40 3 37 25 32 7 30 36 -1 7 3 34 16 7 32 39 32 16 3 3 34 34 7 16 3 32 3 3 -1 16 -1 3 30 36 
-1 7 7 7 7 -1 40 -1 5 25 32 7 -1 12 7 -1 0 5 32 7 32 0 21 0 12 0 12 28 7 7 5 5 -1 7 16 0 13 7 11 12 
-1 29 3 -1 28 30 40 3 18 25 28 30 0 18 3 0 -1 29 -1 29 18 0 21 0 28 0 34 28 -1 -1 -1 32 -1 28 -1 -1 30 3 18 28 
15 29 11 11 29 -1 40 11 5 38 29 -1 31 31 34 5 29 -1 29 29 29 29 31 38 29 38 34 31 11 -1 5 -1 31 29 -1 29 30 11 11 11 
16 29 13 16 28 8 40 32 -1 38 32 38 13 -1 16 32 -1 29 -1 29 -1 29 29 38 13 38 13 28 16 -1 16 13 -1 29 16 16 13 8 -1 13 
15 7 7 7 7 15 40 -1 29 25 7 7 24 7 7 7 29 29 29 -1 29 29 29 25 -1 24 24 28 7 -1 7 24 7 7 26 29 30 7 29 11 
18 29 18 32 32 18 40 32 18 38 32 32 32 18 32 32 18 29 -1 29 -1 29 32 38 32 38 18 32 32 18 32 32 -1 29 18 18 18 18 18 32 
-1 29 25 16 23 15 40 15 29 25 39 39 0 12 39 0 0 29 29 29 29 -1 -1 0 12 0 12 31 39 -1 12 22 12 29 16 0 39 39 29 -1 
21 29 31 32 23 31 40 32 31 25 32 31 31 31 32 21 21 31 29 29 32 -1 -1 21 31 21 31 31 31 21 31 -1 31 29 31 21 31 31 29 21 
-1 4 25 16 -1 15 40 4 38 25 4 38 0 12 16 0 0 38 38 25 38 0 21 -1 25 -1 4 28 4 38 4 12 10 4 16 0 30 25 -1 10 
12 2 -1 2 28 15 40 2 37 25 28 7 -1 2 3 12 28 29 13 -1 32 12 31 25 -1 -1 -1 28 -1 19 12 12 12 2 26 12 13 2 25 12 
-1 2 -1 2 23 15 40 2 37 -1 2 38 0 2 3 0 0 38 38 24 38 0 21 -1 -1 -1 24 28 24 38 38 12 3 2 16 0 13 2 -1 12 
12 -1 1 37 1 15 40 1 37 25 1 37 -1 -1 34 12 34 34 13 24 18 12 31 4 -1 24 -1 34 24 1 12 12 12 1 -1 12 13 -1 18 12 
28 28 28 28 28 31 40 28 31 28 28 28 31 31 34 28 28 31 28 28 32 31 31 28 28 28 34 -1 -1 28 34 -1 28 28 -1 28 31 28 34 28 
16 4 7 7 -1 15 40 -1 18 25 -1 7 24 7 7 7 -1 11 16 7 32 39 31 4 -1 24 24 -1 -1 16 4 27 -1 4 16 16 39 7 11 -1 
16 -1 1 16 1 17 40 1 18 38 1 17 16 18 16 7 -1 -1 -1 -1 18 -1 21 38 19 38 1 28 16 -1 16 17 16 1 16 16 18 2 -1 21 
12 4 3 -1 -1 -1 40 -1 5 38 4 -1 -1 12 3 5 -1 5 16 7 32 12 31 4 12 38 12 34 4 16 -1 5 -1 4 -1 16 -1 3 -1 11 
12 13 13 32 28 -1 40 32 5 25 32 17 -1 -1 32 5 32 -1 13 24 32 22 -1 12 12 12 12 -1 27 17 5 -1 -1 13 17 12 13 8 17 -1 
12 7 3 -1 10 15 40 -1 18 25 -1 7 -1 12 3 -1 -1 31 -1 7 -1 12 31 10 12 3 12 28 -1 16 -1 -1 -1 7 16 16 30 3 18 10 
23 -1 1 2 -1 30 40 1 29 25 1 7 26 2 3 7 28 29 29 7 29 29 29 4 2 2 1 28 4 1 4 13 7 -1 26 23 30 2 23 10 
16 26 14 14 30 17 40 30 17 25 26 17 26 26 -1 16 -1 -1 16 26 18 16 31 16 26 16 -1 -1 16 16 -1 17 16 26 -1 16 14 26 30 17 
-1 29 16 16 23 15 40 15 18 25 28 30 0 12 16 0 -1 29 16 29 18 0 21 0 12 0 12 28 16 16 16 12 16 23 16 -1 30 16 18 12 
13 13 13 14 30 30 40 30 18 25 39 30 13 -1 -1 13 30 30 13 30 18 39 31 30 13 13 13 31 39 18 -1 13 30 30 14 30 -1 13 30 -1 
15 2 -1 -1 2 8 40 -1 -1 25 2 -1 26 2 3 7 3 11 8 7 18 39 31 25 2 2 -1 28 7 2 3 8 3 2 26 16 13 -1 11 11 
23 29 25 30 23 30 40 11 18 25 23 -1 30 18 30 11 18 11 -1 29 18 29 29 -1 25 -1 18 34 11 -1 -1 17 18 23 30 18 30 11 -1 11 
12 10 10 11 10 31 40 11 31 25 -1 -1 -1 12 36 12 28 11 13 11 32 -1 21 10 12 12 12 28 -1 21 11 -1 10 10 17 12 -1 11 11 -1 
