91
42 74
-1 88 55 66 10 10 76 44 76 28 -1 44 46 85 54 76 88 85 88 66 88 76 66 66 32 66 76 88 10 44 66 66 10 88 36 66 10 10 76 66 66 76 69 66 10 66 10 37 46 76 48 88 48 88 46 44 66 88 10 66 66 10 88 85 46 85 -1 44 66 66 10 44 76 37 80 73 -1 66 46 66 66 88 37 66 68 76 76 76 -1 76 66 
88 -1 86 49 36 32 82 20 62 82 36 29 46 85 79 86 -1 70 36 36 -1 53 36 20 86 79 49 36 79 16 82 79 16 16 36 57 -1 82 44 36 54 71 69 79 16 71 16 70 46 16 82 88 58 36 46 16 79 20 -1 82 79 36 20 86 46 16 36 44 70 33 16 20 86 16 86 86 49 86 20 -1 86 33 -1 36 71 20 -1 55 16 79 36 
55 86 -1 90 28 28 59 55 62 18 55 18 55 85 86 51 33 83 -1 86 62 90 62 55 86 90 90 62 18 18 59 55 33 -1 18 90 62 55 41 55 90 18 69 83 55 90 33 90 55 33 55 18 55 28 46 -1 86 62 86 18 28 28 -1 86 83 33 55 62 90 33 33 90 86 33 86 86 86 86 29 28 86 33 59 55 18 28 -1 55 33 28 -1 
66 49 90 -1 30 30 59 24 24 56 37 48 25 56 56 51 49 70 51 56 49 35 24 24 -1 -1 49 68 59 49 -1 68 24 49 90 24 90 30 49 68 35 49 69 60 37 24 25 24 24 -1 48 25 48 25 40 48 24 35 32 30 24 25 90 86 83 49 25 44 -1 24 68 90 73 49 80 73 49 90 68 56 25 24 37 49 68 49 24 55 49 76 -1 
10 36 28 30 -1 -1 59 44 60 28 -1 28 5 85 80 72 32 70 28 36 32 53 36 60 32 12 70 36 -1 32 5 60 -1 28 36 32 -1 10 61 36 61 28 69 60 10 32 10 70 61 32 28 28 58 28 46 32 28 32 -1 28 -1 -1 36 36 46 32 60 44 70 33 -1 41 28 28 80 73 10 70 36 28 61 32 28 70 70 28 32 55 10 28 36 
10 32 28 30 -1 -1 59 32 32 28 4 48 -1 85 54 51 32 70 28 36 32 53 36 32 32 12 47 36 4 32 -1 12 -1 28 36 32 4 30 59 36 61 28 69 60 10 25 12 32 12 30 48 25 48 12 46 32 25 32 4 12 4 4 36 36 46 32 30 44 30 32 4 32 28 32 80 73 10 70 46 28 25 32 37 70 48 28 32 55 32 28 25 
76 82 59 59 59 59 -1 23 -1 59 76 59 59 85 84 76 88 85 59 23 88 -1 23 8 23 59 8 88 59 59 59 59 88 59 59 21 53 59 59 59 35 59 69 60 59 24 59 26 23 76 59 88 48 21 40 87 86 35 59 -1 23 59 8 85 59 85 59 62 59 23 88 88 76 76 86 86 -1 86 88 59 59 59 59 76 59 76 59 -1 -1 76 26 
44 20 55 24 44 32 23 -1 23 44 44 44 48 85 56 78 20 85 44 23 -1 23 23 -1 23 66 23 78 85 44 44 60 20 20 36 24 20 44 44 78 66 44 69 60 -1 24 78 24 23 20 48 88 48 78 78 44 24 20 20 44 23 44 20 78 78 20 44 44 78 23 20 20 78 20 75 73 44 45 -1 20 61 24 20 23 71 20 20 55 20 88 71 
76 62 62 24 60 32 -1 23 -1 48 44 48 48 85 56 76 49 70 59 23 62 6 23 -1 23 90 -1 62 59 44 59 60 24 62 62 21 62 47 47 23 35 47 69 60 23 24 48 26 23 26 48 88 48 21 48 48 24 62 32 6 23 48 -1 62 48 62 23 62 24 23 47 62 76 47 75 73 6 90 23 60 61 24 23 23 48 62 24 6 6 76 26 
28 82 18 56 28 28 59 44 48 -1 28 -1 48 56 56 72 73 85 11 56 71 53 82 48 56 56 73 36 -1 11 59 85 28 28 -1 56 34 73 41 50 61 -1 69 60 29 73 82 73 11 73 -1 18 48 28 56 48 -1 56 28 11 28 28 36 85 82 29 56 44 50 33 28 41 28 -1 75 73 41 73 29 28 56 11 -1 73 11 28 56 55 73 28 34 
-1 36 55 37 -1 4 76 44 44 28 -1 44 46 54 54 72 44 70 28 36 44 53 36 44 32 46 47 36 4 44 37 46 4 28 36 32 4 -1 44 73 54 28 69 60 -1 71 -1 37 46 44 48 88 48 28 46 44 73 44 4 28 4 4 36 36 46 44 0 44 70 67 4 44 46 37 75 73 0 70 46 28 61 32 37 55 71 28 72 55 0 28 47 
44 29 18 48 28 48 59 44 48 -1 44 -1 48 84 84 51 29 70 -1 56 29 59 36 48 48 48 90 36 9 -1 59 48 29 81 -1 48 34 44 59 50 61 9 69 60 29 48 48 48 -1 29 9 18 48 28 48 48 9 29 52 -1 48 48 18 86 48 29 44 44 84 48 29 84 28 9 75 73 59 86 29 28 61 -1 9 55 -1 28 59 55 29 28 34 
46 46 55 25 5 -1 59 48 48 48 46 48 -1 85 54 51 46 85 59 56 46 53 48 48 48 -1 90 53 53 46 -1 -1 5 46 48 48 53 30 59 50 61 53 69 60 37 25 -1 37 -1 25 48 25 48 -1 46 48 25 46 5 -1 31 -1 53 53 46 46 25 44 31 48 5 45 46 37 80 86 59 45 46 53 25 48 46 55 48 31 59 55 46 53 25 
85 85 85 56 85 85 85 85 85 56 54 84 85 -1 -1 85 85 85 85 56 85 85 56 56 56 56 85 85 85 85 85 85 56 85 56 54 56 73 85 73 54 85 85 85 85 56 54 85 54 85 84 89 54 85 14 85 14 85 85 85 85 80 85 85 54 85 85 85 84 85 85 84 85 56 80 73 85 80 54 56 14 56 54 85 14 -1 56 85 89 -1 56 
54 79 86 56 80 54 84 56 56 56 54 84 54 -1 -1 56 54 85 56 56 84 54 56 56 56 56 56 56 56 84 54 84 56 54 56 54 56 73 80 73 54 56 69 64 84 56 54 56 54 73 84 56 54 54 -1 54 -1 54 56 84 79 80 56 85 54 56 54 84 84 56 80 84 54 56 80 73 85 80 54 56 -1 56 54 56 -1 13 56 55 89 13 56 
76 86 51 51 72 51 76 78 76 72 72 51 51 85 56 -1 72 85 51 56 88 72 66 72 86 51 73 88 72 51 51 51 72 72 51 86 51 73 76 73 66 51 72 72 66 51 72 73 72 73 59 -1 72 72 72 51 51 88 72 51 66 72 51 86 72 72 51 62 51 72 72 51 -1 72 75 73 72 86 72 72 51 51 72 72 51 72 72 76 51 72 51 
88 -1 33 49 32 32 88 20 49 73 44 29 46 85 54 72 -1 70 29 65 -1 88 36 20 32 46 49 88 33 -1 32 46 -1 -1 29 32 1 44 44 73 54 33 69 64 -1 73 -1 70 46 -1 48 88 48 33 46 -1 73 20 1 29 32 32 20 85 46 -1 44 44 70 33 -1 20 46 -1 75 73 49 70 29 1 77 33 1 49 29 20 1 55 -1 88 33 
85 70 83 70 70 70 85 85 70 85 70 70 85 85 85 85 70 -1 85 83 85 85 83 83 70 70 70 85 85 70 70 85 70 70 70 70 70 70 85 70 70 85 83 83 70 77 70 70 83 83 70 85 70 85 70 83 70 83 70 85 70 70 85 85 83 85 83 83 70 83 -1 85 85 70 80 73 85 70 70 85 77 70 83 -1 70 -1 77 83 70 85 70 
88 36 -1 51 28 28 59 44 59 11 28 -1 59 85 56 51 29 85 -1 56 62 53 36 48 48 51 90 36 -1 11 59 59 28 2 -1 90 34 59 41 59 61 -1 69 60 29 51 48 41 11 41 59 -1 48 28 48 2 34 62 28 -1 28 28 2 85 48 29 51 62 84 33 28 41 28 11 80 86 41 86 29 28 51 11 59 55 11 28 2 55 51 28 2 
66 36 86 56 36 36 23 23 23 56 36 56 56 56 56 56 65 83 56 -1 65 53 -1 22 56 56 23 36 56 65 66 66 56 65 56 56 22 66 85 22 66 56 69 60 65 56 65 56 23 65 39 56 48 36 56 65 -1 65 36 82 23 36 36 85 83 -1 22 69 39 65 65 65 73 56 75 73 85 86 39 56 56 56 22 22 56 65 56 65 65 56 56 
88 -1 62 49 32 32 88 -1 62 71 44 29 46 85 84 88 -1 85 62 65 -1 57 23 7 23 66 49 88 85 16 44 85 16 16 36 57 1 44 44 73 57 71 69 60 -1 71 16 44 23 16 84 88 58 36 46 16 65 -1 1 44 23 44 -1 85 46 -1 44 44 70 57 16 -1 46 16 75 73 85 70 7 1 61 33 1 49 71 -1 1 55 -1 88 71 
76 53 90 35 53 53 -1 23 6 53 53 59 53 85 54 72 88 85 53 53 57 -1 53 8 35 53 8 53 53 59 53 53 35 53 53 -1 53 47 59 53 35 53 69 60 57 35 53 35 35 76 59 88 48 -1 40 87 35 35 35 6 23 40 8 53 53 57 40 62 35 57 47 90 53 45 80 86 6 90 53 53 53 35 59 53 59 53 35 6 6 53 35 
66 36 62 24 36 36 23 23 23 82 36 36 48 56 56 66 36 83 36 -1 23 53 -1 -1 23 66 23 36 36 65 66 66 24 69 36 24 -1 66 66 -1 66 82 69 60 66 24 82 24 23 83 39 66 48 36 66 83 19 69 36 82 23 36 36 36 83 19 -1 62 39 23 83 66 73 39 75 73 66 83 39 36 66 24 -1 -1 50 65 24 83 36 36 36 
66 20 55 24 60 32 8 -1 -1 48 44 48 48 56 56 72 20 83 48 22 7 8 -1 -1 -1 24 8 36 60 44 24 60 24 69 36 24 22 44 44 22 35 44 69 60 7 24 48 24 -1 24 48 25 48 36 48 48 24 69 32 8 -1 48 8 86 48 69 22 69 24 -1 47 20 48 39 80 86 8 45 7 60 61 24 22 22 48 20 24 8 8 60 24 
32 86 86 -1 32 32 23 23 23 56 32 48 48 56 56 86 32 70 48 56 23 35 23 -1 -1 3 47 86 32 32 3 48 -1 81 56 -1 23 47 47 23 35 47 69 60 23 -1 48 -1 -1 3 48 25 48 35 40 48 -1 35 32 86 23 48 23 86 48 32 23 69 3 23 47 45 86 45 86 86 47 45 23 56 25 -1 23 23 48 47 -1 55 32 32 3 
66 79 90 -1 12 12 59 66 90 56 46 48 -1 56 56 51 46 70 51 56 66 53 66 24 3 -1 90 53 51 66 3 12 12 90 56 90 53 66 49 66 66 51 69 66 66 -1 12 90 12 3 48 -1 48 12 46 48 -1 90 12 12 66 12 90 86 46 56 -1 66 3 24 68 45 46 45 80 73 49 45 46 56 -1 24 46 49 56 31 56 55 51 88 -1 
76 49 90 49 70 47 8 23 -1 73 47 90 90 85 56 73 49 70 90 23 49 8 23 8 47 90 -1 62 47 49 47 60 47 49 90 90 62 47 47 73 90 47 69 60 47 90 49 -1 23 -1 48 90 48 21 49 49 47 90 47 8 23 47 8 85 83 49 47 62 49 23 47 90 73 47 75 73 49 90 23 49 90 47 47 49 90 47 47 8 8 76 -1 
88 36 62 68 36 36 88 78 62 36 36 36 53 85 56 88 88 85 36 36 88 53 36 36 86 53 62 -1 53 78 53 53 36 53 36 53 -1 73 85 -1 53 53 69 60 78 73 78 73 50 73 39 88 50 -1 78 88 36 88 36 50 36 36 36 -1 78 78 36 62 39 36 36 88 53 39 75 73 85 86 -1 36 53 36 36 36 50 63 63 88 -1 88 36 
10 79 18 59 -1 4 59 85 59 -1 4 9 53 85 56 72 33 85 -1 56 85 53 36 60 32 51 47 53 -1 11 59 85 4 -1 9 53 4 61 41 50 61 -1 69 60 10 71 72 41 61 33 9 18 58 -1 61 18 9 69 4 -1 4 -1 18 85 72 85 59 69 70 33 4 41 -1 9 80 73 72 70 53 -1 61 33 9 69 11 -1 59 59 89 -1 18 
44 16 18 49 32 32 59 44 44 11 44 -1 46 85 84 51 -1 70 11 65 16 59 65 44 32 66 49 78 11 -1 44 66 16 16 11 32 16 44 44 78 66 11 69 64 -1 71 16 44 11 16 11 18 48 78 46 16 11 20 16 11 66 44 20 78 46 -1 44 44 70 65 16 44 46 16 75 73 44 70 -1 16 61 11 11 49 11 65 16 55 16 88 34 
66 82 59 -1 5 -1 59 44 59 59 37 59 -1 85 54 51 32 70 59 66 44 53 66 24 3 3 47 53 59 44 -1 12 5 59 59 24 5 -1 59 59 66 59 69 66 37 24 12 37 12 3 59 25 48 12 46 44 24 35 5 -1 66 12 36 86 46 32 -1 44 3 24 5 44 46 37 75 73 49 86 46 59 25 24 37 49 59 31 59 59 59 59 3 
66 79 55 68 60 12 59 60 60 85 46 48 -1 85 84 51 46 85 59 66 85 53 66 60 48 12 60 53 85 66 12 -1 12 85 48 66 53 66 85 68 66 85 69 60 66 25 12 66 12 68 48 25 48 12 46 48 25 85 60 12 -1 12 85 85 46 85 -1 66 -1 60 68 66 46 66 80 73 85 70 46 60 25 48 46 66 68 -1 59 55 66 85 25 
10 16 33 24 -1 -1 88 20 24 28 4 29 5 56 56 72 -1 70 28 56 16 35 24 24 -1 12 47 36 4 16 5 12 -1 16 36 24 4 10 44 73 35 28 69 60 16 24 16 24 24 16 48 88 58 12 46 16 24 20 -1 12 4 4 20 86 46 16 30 44 24 24 4 20 28 16 75 73 49 45 29 16 61 24 16 49 29 20 24 55 16 28 24 
88 16 -1 49 28 28 59 20 62 28 28 81 46 85 54 72 -1 70 2 65 16 53 69 69 81 90 49 53 -1 16 59 85 16 -1 18 69 16 44 41 73 61 28 69 60 16 73 16 70 46 16 28 18 48 28 46 2 28 69 16 28 28 28 2 85 46 16 44 69 70 -1 16 20 28 16 75 73 49 70 29 28 61 -1 16 69 81 28 2 55 16 28 2 
36 36 18 90 36 36 59 36 62 -1 36 -1 48 56 56 51 29 70 -1 56 36 53 36 36 56 56 90 36 9 11 59 48 36 18 -1 90 -1 73 41 36 90 9 69 60 29 90 48 90 11 73 9 18 48 36 56 18 -1 90 36 11 36 28 36 36 48 29 36 62 84 33 36 90 28 9 75 73 41 90 29 56 56 11 9 36 11 28 56 55 36 28 -1 
66 57 90 24 32 32 21 24 21 56 32 48 48 54 54 86 32 70 90 56 57 -1 24 24 -1 90 90 53 53 32 24 66 24 69 90 -1 53 47 47 24 -1 90 69 60 57 24 48 24 24 24 48 90 48 21 40 48 24 -1 32 21 24 40 57 86 48 57 40 69 24 57 47 90 86 45 80 86 21 90 24 56 61 24 24 69 90 57 24 21 21 53 -1 
10 -1 62 90 -1 4 53 20 62 34 4 34 53 56 56 51 1 70 34 22 1 53 -1 22 23 53 62 -1 4 16 5 53 4 16 -1 53 -1 10 61 22 61 28 69 60 10 90 10 70 23 16 34 34 58 -1 46 16 34 20 1 28 4 4 -1 27 83 16 22 62 39 23 4 20 28 16 80 86 10 70 27 1 61 34 1 22 34 20 1 53 27 28 34 
10 82 55 30 10 30 59 44 47 73 -1 44 30 73 73 73 44 70 59 66 44 47 66 44 47 66 47 73 61 44 -1 66 10 44 73 47 10 -1 44 73 61 44 69 66 -1 73 10 -1 61 73 59 66 61 30 46 44 73 44 10 30 66 -1 44 73 46 44 -1 44 30 67 47 44 73 -1 75 73 10 70 44 61 61 47 -1 55 71 44 47 55 10 61 47 
76 44 41 49 61 59 59 44 47 41 44 59 59 85 80 76 44 85 41 85 44 59 66 44 47 49 47 85 41 44 59 85 44 41 41 47 61 44 -1 59 61 -1 69 61 -1 47 44 -1 61 -1 59 41 61 41 61 44 41 44 61 -1 61 -1 44 85 83 85 44 44 49 67 47 41 76 47 80 73 -1 70 44 41 61 47 59 49 59 -1 59 55 44 76 47 
66 36 55 68 36 36 59 78 23 50 73 50 50 73 73 73 73 70 59 22 73 53 -1 22 23 66 73 -1 50 78 59 68 73 73 36 24 22 73 59 -1 66 50 69 60 66 73 78 73 50 73 -1 88 50 27 78 50 73 69 36 50 23 50 36 27 78 22 22 62 -1 23 68 73 73 -1 75 73 73 70 -1 73 61 24 22 22 50 63 59 55 27 88 68 
66 54 90 35 61 61 35 66 35 61 54 61 61 54 54 66 54 70 61 66 57 35 66 35 35 66 90 53 61 66 66 66 35 61 90 -1 61 61 61 66 -1 61 69 66 66 35 54 35 61 61 61 66 61 35 -1 61 35 35 61 61 66 -1 57 85 54 54 -1 66 66 57 61 66 54 61 80 73 61 80 54 61 61 35 54 66 54 61 35 35 66 61 35 
76 71 18 49 28 28 59 44 47 -1 28 9 53 85 56 51 33 85 -1 56 71 53 82 44 47 51 47 53 -1 11 59 85 28 28 9 90 28 44 -1 50 61 -1 69 60 38 71 72 38 11 38 9 18 48 28 56 18 9 71 28 18 28 28 18 85 72 71 44 44 84 33 28 -1 28 9 75 73 38 71 29 28 61 11 9 49 71 28 18 55 51 28 71 
69 69 69 69 69 69 69 69 69 69 69 69 69 85 69 72 69 83 69 69 69 69 69 69 69 69 69 69 69 69 69 69 69 69 69 69 69 69 69 69 69 69 -1 69 69 69 69 69 69 83 69 69 69 69 69 83 69 69 69 69 69 69 69 85 83 69 69 69 83 -1 83 69 69 69 75 73 83 83 69 69 69 69 69 69 69 69 69 83 69 69 69 
66 79 83 60 60 60 60 60 60 60 60 60 60 85 64 72 64 83 60 60 60 60 60 60 60 66 60 60 60 64 66 60 60 60 60 60 60 66 61 60 66 60 69 -1 66 60 64 60 60 83 60 66 60 60 64 83 79 69 60 60 -1 60 60 85 -1 64 60 66 60 60 60 66 64 64 80 73 66 70 64 60 61 60 64 64 68 60 60 83 64 60 66 
10 16 55 37 10 10 59 -1 23 29 -1 29 37 85 84 66 -1 70 29 65 -1 57 66 7 23 66 47 78 10 -1 37 66 16 16 29 57 10 -1 -1 66 66 38 69 66 -1 71 10 37 55 16 55 66 55 28 46 -1 66 20 10 38 66 37 20 85 46 16 -1 -1 66 67 16 -1 46 16 75 73 38 70 7 16 61 29 37 55 71 20 16 55 16 76 71 
66 71 90 24 32 25 24 24 24 73 71 48 25 56 56 51 73 77 51 56 71 35 24 24 -1 -1 90 73 71 71 24 25 24 73 90 24 90 73 47 73 35 71 69 60 71 -1 25 24 24 73 48 25 48 25 40 48 24 35 32 25 24 25 71 86 46 71 25 71 24 24 77 -1 73 -1 75 73 73 -1 73 56 25 24 73 73 71 71 24 55 51 71 -1 
10 16 33 25 10 12 59 78 48 82 -1 48 -1 54 54 72 -1 70 48 65 16 53 82 48 48 12 49 78 72 16 12 12 16 16 48 48 10 10 44 78 54 72 69 64 10 25 -1 37 -1 16 48 25 48 12 -1 16 25 20 10 12 10 12 20 78 -1 16 10 44 31 33 16 20 -1 16 75 73 72 70 -1 16 25 33 -1 64 48 20 72 55 16 72 25 
37 70 90 24 70 32 26 24 26 73 37 48 37 85 56 73 70 70 41 56 44 35 24 24 -1 90 -1 73 41 44 37 66 24 70 90 24 70 -1 -1 73 35 38 69 60 37 24 37 -1 24 26 48 90 48 35 40 44 24 35 32 38 24 37 26 85 83 70 37 44 70 24 -1 90 73 -1 75 73 38 70 73 56 61 24 37 70 70 38 24 26 70 76 -1 
46 46 55 24 61 12 23 23 23 11 46 -1 -1 54 54 72 46 83 11 23 23 35 23 -1 -1 12 23 50 61 11 12 12 24 46 11 24 23 61 61 50 61 11 69 60 55 24 -1 24 -1 24 -1 18 -1 12 46 -1 24 35 52 11 23 -1 23 86 46 29 23 55 24 23 46 45 46 11 80 86 61 45 46 56 61 11 46 55 11 31 24 55 46 61 24 
76 16 33 -1 32 30 76 20 26 73 44 29 25 85 73 73 -1 83 41 65 16 76 83 24 3 3 -1 73 33 16 3 68 16 16 73 24 16 73 -1 73 61 38 83 83 16 73 16 26 24 -1 59 25 48 25 46 16 73 20 16 38 24 38 20 85 83 16 25 44 3 83 16 20 73 -1 75 73 -1 70 29 16 25 24 16 -1 68 38 16 55 16 76 3 
48 82 55 48 28 48 59 48 48 -1 48 9 48 84 84 59 48 70 59 39 84 59 39 48 48 48 48 39 9 11 59 48 48 28 9 48 34 59 59 -1 61 9 69 60 55 48 48 48 -1 59 -1 59 48 28 48 48 9 48 52 -1 48 48 36 39 48 29 39 55 39 48 68 84 28 9 75 73 59 86 39 28 61 11 9 39 -1 28 59 55 39 28 34 
88 88 18 25 28 25 88 88 88 18 88 18 25 89 56 -1 88 85 -1 56 88 88 66 25 25 -1 90 88 18 18 25 25 88 18 18 90 34 66 41 88 66 18 69 66 66 25 25 90 18 25 59 -1 48 25 46 18 25 88 28 18 66 25 18 88 46 88 25 62 25 33 88 41 15 45 80 73 72 45 88 28 25 18 59 49 18 28 18 88 -1 88 25 
48 58 55 48 58 48 48 48 48 48 48 48 48 54 54 72 48 70 48 48 58 48 48 48 48 48 48 50 58 48 48 48 58 48 48 48 58 61 61 50 61 48 69 60 55 48 48 48 -1 48 48 48 -1 48 48 48 48 48 -1 48 48 48 48 86 48 48 48 55 48 48 58 48 48 48 80 86 61 48 48 58 61 48 48 55 48 48 48 55 48 58 48 
88 36 28 25 28 12 21 78 21 28 28 28 -1 85 54 72 33 85 28 36 36 -1 36 36 35 12 21 -1 -1 78 12 12 12 28 36 21 -1 30 41 27 35 28 69 60 28 25 12 35 12 25 28 25 48 -1 46 48 25 35 28 12 28 12 36 27 46 85 25 62 31 33 28 41 28 28 80 73 21 45 27 28 25 33 28 36 28 28 36 21 27 28 25 
46 46 46 40 46 46 40 78 48 56 46 48 46 14 -1 72 46 70 48 56 46 40 66 48 40 46 49 78 61 46 46 46 46 46 56 40 46 46 61 78 -1 56 69 64 46 40 -1 40 46 46 48 46 48 46 -1 46 14 40 46 46 66 40 46 78 46 46 40 46 84 46 46 84 46 46 80 73 72 80 46 56 14 40 46 64 14 14 56 55 46 14 40 
44 16 -1 48 32 32 87 44 48 48 44 48 48 85 54 51 -1 83 2 65 16 87 83 48 48 48 49 88 18 16 44 48 16 2 18 48 16 44 44 50 61 18 83 83 -1 48 16 44 -1 16 48 18 48 48 46 -1 48 20 16 18 48 48 2 86 83 16 44 44 70 83 16 44 46 16 75 73 44 70 29 16 61 33 16 -1 48 20 2 -1 16 88 2 
66 79 86 24 28 25 86 24 24 -1 73 9 25 14 -1 51 73 70 34 -1 65 35 19 24 -1 -1 47 36 9 11 24 25 24 28 -1 24 34 73 41 73 35 9 69 79 66 24 25 24 24 73 9 25 48 25 14 48 -1 35 32 86 79 25 36 86 46 19 25 62 24 24 47 41 73 -1 75 73 73 86 73 -1 14 24 9 22 14 14 -1 55 51 14 25 
88 20 62 35 32 32 35 20 62 56 44 29 46 85 54 88 20 83 62 65 -1 35 69 69 35 90 90 88 69 20 35 85 20 69 90 -1 20 44 44 69 35 71 69 69 20 35 20 35 35 20 48 88 48 35 40 20 35 -1 20 35 69 40 20 85 83 20 40 69 35 -1 20 20 46 20 75 73 85 90 20 20 61 35 20 69 71 20 20 35 20 88 35 
10 -1 86 32 -1 4 59 20 32 28 4 52 5 85 56 72 1 70 28 36 1 35 36 32 32 12 47 36 4 16 5 60 -1 16 36 32 1 10 61 36 61 28 69 60 10 32 10 32 52 16 52 28 -1 28 46 16 32 20 -1 28 4 4 20 86 46 16 60 44 70 32 4 20 28 16 80 86 10 70 20 1 61 32 1 70 52 20 1 55 16 28 32 
66 82 18 30 28 12 -1 44 6 11 28 -1 -1 85 84 51 29 85 -1 82 44 6 82 8 86 12 8 50 -1 11 -1 12 12 28 11 21 28 30 -1 50 61 18 69 60 38 25 12 38 11 38 -1 18 48 12 46 18 86 35 28 -1 28 12 8 86 46 29 30 44 30 33 28 41 28 11 86 86 6 86 29 28 25 11 -1 49 11 28 -1 6 6 28 18 
66 79 28 24 -1 4 23 23 23 28 4 48 31 85 79 66 32 70 28 23 23 23 23 -1 23 66 23 36 4 66 66 -1 4 28 36 24 4 66 61 23 66 28 69 -1 66 24 10 24 23 24 48 66 48 28 66 48 79 69 4 28 -1 4 23 85 43 69 -1 66 31 23 4 66 28 66 80 73 66 70 23 -1 61 24 23 23 68 31 24 23 66 28 66 
10 36 28 25 -1 4 59 44 48 28 4 48 -1 80 80 72 32 70 28 36 44 40 36 48 48 12 47 36 -1 44 12 12 4 28 28 40 4 -1 -1 50 -1 28 69 60 37 25 12 37 -1 38 48 25 48 12 40 48 25 40 4 12 4 -1 36 85 46 85 37 44 31 33 4 41 28 37 80 73 38 80 46 28 -1 33 37 49 48 28 48 55 89 28 25 
88 20 -1 90 36 36 8 20 -1 36 36 18 53 85 56 51 20 85 2 36 -1 8 36 8 23 90 8 36 18 20 36 85 20 2 36 57 -1 44 44 36 57 18 69 60 20 71 20 26 23 20 36 18 48 36 46 2 36 20 20 8 23 36 -1 36 46 20 36 -1 39 67 20 20 86 20 86 86 8 86 20 20 61 33 20 36 71 20 2 8 20 88 2 
85 86 86 86 36 36 85 78 62 85 36 86 53 85 85 86 85 85 85 85 85 53 36 86 86 86 85 -1 85 78 86 85 86 85 36 86 27 73 85 27 85 85 85 85 85 86 78 85 86 85 39 88 86 27 78 86 86 85 86 86 85 85 36 -1 78 85 85 62 39 85 85 85 86 39 86 86 85 86 27 85 86 86 86 85 50 -1 -1 85 27 85 86 
46 46 83 83 46 46 59 78 48 82 46 48 46 54 54 72 46 83 48 83 46 53 83 48 48 46 83 78 72 46 46 46 46 46 48 48 83 46 83 78 54 72 83 -1 46 46 -1 83 46 83 48 46 48 46 46 83 46 83 46 46 43 46 46 78 -1 46 60 83 83 83 83 46 46 46 75 73 72 83 46 60 46 46 46 -1 48 83 72 83 46 72 46 
85 16 33 49 32 32 85 20 62 29 44 29 46 85 56 72 -1 85 29 -1 -1 57 19 69 32 56 49 78 85 -1 32 85 16 16 29 57 16 44 85 22 54 71 69 64 16 71 16 70 29 16 29 88 48 85 46 16 19 20 16 29 69 85 20 85 46 -1 22 69 70 -1 16 20 46 16 75 73 85 70 29 16 56 29 16 69 29 -1 16 55 16 85 71 
-1 36 55 25 60 30 59 44 23 56 0 44 25 85 54 51 44 83 51 22 44 40 -1 22 23 -1 47 36 59 44 -1 -1 30 44 36 40 22 -1 44 22 -1 44 69 60 -1 25 10 37 23 25 39 25 48 25 40 44 25 40 60 30 -1 37 36 85 60 22 -1 44 31 23 44 44 73 37 80 73 0 45 39 60 25 24 22 22 68 31 56 55 0 76 25 
44 44 62 44 44 44 62 44 62 44 44 44 44 85 84 62 44 83 62 69 44 62 62 69 69 66 62 62 69 44 44 66 44 69 62 69 62 44 44 62 66 44 69 66 -1 71 44 44 55 44 55 62 55 62 46 44 62 69 44 44 66 44 -1 62 83 69 44 -1 66 -1 44 44 46 44 75 73 44 70 44 44 61 69 44 69 71 44 62 55 44 69 62 
66 70 90 -1 70 30 59 78 24 50 70 84 31 84 84 51 70 70 84 39 70 35 39 24 3 3 49 39 70 70 3 -1 24 70 84 24 39 30 49 -1 66 84 83 60 66 24 31 70 24 3 39 25 48 31 84 70 24 35 70 30 31 31 39 39 83 70 31 66 -1 83 -1 84 73 39 75 73 49 70 39 60 25 24 39 70 -1 31 24 70 39 70 3 
66 33 33 24 33 32 23 23 23 33 67 48 48 85 56 72 33 83 33 65 57 57 23 -1 23 24 23 36 33 65 24 60 24 -1 33 57 23 67 67 23 57 33 -1 60 67 24 33 24 23 83 48 33 48 33 46 83 24 -1 32 33 23 33 67 85 83 -1 23 -1 83 -1 83 57 33 33 75 73 83 83 23 33 61 33 23 -1 48 65 24 83 33 33 33 
10 16 33 68 -1 4 88 20 47 28 4 29 5 85 80 72 -1 -1 28 65 16 47 83 47 47 68 47 36 4 16 5 68 4 16 36 47 4 47 47 68 61 28 83 60 16 77 16 -1 46 16 68 88 58 28 46 16 47 20 4 28 4 4 20 85 83 16 44 44 -1 83 -1 20 28 16 80 73 47 -1 29 16 77 33 16 -1 68 17 77 55 16 28 47 
44 20 90 90 41 32 88 20 62 41 44 84 45 84 84 51 20 85 41 65 -1 90 66 20 45 45 90 88 41 44 44 66 20 20 90 90 20 44 41 73 66 -1 69 66 -1 -1 20 90 45 20 84 41 48 41 84 44 41 20 20 41 66 41 20 85 46 20 44 44 84 57 20 -1 41 45 75 73 41 45 20 20 45 45 20 55 -1 20 20 55 20 41 -1 
76 86 86 73 28 28 76 78 76 28 46 28 46 85 54 -1 46 85 28 73 46 53 73 48 86 46 73 53 -1 46 46 46 28 28 28 86 28 73 76 73 54 28 69 64 46 73 -1 73 46 73 28 15 48 28 46 46 73 46 28 28 28 28 86 86 46 46 73 46 73 33 28 41 -1 -1 75 73 -1 86 46 28 61 33 46 64 28 28 -1 76 46 28 73 
37 16 33 49 28 32 76 20 47 -1 37 9 37 56 56 72 -1 70 11 56 16 45 39 39 45 45 47 39 9 16 37 66 16 16 9 45 16 -1 47 -1 61 9 69 64 16 -1 16 -1 11 -1 9 45 48 28 46 16 -1 20 16 11 66 37 20 39 46 16 37 44 39 33 16 45 -1 -1 75 -1 49 45 39 56 45 11 9 49 11 20 56 55 16 28 45 
80 86 86 80 80 80 86 75 75 75 75 75 80 80 80 75 75 80 80 75 75 80 75 80 86 80 75 75 80 75 75 80 75 75 75 80 80 75 80 75 80 75 75 80 75 75 75 75 80 75 75 80 80 80 80 75 75 75 80 86 80 80 86 86 75 75 80 75 75 75 80 75 75 75 -1 -1 75 80 75 75 -1 86 75 75 80 80 75 75 75 80 80 
73 86 86 73 73 73 86 73 73 73 73 73 86 73 73 73 73 73 86 73 73 86 73 86 86 73 73 73 73 73 73 73 73 73 73 86 86 73 73 73 73 73 73 73 73 73 73 73 86 73 73 73 86 73 73 73 73 73 86 86 73 73 86 86 73 73 73 73 73 73 73 73 73 -1 -1 -1 73 86 73 73 74 86 73 73 73 86 -1 73 73 73 73 
-1 49 86 49 10 10 -1 44 6 41 0 59 59 85 85 72 49 85 41 85 85 6 66 8 47 49 49 85 72 44 49 85 49 49 41 21 10 10 -1 73 61 38 83 66 38 73 72 38 61 -1 59 72 61 21 72 44 73 85 10 6 66 38 8 85 72 85 0 44 49 83 47 41 -1 49 75 73 -1 86 72 72 61 47 59 49 59 -1 72 6 0 -1 47 
66 86 86 90 70 70 86 45 90 73 70 86 45 80 80 86 70 70 86 86 70 90 83 45 45 45 90 86 70 70 86 70 45 70 90 90 70 70 70 70 80 71 83 70 70 -1 70 70 45 70 86 45 48 45 80 70 86 90 70 86 70 80 86 86 83 70 45 70 70 83 -1 45 86 45 80 86 86 -1 70 86 -1 45 86 70 70 70 -1 70 70 70 -1 
46 20 29 68 36 46 88 -1 23 29 46 29 46 54 54 72 29 70 29 39 7 53 39 7 23 46 23 -1 53 -1 46 46 29 29 29 24 27 44 44 -1 54 29 69 64 7 73 -1 73 46 29 39 88 48 27 46 29 73 20 20 29 23 46 20 27 46 29 39 44 39 23 29 20 46 39 75 73 72 70 -1 20 46 29 46 39 29 20 63 55 27 88 34 
66 -1 28 56 28 28 59 20 60 28 28 28 53 56 56 72 1 85 28 56 1 53 36 60 56 56 49 36 -1 16 59 60 16 28 56 56 1 61 41 73 61 28 69 60 16 56 16 56 56 16 28 28 58 28 56 16 -1 20 1 28 -1 28 20 85 60 16 60 44 60 33 16 20 28 56 75 73 72 86 20 -1 56 33 1 36 56 28 1 55 16 28 56 
66 86 86 25 61 25 59 61 61 56 61 61 25 14 -1 51 77 77 51 56 61 53 66 61 25 -1 90 53 61 61 25 25 61 61 56 61 61 61 61 61 61 61 69 61 61 25 25 61 61 25 61 25 61 25 14 61 14 61 61 25 61 -1 61 86 46 56 25 61 25 61 77 45 61 45 -1 74 61 -1 46 56 -1 25 61 77 14 14 77 61 51 14 25 
88 33 33 24 32 32 59 24 24 11 32 -1 48 56 56 51 33 70 11 56 33 35 24 24 -1 24 47 36 33 11 24 48 24 -1 11 24 34 47 47 24 35 11 69 60 29 24 33 24 11 24 11 18 48 33 40 33 24 35 32 11 24 33 33 86 46 29 24 69 24 33 33 45 33 11 86 86 47 45 29 33 25 -1 11 69 11 33 24 55 33 33 24 
37 -1 59 37 28 37 59 20 23 -1 37 9 46 54 54 72 1 83 59 22 1 59 -1 22 23 46 47 36 9 11 37 46 16 16 9 24 1 -1 59 22 54 9 69 64 37 73 -1 37 46 16 9 59 48 28 46 16 9 20 1 -1 23 37 20 86 46 16 22 44 39 23 16 20 46 9 75 73 59 86 46 1 61 11 -1 22 11 20 1 59 16 28 34 
66 36 55 49 70 70 76 23 23 73 55 55 55 85 56 72 49 -1 55 22 49 53 -1 22 23 49 49 36 69 49 49 66 49 69 36 69 22 55 49 22 66 49 69 64 55 73 64 70 55 -1 39 49 55 36 64 -1 22 69 70 49 23 49 36 85 -1 69 22 69 70 -1 -1 55 64 49 75 73 49 70 39 36 77 69 22 -1 70 17 55 55 49 76 49 
68 71 18 68 70 48 59 71 48 11 71 -1 48 14 -1 51 29 70 11 56 71 59 50 48 48 56 90 50 11 11 59 68 29 81 11 90 34 71 59 50 54 71 69 68 71 71 48 70 11 68 -1 18 48 28 14 48 14 71 52 11 68 48 71 50 48 29 68 71 -1 48 68 -1 28 11 80 73 59 70 29 56 14 11 11 70 -1 14 56 55 71 14 71 
76 20 28 49 28 28 76 20 62 28 28 28 31 -1 13 72 20 -1 28 65 -1 53 65 20 47 31 47 63 -1 65 31 -1 20 28 28 57 20 44 -1 63 61 28 69 60 20 71 20 38 31 38 28 28 48 28 14 20 14 20 20 28 31 28 20 -1 83 -1 31 44 31 65 17 20 28 20 80 86 -1 70 20 28 14 33 20 17 14 -1 63 76 20 13 47 
76 -1 -1 24 32 32 59 20 24 56 72 59 59 56 56 72 1 77 2 56 1 35 24 24 -1 56 47 63 59 16 59 59 24 2 56 24 1 47 59 59 35 18 69 60 16 24 72 24 24 16 59 18 48 36 56 2 -1 20 1 -1 24 48 2 -1 72 16 56 62 24 24 77 20 -1 56 75 -1 72 -1 63 1 77 24 1 55 56 63 -1 55 16 59 2 
76 55 55 55 55 55 -1 55 6 55 55 55 55 85 55 76 55 83 55 65 55 6 83 8 55 55 8 88 59 55 59 55 55 55 55 21 53 55 55 55 35 55 83 83 55 55 55 26 55 55 55 88 55 21 55 -1 55 35 55 6 23 55 8 85 83 55 55 55 70 83 55 55 76 55 75 73 6 70 55 55 61 55 59 55 55 76 55 -1 6 76 55 
-1 16 33 49 10 32 -1 20 6 73 0 29 46 89 89 51 -1 70 51 65 -1 6 36 8 32 51 8 -1 89 16 59 66 16 16 36 21 27 10 44 27 66 51 69 64 16 51 16 70 46 16 39 -1 48 27 46 16 51 20 16 6 66 89 20 27 46 16 0 44 39 33 16 20 46 16 75 73 0 70 27 16 51 33 16 49 71 20 16 6 -1 -1 51 
76 79 28 76 28 28 76 88 76 28 28 28 53 -1 13 72 88 85 28 56 88 53 36 60 32 88 76 88 -1 88 59 85 28 28 28 53 28 61 76 88 61 28 69 60 76 71 72 76 61 76 28 88 58 28 14 88 14 88 28 28 28 28 88 85 72 85 76 69 70 33 28 41 28 28 80 73 -1 70 88 28 14 33 28 76 14 13 59 76 -1 -1 28 
66 36 -1 -1 36 25 26 71 26 34 47 34 25 56 56 51 33 70 2 56 71 35 36 24 3 -1 -1 36 18 34 3 25 24 2 -1 -1 34 47 47 68 35 71 69 66 71 -1 25 -1 24 3 34 25 48 25 40 2 25 35 32 18 66 25 2 86 46 71 25 62 3 33 47 -1 73 45 80 73 47 -1 34 56 25 24 34 49 71 47 2 55 51 28 -1 
