97
10 66
-1 45 -1 36 -1 64 4 58 46 4 87 53 64 59 4 64 20 36 35 -1 2 -1 69 6 74 31 27 -1 2 45 6 9 65 53 35 4 27 27 64 59 20 9 27 71 57 19 27 2 35 -1 77 46 70 21 35 14 41 49 21 27 49 64 30 4 -1 21 20 14 69 4 4 63 94 64 64 64 35 64 79 21 35 27 73 36 73 31 36 19 19 69 9 6 65 49 19 46 65 
45 -1 20 -1 35 36 41 58 81 41 36 82 15 86 36 3 37 36 -1 45 15 58 76 41 35 56 37 81 37 45 37 72 72 36 35 18 3 3 15 59 20 -1 37 72 37 -1 81 36 72 41 82 58 41 58 72 36 41 18 41 15 3 41 45 45 15 60 20 45 72 35 72 63 -1 72 36 15 3 82 79 72 15 -1 81 56 86 72 72 35 41 92 41 63 41 86 72 45 37 
-1 20 -1 20 0 47 4 20 46 4 47 53 20 38 47 20 20 47 57 0 -1 0 69 6 34 31 27 0 -1 45 20 20 30 20 20 4 47 28 20 59 20 9 79 94 37 19 27 -1 79 0 40 32 30 21 57 28 44 47 21 20 47 64 30 4 0 21 20 47 30 4 28 63 94 64 40 20 20 40 79 28 20 27 73 47 73 40 47 19 19 69 9 40 20 28 47 55 37 
36 -1 20 -1 15 36 36 15 85 15 36 60 15 38 36 -1 37 36 1 45 15 20 76 41 74 31 37 36 37 45 37 15 15 36 36 36 -1 -1 15 59 20 1 37 72 37 1 36 36 36 60 40 88 37 60 36 36 76 18 37 15 -1 64 37 45 15 60 20 36 37 36 37 86 1 31 36 15 -1 36 36 37 15 1 81 36 86 76 36 36 76 59 15 36 37 37 15 45 37 
-1 35 0 15 -1 36 -1 67 90 -1 87 31 15 69 -1 9 35 36 35 0 47 0 69 6 35 31 27 0 70 63 6 9 30 30 35 -1 14 30 69 89 69 9 70 71 23 63 27 -1 35 0 69 67 70 21 35 14 41 47 21 15 14 63 30 -1 0 21 47 14 69 -1 -1 63 31 31 6 15 35 35 79 21 35 27 73 71 73 31 35 35 19 69 9 6 23 49 9 54 35 
64 36 47 36 36 -1 91 75 85 36 17 53 36 38 36 36 33 -1 36 64 64 53 76 52 74 76 36 36 55 95 33 36 33 -1 77 36 -1 33 17 59 77 76 52 83 74 91 36 36 36 64 77 88 33 33 36 -1 76 47 33 36 36 64 33 91 -1 77 64 36 33 36 52 83 86 64 17 17 -1 -1 17 55 36 36 77 17 73 76 36 91 76 69 17 -1 33 55 47 55 77 
4 41 4 36 -1 91 -1 44 67 4 74 44 32 44 -1 9 30 74 35 4 30 4 69 -1 74 44 37 4 37 45 -1 9 30 30 35 4 14 30 69 89 69 23 52 71 23 23 67 4 35 4 69 32 23 33 35 14 41 44 23 15 14 23 30 4 74 32 30 14 30 -1 4 63 32 74 -1 30 74 69 74 21 35 36 74 74 74 69 36 91 23 69 9 -1 23 61 9 55 37 
58 58 20 15 67 75 44 -1 67 15 75 44 -1 44 67 12 44 75 57 88 15 58 69 44 67 44 44 67 44 67 58 15 12 58 67 67 15 44 15 59 69 58 88 71 -1 44 67 57 75 57 69 58 44 58 57 67 44 44 -1 15 58 44 58 71 15 32 20 -1 58 67 67 -1 32 31 44 -1 56 67 75 58 15 67 86 71 86 31 71 92 44 69 86 71 71 86 67 67 44 
46 81 46 85 90 85 67 67 -1 90 90 67 51 86 67 85 46 90 81 46 85 46 85 58 67 67 46 46 46 67 90 85 51 85 67 85 46 46 69 59 85 90 46 71 46 67 -1 46 85 90 85 46 46 85 95 95 85 90 51 46 67 67 90 71 84 51 85 46 86 67 67 51 85 84 85 67 85 85 90 46 85 46 81 71 -1 -1 84 90 46 69 -1 85 71 86 67 46 46 
4 41 4 15 -1 36 4 15 90 -1 90 31 15 38 -1 -1 20 36 35 94 15 4 69 41 35 31 27 4 55 67 6 -1 15 53 35 -1 14 15 15 59 20 -1 90 72 31 41 67 4 35 -1 40 58 41 31 35 14 41 49 41 15 14 35 90 4 15 35 20 14 54 4 4 63 31 31 6 15 35 35 90 48 15 31 73 56 73 31 90 35 41 69 -1 6 41 49 -1 54 35 
87 36 47 36 87 17 74 75 90 90 -1 90 36 38 36 36 92 -1 87 87 36 79 69 92 74 74 36 36 79 90 75 90 75 17 87 87 17 36 17 92 74 90 79 83 74 87 90 36 75 90 74 83 33 33 87 17 83 47 75 36 36 64 90 91 17 92 36 36 90 38 79 83 90 64 17 17 17 17 -1 78 83 36 90 17 90 90 90 -1 87 92 -1 87 87 90 87 55 87 
53 82 53 60 31 53 44 44 67 31 90 -1 31 44 60 31 53 53 54 53 53 53 69 44 67 -1 44 59 44 67 53 25 53 53 67 54 82 44 31 59 82 56 53 72 25 44 67 53 54 60 82 58 53 -1 53 53 25 44 53 53 53 44 53 86 82 53 53 25 54 67 54 86 31 82 44 31 56 82 79 53 31 82 -1 56 82 31 82 54 44 59 86 53 44 59 67 54 44 
64 15 20 15 15 36 32 -1 51 15 36 31 -1 38 15 -1 20 36 15 64 15 20 69 44 65 31 36 36 64 67 32 15 -1 32 65 15 15 15 15 59 20 15 52 71 7 15 51 20 72 15 40 32 32 31 72 15 44 44 7 15 15 64 32 71 15 32 20 7 32 38 67 7 32 31 36 7 15 64 36 21 15 31 73 71 73 31 36 35 44 59 15 32 32 59 15 51 65 
59 86 38 38 69 38 44 44 86 38 38 44 38 -1 86 38 44 38 57 88 38 59 69 44 74 44 44 59 44 45 44 38 86 59 86 69 86 44 -1 59 69 44 88 86 -1 44 59 57 86 57 69 86 44 59 57 38 44 44 44 -1 59 44 86 86 38 86 38 44 86 38 44 86 86 86 44 38 56 86 38 44 38 86 86 38 86 38 -1 92 44 59 86 38 38 59 86 57 44 
4 36 47 36 -1 36 -1 67 67 -1 36 60 15 86 -1 9 55 36 35 4 47 4 69 6 67 67 36 36 55 67 6 9 30 30 67 4 -1 30 15 59 47 9 36 71 23 23 67 -1 35 9 95 67 23 60 35 -1 41 47 23 15 -1 23 30 4 4 60 47 -1 30 4 4 63 31 31 6 15 35 36 36 55 15 36 81 36 86 31 36 35 23 69 9 6 23 49 9 55 65 
64 3 20 -1 9 36 9 12 85 -1 36 31 -1 38 9 -1 20 36 3 64 -1 20 69 41 74 31 36 36 64 45 20 -1 12 20 20 9 -1 3 -1 59 20 9 36 72 12 3 36 20 75 9 40 32 30 31 35 14 31 47 12 -1 3 64 30 9 -1 21 20 12 30 38 9 12 31 31 36 -1 3 64 36 21 -1 31 73 80 73 31 36 35 36 59 9 36 38 59 9 46 37 
20 37 20 37 35 33 30 44 46 20 92 53 20 44 55 20 -1 33 35 92 -1 20 69 92 34 44 37 37 37 62 20 20 30 -1 -1 34 20 -1 92 92 20 92 37 92 37 92 37 20 35 20 40 67 33 33 35 -1 44 44 21 20 37 34 34 61 20 34 20 34 30 35 37 92 86 64 33 20 33 34 79 21 20 86 77 92 86 40 34 92 44 92 62 33 -1 37 47 55 34 
36 36 47 36 36 -1 74 75 90 36 -1 53 36 38 36 36 33 -1 36 87 36 36 69 74 74 74 36 36 55 67 75 36 75 5 36 36 -1 36 -1 59 74 83 36 83 74 36 36 36 75 36 74 83 33 33 36 5 83 47 75 36 36 64 75 83 5 92 36 36 69 38 36 83 75 64 -1 -1 5 5 10 75 83 36 77 -1 86 74 36 10 36 69 10 5 38 86 47 55 36 
35 -1 57 1 35 36 35 57 81 35 87 54 15 57 35 3 35 36 -1 45 57 35 69 41 35 57 36 36 37 45 35 35 72 35 35 -1 35 3 69 89 69 1 62 72 57 1 81 57 35 57 69 58 41 54 35 35 41 -1 41 15 3 35 35 35 15 35 57 35 54 35 35 57 1 35 36 48 35 35 79 48 35 1 81 80 86 76 35 35 57 69 35 87 41 57 35 54 35 
-1 45 0 45 0 64 4 88 46 94 87 53 64 88 4 64 92 87 45 -1 2 0 88 45 74 88 27 0 2 45 92 94 88 52 87 87 27 88 92 59 91 45 88 94 88 -1 27 94 87 0 77 88 45 21 87 14 88 49 21 27 49 45 45 45 0 21 20 94 69 4 4 63 94 64 64 64 88 64 87 21 87 27 73 71 73 88 94 -1 -1 92 87 87 87 94 -1 45 65 
2 15 -1 15 47 64 30 15 85 15 36 53 15 38 47 -1 -1 36 57 2 -1 -1 69 30 34 31 37 2 2 62 -1 15 30 16 16 15 15 16 15 59 -1 15 52 72 37 15 27 -1 75 2 40 32 30 21 53 16 31 47 21 15 15 64 30 47 -1 21 -1 34 30 40 28 92 31 64 40 15 15 40 79 21 15 31 73 80 73 40 34 91 19 69 15 40 16 28 47 50 34 
-1 58 0 20 0 53 4 58 46 4 79 53 20 59 4 20 20 36 35 0 -1 -1 69 58 65 53 27 0 79 45 20 53 65 53 65 4 20 20 20 59 20 58 79 71 58 19 27 20 79 0 40 58 30 -1 53 20 58 47 -1 53 53 58 30 4 0 -1 20 58 30 4 4 58 53 53 40 20 20 40 79 -1 20 27 53 58 73 40 65 19 19 92 9 40 65 49 19 54 65 
69 76 69 76 69 76 69 69 85 69 69 69 69 69 69 69 69 69 69 88 69 69 -1 69 76 69 69 88 70 69 69 85 69 76 69 69 69 76 69 89 69 76 88 71 76 69 69 69 69 69 69 69 69 69 69 76 76 69 69 69 76 69 69 69 76 69 69 69 69 -1 69 69 69 76 76 69 -1 69 69 69 69 69 77 76 85 76 69 69 76 69 69 69 69 86 69 69 69 
6 41 6 41 6 52 -1 44 58 41 92 44 44 44 6 41 92 74 41 45 30 58 69 -1 61 44 44 88 44 45 6 41 30 52 61 6 14 44 92 92 69 -1 52 92 -1 -1 58 6 35 41 69 58 -1 58 57 14 41 44 -1 44 14 -1 30 45 61 92 30 14 30 6 52 92 41 64 6 30 88 61 79 52 35 41 44 56 73 88 44 92 -1 92 41 6 -1 61 41 45 44 
74 35 34 74 35 74 74 67 67 35 74 67 65 74 67 74 34 74 35 74 34 65 76 61 -1 67 37 74 74 62 62 35 65 74 -1 34 74 34 74 74 74 35 62 86 74 61 67 74 35 35 74 67 74 74 35 34 74 74 61 74 65 34 34 61 74 34 34 34 86 35 67 86 86 74 -1 74 74 34 74 48 35 74 77 74 86 74 34 35 74 69 62 74 34 61 67 54 34 
31 56 31 31 31 76 44 44 67 31 74 -1 31 44 67 31 44 74 57 88 31 53 69 44 67 -1 44 67 44 67 44 -1 67 53 67 31 31 44 31 59 69 56 88 72 -1 44 67 57 72 31 69 67 44 11 53 67 -1 44 44 31 53 44 67 31 31 67 31 -1 69 67 67 44 31 31 44 31 56 67 74 44 31 31 11 56 73 31 44 35 44 69 31 44 44 94 67 67 44 
27 37 27 37 27 36 37 44 46 27 36 44 36 44 36 36 37 36 36 27 37 27 69 44 37 44 -1 -1 37 62 37 81 37 37 37 36 27 -1 36 59 37 37 -1 71 37 27 -1 36 79 27 95 46 42 59 95 37 44 44 37 27 37 37 42 27 27 96 37 46 37 67 37 51 37 64 36 37 37 36 79 42 36 27 81 36 46 46 36 27 27 59 46 36 37 37 67 46 37 
-1 81 0 36 0 36 4 67 46 4 36 59 36 59 36 36 37 36 36 0 2 0 88 88 74 67 -1 -1 2 67 37 81 51 36 36 36 -1 26 36 59 74 81 26 71 88 19 -1 36 36 0 95 46 42 59 36 36 88 47 21 -1 36 64 42 4 0 21 20 46 86 4 4 51 81 64 36 36 88 36 36 21 36 -1 81 36 46 46 36 19 -1 59 46 36 88 59 19 46 37 
2 37 -1 37 70 55 37 44 46 55 79 44 64 44 55 64 37 55 37 2 2 79 70 44 74 44 37 2 -1 70 37 64 37 37 37 70 37 -1 64 93 20 37 79 72 37 19 37 2 79 93 77 70 70 70 70 -1 44 44 37 93 37 64 37 64 -1 79 20 70 37 70 -1 93 70 64 64 37 37 64 79 -1 64 93 73 55 73 40 93 19 44 70 93 55 37 -1 93 55 37 
45 45 45 45 63 95 45 67 67 67 90 67 67 45 67 45 62 67 45 45 62 45 69 45 62 67 62 67 70 -1 62 67 62 62 62 62 67 62 69 89 69 45 62 71 45 -1 67 67 62 45 95 67 45 95 95 95 67 95 45 67 67 45 -1 45 45 62 62 -1 62 67 67 63 45 67 45 62 45 62 79 62 62 45 67 67 67 67 62 45 45 69 62 63 45 94 67 -1 62 
6 37 20 37 6 33 -1 58 90 6 75 53 32 44 6 20 20 75 35 92 -1 20 69 6 62 44 37 37 37 62 -1 20 -1 -1 62 6 14 -1 92 92 20 58 52 72 37 23 37 20 75 6 40 32 -1 33 68 14 44 44 -1 20 14 23 -1 6 20 32 20 14 -1 6 52 92 32 64 6 -1 33 33 75 21 20 86 86 75 86 40 68 92 23 92 62 6 -1 37 47 62 37 
9 72 20 15 9 36 9 15 85 -1 90 25 15 38 9 -1 20 36 35 94 15 53 85 41 35 -1 81 81 64 67 20 -1 72 53 35 9 15 15 15 59 85 9 53 72 25 72 81 9 72 9 85 58 53 -1 53 14 25 44 53 15 53 64 90 9 15 53 20 25 54 9 9 72 -1 -1 36 15 85 64 79 53 15 -1 73 56 73 -1 72 35 44 59 9 85 38 49 9 54 35 
65 72 30 15 30 33 30 12 51 15 75 53 -1 86 30 12 30 75 72 88 30 65 69 30 65 67 37 51 37 62 -1 72 -1 30 65 65 15 30 15 59 30 58 52 72 12 72 51 30 72 65 40 -1 30 33 72 30 44 72 30 15 65 65 30 71 15 -1 30 51 30 30 52 51 -1 72 30 30 88 65 79 65 15 51 86 71 86 72 72 92 51 92 62 30 30 86 72 51 65 
53 36 20 36 30 -1 30 58 85 53 17 53 32 59 30 20 -1 5 35 52 16 53 76 52 74 53 37 36 37 62 -1 53 30 -1 16 34 5 16 17 59 74 52 52 72 74 52 36 20 75 60 74 32 -1 -1 53 5 74 54 30 53 53 34 30 91 5 32 20 34 30 30 52 92 32 53 -1 30 5 5 17 52 20 36 53 17 73 53 34 91 52 92 62 5 16 59 47 54 34 
35 35 20 36 35 77 35 67 67 35 87 67 65 86 67 20 -1 36 35 87 16 65 69 61 -1 67 37 36 37 62 62 35 65 16 -1 -1 35 16 69 86 77 35 62 86 37 61 67 20 35 35 77 67 33 33 35 16 67 35 61 86 65 -1 -1 61 61 -1 20 -1 86 35 67 86 86 64 24 48 35 -1 79 48 35 86 77 80 86 76 -1 35 61 69 62 63 16 61 67 54 -1 
4 18 4 36 -1 36 4 67 85 -1 87 54 15 69 4 9 34 36 -1 87 15 4 69 6 34 31 36 36 70 62 6 9 65 34 -1 -1 -1 34 69 89 69 9 62 72 57 18 36 4 -1 9 69 67 70 54 -1 14 76 18 41 15 14 34 34 4 4 34 20 34 54 -1 4 63 48 31 36 48 -1 34 79 48 -1 36 77 80 86 76 34 -1 76 69 9 87 87 49 9 54 34 
27 3 47 -1 14 -1 14 15 46 14 17 82 15 86 -1 -1 20 -1 35 27 15 20 69 14 74 31 27 -1 37 67 14 15 15 5 35 -1 -1 3 15 59 74 3 27 86 74 3 27 -1 35 14 74 46 33 31 35 5 74 47 15 15 3 35 35 14 5 35 20 14 86 35 14 86 86 31 -1 15 3 5 17 48 15 -1 81 17 86 31 -1 35 27 69 86 5 38 86 47 46 35 
27 3 28 -1 30 33 30 44 46 15 36 44 15 44 30 3 -1 36 3 88 16 20 76 44 34 44 -1 26 -1 62 -1 15 30 16 16 34 3 -1 15 59 20 3 26 71 -1 3 26 20 75 57 40 32 30 33 57 16 44 44 30 15 3 34 30 30 28 96 20 34 30 30 28 44 3 64 44 30 3 34 79 28 15 3 44 56 46 76 34 92 44 92 62 30 16 28 93 46 -1 
64 15 20 15 69 17 69 15 69 15 17 31 15 -1 15 -1 92 -1 69 92 15 20 69 92 74 31 36 36 64 69 92 15 15 17 69 69 15 15 -1 59 69 92 88 92 13 92 69 20 69 15 69 69 92 31 69 17 44 44 92 13 15 64 92 69 15 92 20 69 69 -1 69 92 31 31 17 15 15 17 17 21 15 31 86 17 86 31 13 92 44 69 15 17 -1 59 15 55 92 
59 59 59 59 89 59 89 59 59 59 92 59 59 59 59 59 92 59 89 59 59 59 89 92 74 59 59 59 93 89 92 59 59 59 86 89 59 59 59 -1 89 92 59 92 59 92 59 59 75 93 89 59 59 59 59 92 59 59 59 -1 59 93 92 89 59 92 59 89 89 89 59 92 59 59 59 59 59 64 79 59 59 59 59 80 86 59 59 92 59 -1 59 89 89 59 93 59 92 
20 20 20 20 69 77 69 69 85 20 74 82 20 69 47 20 20 74 69 91 -1 20 69 69 74 69 37 74 20 69 20 85 30 74 77 69 74 20 69 89 -1 20 52 85 74 91 69 20 69 20 -1 69 30 21 69 20 74 47 21 20 20 64 30 91 20 21 20 69 69 -1 69 91 85 64 -1 20 74 -1 74 21 20 74 77 74 85 -1 69 91 74 69 85 -1 20 28 47 50 77 
9 -1 9 1 9 76 23 58 90 -1 90 56 15 44 9 9 92 83 1 45 15 58 76 -1 35 56 37 81 37 45 58 9 58 52 35 9 3 3 92 92 20 -1 52 72 23 1 58 9 35 9 40 58 23 58 35 14 -1 18 -1 15 3 23 58 9 15 92 20 14 58 9 9 92 1 31 23 15 56 35 79 58 15 1 81 56 73 31 72 92 23 92 9 23 -1 49 9 45 92 
27 37 79 37 70 52 52 88 46 90 79 53 52 88 36 36 37 36 62 88 52 79 88 52 62 88 -1 26 79 62 52 53 52 52 62 62 27 26 88 59 52 52 -1 79 88 52 26 36 79 27 77 88 -1 52 70 79 88 88 52 27 37 52 -1 52 79 62 52 46 52 52 52 88 79 79 52 52 88 62 79 -1 62 27 77 88 46 88 62 88 -1 92 62 52 52 79 88 46 37 
71 72 94 72 71 83 71 71 71 72 83 72 71 86 71 72 92 83 72 94 72 71 71 92 86 72 71 71 72 71 72 72 72 72 86 72 86 71 92 92 85 72 79 -1 71 71 71 94 72 72 95 71 72 72 72 92 83 72 71 72 72 71 72 71 71 72 72 71 72 71 72 -1 -1 72 71 71 72 86 79 72 83 72 86 71 86 72 71 92 71 92 86 71 71 86 72 72 72 
57 37 37 37 23 74 23 -1 46 31 74 25 7 -1 23 12 37 74 57 88 37 58 76 -1 74 -1 37 88 37 45 37 25 12 74 37 57 74 -1 13 59 74 23 88 71 -1 23 37 57 75 57 74 88 23 25 57 37 -1 -1 7 13 37 23 37 45 74 92 37 7 37 23 37 7 31 31 -1 7 56 74 74 37 83 31 25 56 86 31 13 88 -1 92 86 23 23 37 57 57 37 
19 -1 19 1 63 91 23 44 67 41 87 44 15 44 23 3 92 36 1 -1 15 19 69 -1 61 44 27 19 19 -1 23 72 72 52 61 18 3 3 92 92 91 1 52 71 23 -1 67 63 72 19 95 58 23 58 72 95 41 18 23 15 3 23 29 -1 19 92 20 29 30 23 52 63 1 64 23 15 3 61 87 21 15 1 81 71 86 72 71 19 19 92 62 63 23 61 19 29 37 
27 81 27 36 27 36 67 67 -1 67 90 67 51 59 67 36 37 36 81 27 27 27 69 58 67 67 -1 -1 37 67 37 81 51 36 67 36 27 26 69 59 69 58 26 71 37 67 -1 36 36 27 95 -1 42 58 95 95 67 95 51 27 67 67 42 71 27 51 27 -1 69 67 67 51 51 81 36 67 85 67 79 42 36 -1 81 71 8 8 81 27 27 69 8 36 71 59 67 -1 37 
2 36 -1 36 -1 36 4 57 46 4 36 53 20 57 -1 20 20 36 57 94 -1 20 69 6 74 57 36 36 2 67 20 9 30 20 20 4 -1 20 20 59 20 9 36 94 57 63 36 -1 35 57 40 67 30 21 57 14 57 -1 21 20 14 63 30 4 20 21 20 14 30 4 4 63 94 64 36 20 35 36 36 21 20 36 81 36 86 40 36 35 36 69 9 6 20 94 -1 55 34 
35 72 79 36 35 36 35 75 85 35 75 54 72 86 35 75 35 75 35 87 75 79 69 35 35 72 79 36 79 62 75 72 72 75 35 -1 35 75 69 75 69 35 79 72 75 72 36 35 -1 35 69 72 75 54 35 79 76 35 75 75 35 35 35 35 75 35 75 35 54 35 35 72 -1 72 36 -1 35 35 79 -1 35 36 86 75 86 72 72 35 76 69 35 87 75 79 72 54 35 
-1 41 0 60 0 64 4 57 90 -1 90 60 15 57 9 9 20 36 57 0 2 0 69 41 35 31 27 0 93 45 6 9 65 60 35 9 14 57 15 93 20 9 27 72 57 19 27 57 35 -1 77 46 41 60 57 14 41 -1 21 93 -1 93 90 4 0 60 20 14 57 4 4 93 31 31 57 15 35 64 79 21 15 27 93 56 93 31 93 19 19 69 9 6 41 -1 9 57 65 
77 82 40 40 69 77 69 69 85 40 74 82 40 69 95 40 40 74 69 77 40 40 69 69 74 69 95 95 77 95 40 85 40 74 77 69 74 40 69 89 -1 40 77 95 74 95 95 40 69 77 -1 95 40 95 95 95 74 95 40 40 77 77 77 91 77 77 40 69 69 40 95 86 95 77 40 40 74 -1 74 40 40 82 77 74 77 40 77 91 74 69 77 40 40 77 47 -1 77 
46 58 32 88 67 88 32 58 46 58 83 58 32 86 67 32 67 83 58 88 32 58 69 58 67 67 46 46 70 67 32 58 -1 32 67 67 46 32 69 59 69 58 88 71 88 58 -1 67 72 46 95 -1 32 58 58 67 58 88 -1 46 58 58 32 71 32 32 32 -1 32 67 67 -1 32 58 88 32 88 67 79 58 83 46 81 71 46 46 71 88 -1 69 46 71 71 86 67 46 65 
70 41 30 37 70 33 23 44 46 41 33 53 32 44 23 30 33 33 41 45 30 30 69 -1 74 44 42 42 70 45 -1 53 30 -1 33 70 33 30 92 59 30 23 -1 72 23 23 42 30 75 41 40 32 -1 33 70 33 41 44 23 53 53 23 30 45 30 32 30 70 30 23 -1 92 32 53 33 30 33 33 79 42 30 36 53 33 86 40 68 92 23 92 62 23 23 61 70 70 37 
21 58 21 60 21 33 33 58 85 31 33 -1 31 59 60 31 33 33 54 21 21 -1 69 58 74 11 59 59 70 95 33 -1 33 -1 33 54 31 33 31 59 21 58 52 72 25 58 58 21 54 60 95 58 33 -1 -1 33 25 54 -1 -1 -1 58 33 21 21 21 21 25 54 54 54 58 31 31 33 31 33 33 79 21 31 31 11 33 73 31 59 54 58 59 31 33 33 59 31 54 65 
35 72 57 36 35 36 35 57 95 35 87 53 72 57 35 35 35 36 35 87 53 53 69 57 35 53 95 36 70 95 68 53 72 53 35 -1 35 57 69 59 69 35 70 72 57 72 95 57 35 57 95 58 70 -1 -1 95 57 -1 53 53 53 35 35 35 70 35 53 70 -1 35 -1 72 -1 53 36 48 35 35 79 48 35 36 53 80 86 53 68 35 57 69 35 87 68 57 72 -1 35 
14 36 28 36 14 -1 14 67 95 14 17 53 15 38 -1 14 -1 5 35 14 16 20 76 14 34 67 37 36 -1 95 14 14 30 5 16 14 5 16 17 92 20 14 79 92 37 95 95 14 79 14 95 67 33 33 95 -1 76 47 21 93 14 34 34 14 5 34 20 14 95 14 28 92 95 64 14 17 5 5 79 28 15 36 77 17 73 76 34 91 76 92 14 5 16 28 14 -1 34 
41 41 44 76 41 76 41 44 85 41 83 25 44 44 41 31 44 83 41 88 31 58 76 41 74 -1 44 88 44 67 44 25 44 74 67 76 74 44 44 59 74 -1 88 83 -1 41 67 57 76 41 74 58 41 25 57 76 -1 44 41 44 76 41 44 83 74 92 31 25 44 67 67 83 31 31 44 44 -1 76 83 44 83 31 25 -1 73 76 44 76 44 92 41 76 41 44 41 57 44 
49 18 47 18 47 47 44 44 90 49 47 44 44 44 47 47 44 47 -1 49 47 47 69 44 74 44 44 47 44 95 44 44 72 54 35 18 47 44 44 59 47 18 88 72 -1 18 95 -1 35 -1 95 88 44 54 -1 47 44 -1 44 44 49 44 35 47 47 60 47 44 54 35 54 44 54 44 44 44 35 35 47 44 35 18 44 56 86 44 44 35 44 69 49 44 44 49 47 54 44 
21 41 21 37 21 33 23 -1 51 41 75 53 7 44 23 12 21 75 41 21 21 -1 69 -1 61 44 37 21 37 45 -1 53 30 30 61 41 15 30 92 59 21 -1 52 71 7 23 51 21 75 21 40 -1 23 -1 53 21 41 44 -1 53 53 23 30 45 21 21 21 7 30 23 52 7 32 53 23 7 56 33 79 21 15 41 53 56 51 53 68 92 23 92 41 23 23 59 41 51 37 
27 15 20 15 15 36 15 15 46 15 36 53 15 -1 15 -1 20 36 15 27 15 53 69 44 74 31 27 -1 93 67 20 15 15 53 86 15 15 15 13 -1 20 15 27 72 13 15 27 20 75 93 40 46 53 -1 53 93 44 44 53 -1 53 93 30 93 15 53 20 46 54 38 54 86 31 31 36 15 15 64 79 53 15 27 53 80 86 31 13 27 27 39 15 36 38 -1 93 46 37 
49 3 47 -1 14 36 14 58 67 14 36 53 15 59 -1 3 37 36 3 49 15 53 76 14 65 53 37 36 37 67 14 53 65 53 65 14 3 3 15 59 20 3 37 72 37 3 67 14 35 -1 77 58 53 -1 53 14 76 49 53 53 -1 65 65 14 15 -1 20 14 54 14 14 92 3 53 14 15 3 65 79 53 15 3 53 36 73 53 36 92 76 92 14 14 65 49 14 54 65 
64 41 64 64 63 64 23 44 67 35 64 44 64 44 23 64 34 64 35 45 64 58 69 -1 34 44 37 64 64 45 23 64 65 34 -1 34 35 34 64 93 64 23 52 71 23 23 67 63 35 93 77 58 23 58 35 34 41 44 23 93 65 -1 34 -1 -1 34 64 34 86 23 52 63 86 64 64 64 35 34 79 64 35 86 73 71 73 64 34 35 23 92 62 63 23 -1 93 45 34 
30 45 30 37 30 33 30 58 90 90 90 53 32 86 30 30 34 75 35 45 30 30 69 30 34 67 42 42 37 -1 -1 90 30 30 -1 34 35 30 92 92 30 58 -1 72 37 29 42 30 35 90 77 32 30 33 35 34 44 35 30 30 65 34 -1 45 30 34 30 29 30 30 52 86 32 64 30 30 35 34 79 42 35 86 77 75 86 90 34 35 42 92 -1 30 30 61 67 29 34 
4 45 4 45 -1 91 4 71 71 4 91 86 71 86 4 9 61 83 35 45 47 4 69 45 61 31 27 4 64 45 6 9 71 91 61 4 14 30 69 89 91 9 52 71 45 -1 71 4 35 4 91 71 45 21 35 14 83 47 45 93 14 -1 45 -1 61 61 47 14 69 4 4 -1 45 64 6 71 35 61 91 21 35 45 86 71 86 91 71 91 45 69 9 -1 71 61 9 45 61 
-1 15 0 15 0 -1 74 15 84 15 17 82 15 38 4 -1 20 5 15 0 -1 0 76 61 74 31 27 0 -1 45 20 15 15 5 61 4 5 28 15 59 20 15 79 71 74 19 27 20 75 0 77 32 30 21 70 5 74 47 21 15 15 -1 30 61 -1 21 20 61 30 4 28 63 31 -1 -1 15 5 -1 79 28 15 27 73 17 73 31 36 19 19 59 15 5 20 28 15 55 37 
21 60 21 60 21 77 32 32 51 35 92 53 32 86 60 21 34 92 35 21 21 -1 69 92 34 67 96 21 79 62 32 53 -1 32 -1 34 35 96 92 92 21 92 62 72 92 92 51 21 35 60 77 32 32 21 35 34 92 60 21 53 -1 34 34 61 21 -1 21 34 32 35 67 92 32 53 34 32 35 34 79 21 35 86 77 92 86 40 34 92 51 92 62 92 -1 60 67 51 -1 
20 20 20 20 47 64 30 20 85 20 36 53 20 38 47 20 20 36 57 20 -1 20 69 30 34 31 37 20 20 62 20 20 30 20 20 20 20 20 20 59 20 20 52 72 37 20 27 20 75 20 40 32 30 21 53 20 31 47 21 20 20 64 30 47 20 21 -1 34 30 40 28 92 31 64 40 20 20 40 79 21 20 31 73 80 73 40 34 91 20 69 20 40 20 28 47 50 34 
14 45 47 36 14 36 14 -1 46 14 36 25 7 44 -1 12 34 36 35 94 34 58 69 14 34 -1 46 46 70 -1 14 25 51 34 -1 34 14 34 69 89 69 14 46 71 7 29 -1 14 35 14 69 -1 70 25 70 14 25 44 7 46 14 34 29 14 61 34 34 -1 69 -1 -1 7 94 31 14 7 35 34 79 70 35 46 25 56 46 31 34 35 51 69 14 14 34 94 -1 29 34 
69 72 30 37 69 33 30 58 86 54 90 54 32 86 30 30 30 69 54 69 30 30 69 30 86 69 37 86 37 62 -1 54 30 30 86 54 86 30 69 89 69 58 52 72 37 30 69 30 54 57 69 32 30 54 -1 95 44 54 30 54 54 86 30 69 30 32 30 69 -1 -1 54 86 54 86 30 30 54 69 90 30 54 86 86 86 86 69 -1 54 30 69 86 30 30 86 69 54 37 
4 35 4 36 -1 36 -1 67 67 4 38 67 38 38 4 38 35 38 35 4 40 4 -1 6 35 67 67 4 70 67 6 9 30 30 35 -1 35 30 -1 89 -1 9 52 71 23 23 67 4 35 4 40 67 23 54 35 14 67 35 23 38 14 23 30 4 4 35 40 -1 -1 -1 4 63 48 31 6 30 22 40 38 48 35 36 77 38 86 40 68 35 23 -1 9 6 38 86 67 50 35 
4 72 28 37 -1 52 4 67 67 4 79 54 67 44 4 9 37 36 35 4 28 4 69 52 67 67 37 4 -1 67 52 9 52 52 67 4 14 28 69 59 69 9 52 72 37 52 67 4 35 4 95 67 -1 54 -1 28 67 54 52 54 14 52 52 4 28 67 28 -1 54 4 -1 63 54 64 6 52 35 64 79 28 35 67 54 67 67 31 67 35 52 69 9 6 52 28 67 54 37 
63 63 63 86 63 83 63 -1 51 63 83 86 7 86 63 12 92 83 57 63 92 58 69 92 86 44 51 51 93 63 92 72 51 92 86 63 86 44 92 92 91 92 88 -1 7 63 51 63 72 93 86 -1 92 58 72 92 83 44 7 86 92 63 86 -1 63 92 92 7 86 63 63 -1 43 86 44 7 83 86 83 58 83 86 86 -1 86 51 -1 92 51 92 86 63 -1 86 67 51 86 
94 -1 94 1 31 86 32 32 85 31 90 31 32 86 31 31 86 75 1 94 31 53 69 41 86 31 37 81 70 45 32 -1 -1 32 86 48 86 3 31 59 85 1 79 -1 31 1 51 94 -1 31 95 32 32 31 -1 95 31 54 32 31 3 86 32 45 31 32 31 94 54 48 54 43 -1 31 86 48 3 86 79 48 31 1 86 71 86 31 -1 48 51 69 86 32 32 86 -1 54 65 
64 72 64 31 31 64 74 31 84 31 64 82 31 86 31 31 64 64 35 64 64 53 76 64 74 31 64 64 64 67 64 -1 72 53 64 31 31 64 31 59 64 31 79 72 31 64 81 64 72 31 77 58 53 31 53 64 31 44 53 31 53 64 64 64 -1 53 64 31 86 31 64 86 31 -1 64 31 64 64 79 64 31 31 -1 56 -1 31 82 35 44 59 31 64 38 64 31 54 64 
64 36 40 36 6 17 -1 44 85 6 17 44 36 44 6 36 33 -1 36 64 40 40 76 6 -1 44 36 36 64 45 6 36 30 -1 24 36 -1 44 17 59 -1 23 52 71 -1 23 36 36 36 57 40 88 33 33 36 14 44 44 23 36 14 64 30 6 -1 34 40 14 30 6 6 44 86 64 -1 17 -1 40 17 64 36 36 73 17 73 40 36 17 44 69 17 6 23 64 47 50 34 
64 15 20 15 15 17 30 -1 67 15 17 31 7 38 15 -1 20 -1 48 64 15 20 69 30 74 31 37 36 37 62 -1 15 30 30 48 48 15 30 15 59 20 15 52 71 7 15 67 20 -1 15 40 32 30 31 48 17 44 44 7 15 15 64 30 71 15 32 20 7 30 30 52 7 48 31 17 -1 15 17 17 48 15 31 73 17 73 31 36 17 44 92 15 17 30 59 15 54 37 
35 3 20 -1 35 -1 74 56 85 35 17 56 15 56 35 3 33 5 35 88 15 20 -1 88 74 56 37 88 37 45 33 85 88 5 35 -1 3 3 15 59 74 56 88 72 56 3 85 35 35 35 74 88 33 33 35 5 -1 35 56 15 3 35 35 35 5 35 20 35 54 22 35 83 3 64 -1 15 -1 5 17 48 35 3 77 56 85 -1 35 35 -1 69 35 5 56 37 35 54 35 
64 82 40 36 35 -1 69 67 85 35 17 82 64 86 36 64 34 5 35 64 40 40 69 61 34 67 36 36 64 62 33 64 65 5 -1 34 5 34 17 64 -1 35 62 86 74 61 67 36 35 64 -1 67 33 33 35 5 76 35 33 64 65 34 34 61 -1 34 40 34 69 40 64 86 86 64 40 17 5 -1 17 64 35 82 -1 17 73 40 34 35 76 69 62 5 34 61 67 50 34 
79 79 79 36 79 17 74 75 90 90 -1 79 36 38 36 36 79 10 79 87 79 79 69 79 74 74 79 36 79 79 75 79 79 17 79 79 17 79 17 79 74 79 79 79 74 87 79 36 79 79 74 79 79 79 79 79 83 47 79 79 79 79 79 91 79 79 79 79 90 38 79 83 79 79 17 17 17 17 -1 -1 79 36 90 17 90 90 90 10 79 92 10 87 87 79 79 79 79 
21 72 28 37 21 55 21 58 46 48 78 53 21 44 55 21 21 75 48 21 21 -1 69 52 48 44 42 21 -1 62 21 53 65 52 48 48 48 28 21 59 21 58 -1 72 37 21 42 21 -1 21 40 58 42 21 48 28 44 44 21 53 53 64 42 21 28 21 21 70 30 48 28 58 48 64 64 48 48 64 -1 -1 48 27 53 75 73 40 72 48 42 69 62 40 65 28 72 55 37 
35 15 20 15 35 36 35 15 85 15 83 31 15 38 15 -1 20 83 35 87 15 20 69 35 35 31 36 36 64 62 20 15 15 20 35 -1 15 15 15 59 20 15 62 83 83 15 36 20 35 15 40 83 30 31 35 15 83 35 15 15 15 35 35 35 15 35 20 35 54 35 35 83 31 31 36 15 35 35 79 48 -1 31 73 -1 73 31 35 35 76 69 15 87 38 59 15 54 35 
27 -1 27 1 27 36 36 67 46 31 36 82 31 86 36 31 86 36 1 27 31 27 69 41 74 31 27 -1 93 45 86 -1 51 36 86 36 -1 3 31 59 74 1 27 72 31 1 -1 36 36 27 82 46 36 31 36 36 31 18 41 27 3 86 86 45 27 86 31 46 86 36 67 86 1 31 36 31 3 82 36 27 31 -1 -1 36 86 31 -1 36 27 59 86 36 41 86 31 46 86 
73 81 73 81 73 77 74 86 81 73 90 -1 73 86 81 73 77 77 81 73 73 53 77 44 77 11 81 81 73 67 86 73 86 53 77 77 81 44 86 59 77 81 77 86 25 81 81 81 86 93 77 81 53 11 53 77 25 44 53 53 53 73 77 86 73 77 73 25 86 77 54 86 86 -1 73 73 77 -1 90 53 73 -1 -1 86 73 73 -1 77 81 77 86 77 86 86 86 77 77 
36 56 47 36 71 17 74 71 71 56 17 56 71 38 36 80 92 -1 80 71 80 58 76 56 74 56 36 36 55 67 75 56 71 17 80 80 17 56 17 80 74 56 88 71 56 71 71 36 75 56 74 71 33 33 80 17 -1 56 56 80 36 71 75 71 17 92 80 56 86 38 67 -1 71 56 17 17 56 17 17 75 -1 36 86 -1 86 76 71 17 56 92 17 17 71 86 47 55 56 
73 86 73 86 73 73 74 86 -1 73 90 82 73 86 86 73 86 86 86 73 73 73 85 73 86 73 46 46 73 67 86 73 86 73 86 86 86 46 86 86 85 73 46 86 86 86 8 86 86 93 77 46 86 73 86 73 73 86 51 86 73 73 86 86 73 86 73 46 86 86 67 86 86 -1 73 73 85 73 90 73 73 86 73 86 -1 8 -1 86 46 86 8 73 86 86 86 46 86 
31 72 40 76 31 76 69 31 -1 31 90 31 31 38 31 31 40 74 76 88 40 40 76 88 74 31 46 46 40 67 40 -1 72 53 76 76 31 76 31 59 -1 31 88 72 31 72 8 40 72 31 40 46 40 31 53 76 76 44 53 31 53 64 90 91 31 40 40 31 69 40 31 51 31 31 40 31 -1 40 90 40 31 31 73 76 8 -1 72 76 76 69 8 40 38 49 31 46 76 
36 72 47 36 35 36 36 71 84 90 90 82 36 -1 36 36 34 36 35 94 34 65 69 44 34 44 36 36 93 62 68 72 72 34 -1 34 -1 34 13 59 69 72 62 71 13 71 81 36 72 93 77 71 68 59 68 34 44 44 68 13 36 34 34 71 36 34 34 34 -1 68 67 -1 -1 82 36 36 35 34 90 72 35 -1 -1 71 -1 72 -1 35 36 69 -1 36 71 -1 72 68 34 
19 35 19 36 35 91 91 92 90 35 -1 54 35 92 35 35 92 10 35 -1 91 19 69 92 35 35 27 19 19 45 92 35 92 91 35 -1 35 92 92 92 91 92 88 92 88 19 27 35 35 19 91 88 92 54 35 91 76 35 92 27 92 35 35 91 19 92 91 35 54 35 35 92 48 35 17 17 35 35 10 48 35 36 77 17 86 76 35 -1 19 92 10 -1 -1 94 19 54 35 
19 41 19 76 19 76 23 44 46 41 87 44 44 44 23 36 44 36 57 -1 19 19 76 -1 74 44 27 -1 44 45 23 44 51 52 61 76 27 44 44 59 74 23 -1 71 -1 19 27 36 76 19 74 -1 23 58 57 76 44 44 23 27 76 23 42 45 19 51 20 51 30 23 52 51 51 44 44 44 -1 76 79 42 76 27 81 56 46 76 36 19 -1 92 62 23 23 59 19 46 44 
69 92 69 59 69 69 69 69 69 69 92 59 59 59 69 59 92 69 69 92 69 92 69 92 69 69 59 59 70 69 92 59 92 92 69 69 69 92 69 -1 69 92 92 92 92 92 69 69 69 69 69 69 92 59 69 92 92 69 92 39 92 92 92 69 59 92 69 69 69 -1 69 92 69 59 69 92 69 69 92 69 69 59 77 92 86 69 69 92 92 -1 69 69 -1 59 69 69 92 
9 41 9 15 9 17 9 86 -1 -1 -1 86 15 86 9 9 62 10 35 87 15 9 69 41 62 31 46 46 93 62 62 9 62 62 62 9 86 62 15 59 85 9 62 86 86 62 8 9 35 9 77 46 62 31 35 14 41 49 41 15 14 62 -1 9 15 62 20 14 86 9 9 86 86 31 17 15 35 62 10 62 15 86 86 17 8 8 -1 10 62 69 -1 87 41 86 9 46 62 
6 63 40 36 6 -1 -1 71 85 6 87 53 32 38 6 36 33 5 87 87 40 40 69 6 74 44 36 36 55 63 6 85 30 5 63 87 5 30 17 89 -1 23 52 71 23 63 36 6 87 6 40 71 23 33 87 5 76 44 23 36 14 63 30 -1 5 92 40 14 30 6 6 63 32 64 6 17 5 5 87 40 87 36 77 17 73 40 36 -1 23 69 87 -1 87 63 87 50 37 
65 41 20 37 23 33 23 71 71 41 87 44 32 38 23 38 -1 38 41 87 16 65 69 -1 34 44 37 88 37 45 -1 38 30 16 16 87 38 16 -1 89 20 -1 52 71 23 23 71 20 75 41 40 71 23 33 68 16 41 44 23 38 65 23 30 71 20 -1 20 34 30 38 52 -1 32 38 23 30 56 34 87 65 38 41 86 71 86 38 71 -1 23 -1 41 87 -1 61 41 55 65 
49 86 28 37 49 55 61 86 86 49 90 59 59 59 49 59 37 86 57 94 28 49 86 61 61 94 37 59 -1 94 37 49 86 59 61 49 86 28 59 59 28 49 79 86 37 61 59 94 79 -1 77 86 61 59 57 28 44 49 59 -1 49 -1 61 61 28 60 28 94 86 86 28 86 86 64 64 59 37 61 79 28 59 86 86 86 86 49 -1 94 59 59 86 63 61 -1 -1 55 37 
19 72 47 15 9 47 9 67 67 -1 87 67 15 86 9 9 47 47 35 -1 47 19 69 41 67 67 67 19 93 67 47 9 72 47 67 9 47 93 15 93 47 9 88 72 57 19 67 -1 72 9 47 67 70 31 72 14 41 47 41 93 14 93 67 9 15 67 47 -1 69 67 67 67 -1 31 47 15 35 67 79 72 15 31 86 47 86 31 72 19 19 69 9 87 41 -1 -1 67 67 
46 45 55 45 54 55 55 67 46 54 55 54 51 57 55 46 55 55 54 45 50 54 69 45 54 67 46 46 55 -1 62 54 51 54 54 54 46 46 55 59 50 45 46 72 57 29 -1 55 54 57 -1 46 70 54 -1 -1 57 54 51 46 54 45 29 45 55 51 50 29 54 50 54 51 54 54 50 54 54 50 79 55 54 46 77 55 46 46 68 54 46 69 46 50 55 55 67 -1 46 
65 37 37 37 35 77 37 44 46 35 87 44 65 44 65 37 34 36 35 65 34 65 69 44 34 44 37 37 37 62 37 35 65 34 -1 34 35 -1 92 92 77 92 37 72 37 37 37 34 35 65 77 65 37 65 35 34 44 44 37 37 65 34 34 61 37 -1 34 34 37 35 37 86 65 64 34 37 35 34 79 37 35 86 77 56 86 76 34 35 44 92 62 37 65 37 67 46 -1 
