98
2 23
-1 31 58 93 94 50 69 35 13 29 13 30 37 -1 74 61 13 31 35 35 58 58 49 35 32 30 29 37 33 13 13 -1 13 -1 13 13 37 31 13 33 33 52 33 40 35 80 13 43 39 30 37 13 -1 80 35 34 37 66 52 61 30 13 33 29 62 33 33 58 93 52 13 33 13 87 33 37 32 13 13 31 74 78 33 37 16 82 66 33 13 31 54 13 33 52 78 31 40 37 
31 -1 42 16 94 19 28 94 16 94 16 28 23 38 74 61 -1 -1 -1 18 61 60 49 18 28 16 92 36 -1 31 25 17 16 28 38 18 18 16 -1 38 33 94 16 40 61 80 16 28 61 16 37 94 61 84 35 88 65 69 61 61 16 -1 28 31 62 28 33 61 79 17 16 28 28 25 17 94 16 42 94 17 74 62 18 36 16 82 76 33 61 28 61 16 28 16 -1 17 91 37 
58 42 -1 42 94 64 58 89 42 91 91 42 42 58 74 61 42 42 42 64 58 -1 67 42 58 42 67 61 42 58 42 78 42 42 58 58 91 42 42 42 58 58 -1 58 61 96 42 58 61 42 96 91 58 84 58 58 64 86 -1 61 21 58 42 58 21 42 67 21 88 58 42 42 58 42 42 42 42 42 58 88 74 78 42 91 42 82 21 42 58 42 61 -1 42 58 78 61 91 88 
93 16 42 -1 94 76 93 94 16 91 16 28 37 16 74 50 -1 16 16 76 77 60 49 18 32 16 93 37 16 93 25 37 16 28 93 95 37 16 16 95 60 93 16 93 93 80 76 93 94 16 37 76 93 80 93 93 76 86 93 93 16 16 60 93 76 76 93 93 93 93 16 37 84 93 25 37 -1 42 49 37 76 93 95 37 16 95 76 37 16 60 93 16 28 -1 76 76 91 37 
94 94 94 94 -1 94 94 94 94 94 94 94 94 94 94 94 94 94 94 94 94 94 94 94 94 94 94 94 94 94 94 94 94 94 94 94 94 94 94 94 94 94 94 94 94 94 94 94 94 94 94 94 94 94 94 94 94 94 94 94 94 94 94 94 94 94 94 94 94 94 94 94 94 94 94 94 94 94 94 94 94 94 94 94 94 94 94 94 94 94 94 94 94 94 -1 94 94 94 
50 19 64 76 94 -1 77 50 46 55 77 72 50 35 80 50 50 19 19 -1 77 64 67 19 64 77 55 50 64 50 55 50 76 50 55 19 19 50 50 50 96 77 77 77 64 80 19 77 77 77 -1 19 77 80 35 50 64 86 77 61 64 50 64 77 -1 64 50 64 79 77 46 50 50 64 80 50 64 -1 50 50 50 64 19 50 72 82 64 50 55 50 64 77 55 55 19 50 50 50 
69 28 58 93 94 77 -1 82 70 94 70 -1 59 70 74 61 70 69 82 82 -1 58 49 82 11 30 69 61 11 69 11 69 24 82 24 59 82 87 69 82 47 69 87 47 59 80 70 -1 61 30 72 94 69 84 90 72 87 69 20 -1 30 59 81 20 81 87 30 58 82 -1 -1 28 11 81 69 59 87 20 81 82 59 -1 -1 87 24 82 69 -1 58 70 59 87 28 59 59 69 47 69 
35 94 89 94 94 50 82 -1 35 94 94 89 44 35 74 50 89 39 35 35 72 89 89 35 94 89 94 36 89 35 89 89 35 39 35 -1 35 50 39 -1 39 94 89 40 35 80 94 82 39 89 39 94 94 80 35 50 94 66 94 94 89 35 44 35 94 89 39 66 94 95 89 89 50 89 39 94 94 48 94 94 50 89 39 95 94 82 94 39 35 -1 54 94 89 94 -1 35 50 50 
13 16 42 16 94 46 70 35 -1 91 -1 30 37 -1 74 61 -1 16 16 46 70 60 49 18 32 16 29 36 16 13 13 13 13 13 13 13 10 16 13 38 34 78 16 40 35 80 -1 70 61 10 37 10 13 84 35 34 51 66 34 61 16 13 60 29 76 76 30 29 79 29 -1 37 10 25 25 37 16 10 13 37 76 70 70 36 16 82 76 30 13 70 54 10 28 16 16 35 91 37 
29 94 91 91 94 55 94 94 91 -1 91 72 26 29 74 55 91 94 94 94 63 67 67 26 94 91 -1 91 92 26 94 29 91 67 55 94 91 26 94 94 91 94 91 63 26 96 94 94 94 91 55 94 94 80 94 26 26 67 67 94 91 94 44 29 94 94 67 26 94 29 29 37 55 91 26 94 94 91 94 94 26 94 94 91 91 94 94 91 55 94 94 -1 26 67 -1 91 91 91 
13 16 91 16 94 77 70 94 -1 91 -1 72 37 8 74 36 8 74 36 51 72 91 49 36 72 16 72 36 72 13 49 37 13 74 13 13 -1 36 13 72 83 78 77 93 72 96 8 70 77 -1 72 -1 78 84 35 72 51 66 72 93 16 13 72 72 56 56 49 49 93 93 8 37 -1 93 49 37 16 -1 49 37 72 72 36 36 72 82 76 37 13 49 56 -1 49 49 51 37 91 37 
30 28 42 28 94 72 -1 89 30 72 72 -1 59 30 74 72 28 28 28 28 6 60 49 28 -1 30 72 72 -1 30 -1 78 24 28 24 30 72 71 28 33 33 78 28 47 59 80 30 6 39 30 72 72 69 84 35 72 65 66 20 6 30 28 24 20 62 24 30 66 79 6 6 28 -1 30 30 59 32 20 30 24 72 6 6 87 24 82 60 6 30 28 59 72 28 32 28 24 72 62 
37 23 42 37 94 50 59 44 37 26 37 59 -1 29 74 50 37 74 23 23 87 64 67 -1 62 74 -1 37 62 26 74 37 37 74 55 44 37 -1 74 50 65 78 37 63 -1 80 56 59 61 74 37 56 78 80 44 26 -1 97 61 44 37 44 44 29 56 56 67 26 79 29 29 37 50 65 -1 37 80 37 44 37 -1 62 23 37 37 82 80 37 55 37 56 26 26 59 23 37 50 37 
-1 38 58 16 94 35 70 35 -1 29 8 30 29 -1 74 61 8 38 35 35 58 60 49 35 32 30 29 61 30 -1 -1 0 -1 0 -1 -1 10 16 -1 38 34 78 16 40 35 80 8 70 61 30 39 10 0 80 35 34 29 66 34 61 30 -1 32 29 76 32 30 29 88 29 -1 30 10 30 30 61 32 10 -1 88 76 78 33 40 16 82 76 30 -1 30 54 10 29 32 78 35 40 88 
74 74 74 74 94 80 74 74 74 74 74 74 74 74 -1 80 74 74 74 74 87 74 74 74 79 74 74 74 74 74 74 74 74 74 74 74 74 74 74 74 74 78 74 74 74 80 80 74 74 74 80 74 74 80 74 74 74 74 78 74 74 74 74 74 74 74 74 74 79 74 74 74 74 74 -1 74 80 74 74 74 74 74 74 74 74 82 80 74 79 74 74 74 74 74 74 74 74 74 
61 61 61 50 94 50 61 50 61 55 36 72 50 61 80 -1 50 61 36 50 61 61 67 36 95 50 55 -1 61 61 61 50 61 50 55 61 27 50 50 50 96 61 50 93 61 80 50 61 61 36 -1 36 61 80 97 50 97 97 61 61 97 -1 97 55 50 95 97 61 79 95 61 50 50 87 80 50 80 50 61 50 50 97 50 97 72 82 97 50 61 50 97 96 55 61 61 61 50 -1 
13 -1 42 -1 94 50 70 89 -1 91 8 28 37 8 74 50 -1 1 1 18 77 60 49 18 32 -1 37 37 1 13 25 37 -1 28 13 13 37 -1 1 38 60 78 -1 60 37 80 8 60 61 -1 37 10 78 84 35 50 37 86 42 61 -1 1 60 29 76 76 30 49 79 17 8 37 84 25 25 37 -1 42 49 37 76 62 18 37 -1 82 76 37 13 60 97 -1 28 3 1 37 91 37 
31 -1 42 16 94 19 69 39 16 94 74 28 74 38 74 61 1 -1 1 18 69 60 74 18 79 74 31 36 1 31 38 -1 16 74 38 95 18 31 -1 38 74 69 16 93 79 80 95 69 39 74 37 94 69 80 95 88 74 69 61 61 16 1 28 31 95 95 69 93 79 -1 38 28 84 74 -1 37 95 42 31 -1 74 69 79 95 79 82 69 37 79 31 61 16 28 69 1 -1 50 37 
35 -1 42 16 94 19 82 35 16 94 36 28 23 35 74 36 1 1 -1 -1 82 60 49 -1 82 16 23 36 1 35 35 17 16 82 35 -1 -1 36 1 82 82 94 16 82 35 80 19 82 94 16 19 19 94 80 35 26 23 69 61 94 16 1 28 35 19 28 82 26 82 17 35 28 36 25 17 94 94 19 94 82 23 82 -1 36 16 82 94 37 35 28 54 16 28 94 -1 35 50 37 
35 18 64 76 94 -1 82 35 46 94 51 28 23 35 74 50 18 18 -1 -1 77 64 51 18 64 18 23 36 18 35 35 18 76 82 35 18 18 36 18 50 65 94 77 65 35 80 -1 82 77 51 5 -1 94 80 35 50 51 86 61 94 18 18 64 77 5 56 82 64 82 18 46 28 50 65 18 94 46 5 94 82 50 64 18 36 18 82 76 37 35 28 56 51 28 51 18 35 50 37 
58 61 58 77 94 77 -1 72 70 63 72 6 87 58 87 61 77 69 82 77 -1 58 67 82 11 77 63 61 11 63 87 63 24 87 58 58 72 87 58 72 58 58 77 63 59 80 70 6 77 72 72 72 58 84 90 72 87 69 -1 6 72 58 72 -1 72 87 67 58 82 6 6 72 -1 87 87 59 87 -1 58 82 72 6 6 87 72 82 58 -1 58 70 59 58 28 58 59 61 72 72 
58 60 -1 60 94 64 58 89 60 67 91 60 64 60 74 61 60 60 60 64 58 -1 67 64 62 42 67 60 42 67 60 89 60 60 58 60 60 60 60 60 60 93 2 60 62 80 76 60 61 60 64 64 58 80 90 67 64 86 2 93 -1 58 60 58 -1 60 67 -1 93 86 89 62 62 60 42 60 64 42 58 60 76 62 42 60 60 82 -1 42 58 60 64 2 67 67 76 76 60 62 
49 49 67 49 94 67 49 89 49 67 49 49 67 49 74 67 49 74 49 51 67 67 -1 67 49 49 67 49 92 67 49 78 49 67 49 49 49 49 49 67 49 78 49 93 78 80 49 93 67 -1 49 49 67 80 49 67 51 67 67 93 49 67 92 49 67 92 67 -1 93 93 49 92 49 93 49 49 49 49 49 49 74 78 92 49 49 92 67 49 67 49 93 49 -1 49 78 49 91 49 
35 18 42 18 94 19 82 35 18 26 36 28 -1 35 74 36 18 18 -1 18 82 64 67 -1 62 74 12 36 18 26 35 37 18 74 35 18 18 12 18 82 65 78 18 63 12 80 19 82 94 74 37 19 78 80 35 26 12 97 61 44 18 18 44 29 56 56 67 26 79 18 35 37 36 65 12 37 80 19 44 37 12 62 18 36 18 82 80 37 35 28 56 18 26 59 18 35 50 37 
32 28 58 32 94 64 11 94 32 94 72 -1 62 32 79 95 32 79 82 64 11 62 49 62 -1 30 55 79 11 32 11 79 -1 28 -1 95 79 79 32 95 34 93 28 40 62 80 76 11 94 30 55 65 58 84 95 34 65 95 34 11 62 95 -1 34 62 -1 30 58 79 95 11 62 11 65 79 79 32 20 30 -1 76 62 79 95 -1 82 76 65 79 28 65 32 28 32 79 -1 40 62 
30 16 42 16 94 77 30 89 16 91 16 30 74 30 74 50 -1 74 16 18 77 42 49 74 30 -1 74 37 42 30 -1 37 16 74 30 30 37 16 16 74 34 78 -1 93 74 80 16 30 77 16 37 16 78 80 35 34 73 66 34 93 16 16 42 34 76 73 30 66 93 74 16 37 30 -1 -1 37 16 42 30 37 74 73 42 37 16 82 76 30 30 30 73 16 42 73 16 37 91 37 
29 92 67 93 94 55 69 94 29 -1 72 72 -1 29 74 55 37 31 23 23 63 67 67 12 55 74 -1 37 92 -1 29 29 29 67 55 29 37 12 29 55 55 93 92 63 12 80 29 63 94 67 55 56 67 80 35 -1 12 67 67 44 67 29 44 29 56 56 67 -1 93 29 29 37 55 93 12 37 80 55 29 37 12 62 92 37 72 92 67 37 55 31 56 9 -1 67 9 37 55 37 
37 36 61 37 94 50 61 36 36 91 36 72 37 61 74 -1 37 36 36 36 61 60 49 36 79 37 37 -1 36 37 49 37 37 50 55 36 -1 36 36 50 83 61 37 83 61 80 36 61 61 36 15 36 61 80 36 50 37 97 61 61 37 15 97 37 50 83 97 61 79 95 36 37 36 87 37 37 37 36 37 37 50 97 36 36 37 82 97 37 61 37 97 36 36 49 36 37 50 15 
33 -1 42 16 94 64 11 89 16 92 72 -1 62 30 74 61 1 1 1 18 11 42 92 18 11 42 92 36 -1 89 11 89 16 -1 24 18 18 71 1 33 33 52 -1 40 62 80 76 11 39 16 39 65 33 80 35 72 65 66 42 11 62 1 -1 20 62 -1 33 66 82 11 89 -1 11 65 33 71 65 42 30 82 74 62 -1 40 16 82 76 33 61 -1 65 16 -1 73 1 65 40 62 
13 31 58 93 94 50 69 35 13 26 13 30 26 -1 74 61 13 31 35 35 63 67 67 26 32 30 -1 37 89 -1 13 -1 13 13 13 13 37 31 13 38 34 69 16 63 26 80 13 63 61 30 37 13 69 80 35 26 26 69 34 61 30 13 32 -1 56 95 30 26 93 -1 13 37 55 93 26 37 32 63 13 31 26 69 69 37 16 82 69 30 13 31 54 26 26 69 26 69 40 37 
13 25 42 25 94 55 11 89 13 94 49 -1 74 -1 74 61 25 38 35 35 87 60 49 35 11 -1 29 49 11 13 -1 78 13 66 -1 13 49 87 13 38 34 78 25 40 78 80 13 11 61 -1 55 49 78 80 35 34 87 66 34 11 -1 13 60 34 60 87 -1 66 93 11 13 28 11 25 25 87 25 42 -1 24 74 78 11 87 24 82 60 -1 13 -1 54 25 28 34 78 24 40 62 
-1 17 78 37 94 50 69 89 13 29 37 78 37 0 74 50 37 -1 17 18 63 89 78 37 79 37 29 37 89 -1 78 -1 13 0 13 13 37 -1 17 33 33 78 37 63 78 80 13 63 94 78 37 94 0 80 35 29 37 69 78 75 89 13 71 29 50 87 33 29 79 17 89 37 50 81 17 37 37 37 -1 17 37 78 33 37 37 82 69 37 13 -1 97 37 29 52 78 17 50 37 
13 16 42 16 94 76 24 35 13 91 13 24 37 -1 74 61 -1 16 16 76 24 60 49 18 -1 16 29 37 16 13 13 13 -1 13 13 13 37 16 13 38 34 93 16 93 35 80 76 93 61 16 37 76 93 80 35 34 65 86 34 93 16 13 24 29 76 24 30 93 93 93 13 37 24 93 25 37 -1 42 13 24 76 62 79 37 16 82 76 30 13 30 93 16 28 -1 76 24 91 37 
-1 28 42 28 94 50 82 39 13 67 74 28 74 0 74 50 28 74 82 82 87 60 67 74 28 74 67 50 -1 13 66 0 13 -1 40 13 82 87 39 -1 -1 52 28 40 62 80 13 43 39 74 39 65 0 80 35 40 65 66 40 82 40 13 28 40 62 28 -1 66 82 52 13 28 28 87 -1 87 65 42 13 82 74 62 -1 40 82 82 66 -1 13 28 65 83 28 40 28 39 40 62 
13 38 58 93 94 55 24 35 13 55 13 24 55 -1 74 55 13 38 35 35 58 58 49 35 -1 30 55 55 24 13 -1 13 13 40 -1 13 83 55 13 38 -1 93 30 40 35 96 13 43 61 30 55 13 58 84 35 -1 65 66 -1 93 30 13 24 -1 62 24 30 58 93 93 13 62 55 93 30 93 32 58 13 24 55 62 40 40 24 82 58 30 13 30 93 58 55 -1 78 24 40 62 
13 18 58 95 94 19 59 -1 13 94 13 30 44 -1 74 61 13 95 -1 18 58 60 49 18 95 30 29 36 18 13 13 13 13 13 13 -1 18 95 13 7 34 78 16 40 -1 80 13 59 39 30 39 19 13 80 -1 34 44 95 34 44 30 13 44 29 62 95 30 29 79 95 13 62 62 95 44 59 95 13 13 44 44 62 18 95 79 82 95 30 13 7 54 95 28 32 7 -1 40 62 
37 18 91 37 94 19 82 35 10 91 -1 72 37 10 74 27 37 18 -1 18 72 60 49 18 79 37 37 -1 18 37 49 37 37 82 83 18 -1 -1 18 50 83 78 37 83 35 80 10 82 77 10 37 10 37 80 35 50 37 97 61 75 37 18 71 37 19 83 49 37 79 95 10 37 10 87 37 37 37 10 37 37 37 71 18 -1 37 82 76 37 79 37 97 10 28 49 18 37 50 37 
31 16 42 16 94 50 87 50 16 26 36 71 -1 16 74 50 -1 31 36 36 87 60 49 12 79 16 12 36 71 31 87 -1 16 87 55 95 -1 -1 16 50 83 78 16 83 12 80 16 87 50 16 -1 36 31 80 95 50 12 97 78 75 16 95 71 31 50 87 87 26 79 95 16 -1 50 87 12 -1 16 36 31 -1 12 71 79 -1 16 82 76 -1 79 31 97 16 26 16 75 -1 50 -1 
13 -1 42 16 94 50 69 39 13 94 13 28 74 -1 74 50 1 -1 1 18 58 60 49 18 32 16 29 36 1 13 13 17 13 39 13 13 18 16 -1 -1 34 78 16 40 35 80 13 69 39 16 39 94 13 80 35 34 65 69 34 61 16 1 28 29 50 28 30 29 79 17 13 28 50 25 17 94 16 48 13 17 50 78 39 95 16 82 69 30 13 28 54 16 28 32 1 17 50 88 
33 38 42 95 94 50 82 -1 38 94 72 33 50 38 74 50 38 38 82 50 72 60 67 82 95 74 55 50 33 38 38 33 38 -1 38 7 50 50 -1 -1 33 52 33 40 35 80 95 82 -1 74 -1 94 33 80 35 50 95 66 61 61 40 48 33 38 50 95 33 66 82 95 38 33 50 87 33 50 95 48 38 82 50 82 -1 95 72 82 95 33 38 7 54 95 33 95 7 -1 50 50 
33 33 58 60 94 96 47 39 34 91 83 33 65 34 74 96 60 74 82 65 58 60 49 65 34 34 55 83 33 34 34 33 34 -1 -1 34 83 83 34 33 -1 93 33 -1 62 96 76 43 39 34 96 65 33 80 35 34 65 66 34 93 -1 34 60 34 60 -1 33 58 93 93 34 33 55 60 33 83 65 42 34 34 74 62 33 -1 34 82 60 33 34 60 65 83 33 34 76 65 -1 83 
52 94 58 93 94 77 69 94 78 94 78 78 78 78 78 61 78 69 94 94 58 93 78 78 93 78 93 61 52 69 78 78 93 52 93 78 78 78 78 52 93 -1 58 93 78 80 78 93 94 78 78 94 -1 80 78 93 78 69 52 93 78 58 78 93 78 93 78 93 93 52 78 78 58 93 78 93 93 58 -1 78 78 78 52 78 78 82 69 78 58 78 93 58 78 -1 78 69 93 69 
33 16 -1 16 94 77 87 89 16 91 77 28 37 16 74 50 -1 16 16 77 77 2 49 18 28 -1 92 37 -1 16 25 37 16 28 30 16 37 16 16 33 33 58 -1 40 62 80 16 87 77 16 37 77 58 84 35 34 65 66 2 87 16 16 28 77 21 28 30 21 79 87 16 28 28 25 25 37 16 -1 30 37 74 62 28 87 16 82 21 -1 58 28 65 2 28 16 16 37 91 37 
40 40 58 93 94 77 47 40 40 63 93 47 63 40 74 93 60 93 82 65 63 60 93 63 40 93 63 83 40 63 40 63 93 40 40 40 83 83 40 40 -1 93 40 -1 93 96 76 -1 40 93 96 65 93 80 93 40 65 93 40 93 40 93 60 -1 60 40 40 93 93 93 47 40 63 93 40 93 65 63 93 93 74 47 40 40 40 82 60 40 40 60 93 83 40 -1 93 65 40 83 
35 61 61 93 94 64 59 35 35 26 72 59 -1 35 74 61 37 79 35 35 59 62 78 12 62 74 12 61 62 26 78 78 35 62 35 -1 35 12 35 35 62 78 62 93 -1 80 35 59 61 78 37 56 78 80 35 26 12 97 61 -1 62 -1 -1 29 62 56 78 26 79 59 35 62 62 62 12 59 64 61 -1 -1 12 62 79 37 79 82 62 37 61 35 59 26 26 59 59 35 50 62 
80 80 96 80 94 80 80 80 80 96 96 80 80 80 80 80 80 80 80 80 80 80 80 80 80 80 80 80 80 80 80 80 80 80 96 80 80 80 80 80 96 80 80 96 80 -1 80 96 80 80 80 80 80 80 80 80 80 86 96 80 96 80 80 96 80 80 80 80 80 80 80 80 80 80 80 80 80 80 80 80 -1 80 80 96 80 82 80 80 80 96 80 96 80 80 80 80 -1 80 
13 16 42 76 94 19 70 94 -1 94 8 30 56 8 80 50 8 95 19 -1 70 76 49 19 76 16 29 36 76 13 13 13 76 13 13 13 10 16 13 95 76 78 16 76 35 80 -1 70 94 10 19 -1 13 80 35 34 51 86 34 94 16 13 76 29 76 76 30 76 93 95 8 37 10 76 80 94 -1 10 13 94 76 70 19 95 16 82 76 76 13 70 56 10 76 76 51 76 50 37 
43 28 58 93 94 77 -1 82 70 94 70 6 59 70 74 61 60 69 82 82 6 60 93 82 11 30 63 61 11 63 11 63 93 43 43 59 82 87 69 82 43 93 87 -1 59 96 70 -1 61 93 72 94 69 84 90 43 65 69 20 6 43 59 81 43 81 43 30 93 93 6 6 28 11 81 43 59 65 20 81 82 59 6 6 43 24 82 69 6 58 70 59 83 28 43 59 69 43 69 
39 61 61 94 94 77 61 39 61 94 77 39 61 61 74 61 61 39 94 77 77 61 67 94 94 77 94 61 39 61 61 94 61 39 61 39 77 50 39 -1 39 94 77 40 61 80 94 61 -1 77 39 94 61 80 39 50 94 66 61 61 40 -1 61 77 77 94 39 61 94 95 61 39 50 77 39 94 94 -1 94 94 50 94 39 95 94 82 94 39 61 39 61 77 39 61 -1 39 50 61 
30 16 42 16 94 77 30 89 10 91 -1 30 74 30 74 36 -1 74 16 51 72 60 -1 74 30 16 67 36 16 30 -1 78 16 74 30 30 10 16 16 74 34 78 16 93 78 80 10 93 77 -1 37 10 78 80 35 34 51 66 78 93 16 16 60 34 76 76 30 22 93 93 10 37 10 93 -1 37 16 10 -1 37 74 78 74 36 16 82 76 30 30 30 93 10 22 -1 78 37 91 37 
37 37 96 37 94 -1 72 39 37 55 72 72 37 39 80 -1 37 37 19 5 72 64 49 37 55 37 55 15 39 37 55 37 37 39 55 39 37 -1 39 -1 96 78 37 96 37 80 19 72 39 37 -1 19 37 80 39 -1 37 97 55 61 37 15 72 55 5 80 39 55 79 95 37 37 -1 87 80 37 80 5 37 37 -1 72 39 37 72 82 80 37 55 37 97 96 55 55 39 37 -1 15 
13 94 91 76 94 19 94 94 10 94 -1 72 56 10 74 36 10 94 19 -1 72 64 49 19 65 16 56 36 65 13 49 94 76 65 13 19 10 36 94 94 65 94 77 65 56 80 -1 94 94 10 19 -1 94 80 90 72 -1 86 94 94 16 94 64 72 56 56 49 49 94 93 10 37 10 65 49 94 46 10 94 94 56 94 19 36 72 82 76 65 94 94 56 10 49 49 -1 65 91 90 
-1 61 58 93 94 77 69 94 13 94 78 69 78 0 74 61 78 69 94 94 58 58 67 78 58 78 67 61 33 69 78 0 93 0 58 13 37 31 13 33 33 -1 58 93 78 80 13 69 61 78 37 94 -1 80 35 58 78 69 -1 93 78 58 78 58 58 93 33 58 93 -1 13 33 58 93 33 93 93 58 -1 69 74 78 33 95 58 82 69 33 58 31 93 58 33 -1 78 69 40 69 
80 84 84 80 94 80 84 80 84 80 84 84 80 80 80 80 84 80 80 80 84 80 80 80 84 80 80 80 80 80 80 80 80 80 84 80 80 80 80 80 80 80 84 80 80 80 80 84 80 80 80 80 80 -1 80 80 80 86 84 80 84 80 84 84 80 80 80 80 84 80 84 80 84 80 80 80 80 80 80 84 -1 84 84 80 -1 84 80 80 84 84 80 84 80 80 80 80 80 80 
35 35 58 93 94 35 90 35 35 94 35 35 44 35 74 97 35 95 35 35 90 90 49 35 95 35 35 36 35 35 35 35 35 35 35 -1 35 95 35 35 35 78 35 93 35 80 35 90 39 35 39 90 35 80 -1 35 90 97 35 90 35 35 44 35 90 90 35 93 79 95 35 62 62 90 44 90 95 35 35 44 44 62 35 95 79 82 95 35 35 35 -1 95 35 90 35 35 40 90 
34 88 58 93 94 50 72 50 34 26 72 72 26 34 74 50 50 88 26 50 72 67 67 26 34 34 -1 50 72 26 34 29 34 40 -1 34 50 50 34 50 34 93 34 40 26 80 34 43 50 34 -1 72 58 80 35 -1 26 97 34 88 34 88 72 34 50 34 34 26 88 29 34 50 -1 93 26 50 80 50 34 88 50 72 50 40 72 82 67 34 -1 34 97 26 26 34 26 34 50 88 
37 65 64 76 94 64 87 94 51 26 51 65 -1 29 74 97 37 74 23 51 87 64 51 12 65 73 12 37 65 26 87 37 65 65 65 44 37 12 65 95 65 78 65 65 12 80 51 65 94 51 37 -1 78 80 90 26 -1 97 61 90 64 44 64 29 -1 -1 65 26 79 95 51 37 51 65 12 37 64 51 44 37 12 64 65 37 65 82 64 65 97 65 -1 51 26 73 51 65 65 90 
66 69 86 86 94 86 69 66 66 67 66 66 97 66 74 97 86 69 69 86 69 86 67 97 95 66 67 97 66 69 66 69 86 66 66 95 97 97 69 66 66 69 66 93 97 86 86 69 66 66 97 86 69 86 97 97 97 -1 67 69 66 95 97 69 86 86 -1 66 93 -1 69 97 97 93 66 97 86 69 66 69 86 69 66 97 79 82 -1 66 97 66 97 97 66 69 86 69 66 -1 
52 61 -1 93 94 77 20 94 34 67 72 20 61 34 78 61 42 61 61 61 -1 2 67 61 34 34 67 61 42 34 34 78 34 40 -1 34 61 78 34 61 34 52 2 40 61 96 34 20 61 78 55 94 -1 84 35 34 61 67 -1 61 21 -1 34 20 21 34 67 -1 88 52 20 42 20 81 78 61 94 20 -1 88 55 78 20 40 34 82 21 20 -1 34 61 2 67 34 78 61 40 88 
61 61 61 93 94 61 -1 94 61 94 93 6 44 61 74 61 61 61 94 94 6 93 93 44 11 93 44 61 11 61 11 75 93 82 93 44 75 75 61 61 93 93 87 93 -1 80 94 6 61 93 61 94 93 80 90 88 90 69 61 -1 62 -1 44 20 62 87 93 93 93 6 6 62 11 93 44 -1 94 20 44 44 44 6 6 75 79 82 94 6 61 70 -1 94 28 -1 -1 61 61 90 
30 16 21 16 94 64 30 89 16 91 16 30 37 30 74 97 -1 16 16 18 72 -1 49 18 62 16 67 37 62 30 -1 89 16 40 30 30 37 16 16 40 -1 78 16 40 62 96 16 43 40 16 37 16 78 84 35 34 64 66 21 62 -1 16 -1 34 21 40 30 21 93 93 89 62 62 -1 25 37 16 42 30 37 76 62 40 40 16 82 21 30 30 -1 97 16 62 73 16 37 40 62 
13 -1 58 16 94 50 59 35 13 94 13 28 44 -1 74 -1 1 1 1 18 58 58 67 18 95 16 29 15 1 13 13 13 13 13 13 13 18 95 1 48 34 58 16 93 -1 80 13 59 -1 16 15 94 58 80 35 88 44 95 -1 -1 16 -1 44 29 62 95 30 58 79 95 13 28 50 93 17 59 95 48 13 44 44 59 95 95 16 95 95 30 -1 28 59 16 28 59 1 -1 50 15 
33 28 42 60 94 64 81 44 60 44 72 24 44 32 74 97 60 28 28 64 72 60 92 44 -1 42 44 97 -1 32 60 71 24 28 24 44 71 71 28 33 60 78 28 60 -1 80 76 81 61 60 72 64 78 84 44 72 64 97 34 44 -1 44 -1 34 -1 24 33 60 79 81 81 -1 -1 60 33 59 64 42 44 24 44 -1 28 97 24 82 60 33 97 28 97 60 28 32 28 24 60 -1 
29 31 58 93 94 77 20 35 29 29 72 20 29 29 74 55 29 31 35 77 -1 58 49 29 34 34 29 37 20 -1 34 29 29 40 -1 29 37 31 29 38 34 93 77 -1 29 96 29 43 77 34 55 72 58 84 35 34 29 69 20 20 34 29 34 -1 62 34 34 29 93 29 20 37 20 87 29 37 32 20 29 34 29 20 20 40 34 82 69 20 29 31 59 29 29 34 29 34 40 37 
62 62 21 76 94 -1 81 94 76 94 56 62 56 76 74 50 76 95 19 5 72 -1 67 56 62 76 56 50 62 56 60 50 76 62 62 62 19 50 50 50 60 78 21 60 62 80 76 81 77 76 5 56 58 80 90 50 -1 86 21 62 21 62 -1 62 -1 56 67 21 79 95 76 62 62 60 56 94 -1 5 62 62 76 62 62 95 62 82 21 65 97 60 56 21 62 67 76 76 50 62 
33 28 42 76 94 64 87 89 76 94 56 24 56 32 74 95 76 95 28 56 87 60 92 56 -1 73 56 83 -1 95 87 87 24 28 24 95 83 87 28 95 -1 93 28 40 56 80 76 43 94 76 80 56 93 80 90 34 -1 86 34 87 40 95 24 34 56 -1 33 93 79 95 87 28 24 -1 33 87 -1 42 81 24 76 73 28 40 24 82 76 -1 79 28 56 76 28 73 76 -1 40 62 
33 33 67 93 94 50 30 39 30 67 49 30 67 30 74 97 30 69 82 82 67 67 67 67 30 30 67 97 33 30 -1 33 30 -1 30 30 49 87 30 33 33 78 30 40 78 80 30 30 39 30 39 49 33 80 35 34 65 -1 67 93 30 30 33 34 67 33 -1 -1 93 57 30 33 30 30 33 87 86 42 30 82 74 78 33 40 30 82 57 30 30 30 97 30 33 67 78 39 40 57 
58 61 21 93 94 64 58 66 29 26 49 66 26 29 74 61 49 93 26 64 58 -1 -1 26 58 66 -1 61 66 26 66 29 93 66 58 29 37 26 29 66 58 93 21 93 26 80 76 93 61 22 55 49 58 80 93 26 26 66 -1 93 21 58 60 29 21 93 -1 -1 93 93 29 37 55 93 26 93 64 58 58 88 26 78 66 37 49 82 21 58 58 60 93 21 22 -1 26 61 55 66 
93 79 88 93 94 79 82 94 79 94 93 79 79 88 79 79 79 79 82 82 82 93 93 79 79 93 93 79 82 93 93 79 93 82 93 79 79 79 79 82 93 93 79 93 79 80 93 93 94 93 79 94 93 84 79 88 79 93 88 93 93 79 79 93 79 79 93 93 -1 93 82 79 84 93 79 79 93 93 79 -1 79 93 79 79 79 82 93 79 79 79 93 79 82 -1 79 79 79 79 
52 17 58 93 94 77 -1 95 29 29 93 6 29 29 74 95 17 -1 17 18 6 86 93 18 95 74 29 95 11 -1 11 17 93 52 93 95 95 95 17 95 93 52 87 93 59 80 95 6 95 93 95 93 -1 80 95 29 95 -1 52 6 93 95 81 29 95 95 57 93 93 -1 6 95 11 93 17 59 95 20 52 17 74 6 6 95 79 82 57 6 29 31 59 95 29 -1 17 -1 93 57 
13 16 42 16 94 46 -1 89 -1 29 8 6 29 -1 74 61 8 38 35 46 6 89 49 35 11 16 29 36 89 13 13 89 13 13 13 13 10 16 13 38 34 78 16 47 35 80 8 6 61 10 37 10 13 84 35 34 51 69 20 6 89 13 81 20 76 87 30 29 82 6 -1 89 10 81 25 59 16 10 13 82 76 6 6 87 16 82 69 6 13 -1 59 10 89 32 59 35 40 88 
33 28 42 37 94 50 28 89 37 37 37 28 37 30 74 50 37 28 28 28 72 62 92 37 62 37 37 37 -1 37 28 37 37 28 62 62 37 -1 28 33 33 78 28 40 62 80 37 28 39 37 37 37 33 80 62 50 37 97 42 62 62 28 -1 37 62 28 33 37 79 95 89 -1 62 62 33 37 37 42 37 37 37 62 28 37 37 82 62 37 79 28 97 37 28 37 28 37 50 37 
13 28 58 84 94 50 11 50 10 55 -1 -1 50 10 74 50 84 84 36 50 -1 62 49 36 11 30 55 36 11 55 11 50 24 28 55 62 10 50 50 50 55 58 28 63 62 80 10 11 50 10 -1 10 58 84 62 -1 51 97 20 11 62 50 -1 20 62 24 30 55 84 11 10 62 -1 62 49 50 64 10 30 84 50 62 11 36 -1 82 62 20 55 28 97 10 28 49 51 24 50 62 
87 25 42 93 94 64 81 89 25 91 93 30 65 30 74 87 25 74 25 65 87 60 93 65 65 -1 93 87 65 93 25 81 93 87 93 95 87 87 25 87 60 93 25 93 62 80 76 81 77 93 87 65 93 80 90 93 65 93 81 93 -1 93 60 87 60 -1 30 93 93 93 81 62 62 -1 25 87 65 42 81 65 74 -1 65 87 25 82 60 -1 30 60 65 25 65 -1 76 65 60 62 
33 17 42 25 94 80 69 39 25 26 49 30 -1 30 -1 80 25 -1 17 18 87 42 49 12 79 -1 12 37 33 26 25 17 25 -1 30 44 37 12 17 33 33 78 25 40 12 80 80 43 39 -1 80 49 33 80 44 26 12 66 78 44 25 17 33 29 56 33 33 26 79 17 25 33 49 25 -1 37 80 42 49 17 -1 73 33 37 25 82 80 33 79 30 56 25 26 49 17 17 40 37 
37 94 42 37 94 50 59 94 37 94 37 59 37 61 74 50 37 37 94 94 59 60 49 37 79 37 37 37 71 37 87 37 37 87 93 59 37 -1 94 50 83 93 37 93 59 80 94 59 94 37 37 94 93 80 90 50 37 97 61 -1 37 59 59 37 94 87 87 93 79 59 59 37 50 87 37 -1 94 94 94 37 37 59 59 37 37 82 94 37 61 37 59 37 37 59 -1 37 50 37 
32 16 42 -1 94 64 87 94 16 94 16 32 80 32 80 80 -1 95 94 46 87 64 49 80 32 16 80 37 65 32 25 37 -1 65 32 95 37 16 16 95 65 93 16 65 64 80 -1 65 94 16 80 46 93 80 95 80 64 86 94 94 16 95 64 32 -1 -1 86 64 93 95 16 37 64 65 80 94 -1 42 94 94 -1 64 95 95 16 95 -1 65 32 60 64 16 65 3 -1 -1 65 37 
13 42 42 42 94 -1 20 48 10 91 -1 20 37 10 74 50 42 42 19 5 -1 42 49 19 20 42 55 36 42 63 42 37 42 42 58 13 10 36 48 48 42 58 -1 63 61 80 10 20 -1 10 5 10 58 80 35 50 51 69 20 20 42 48 42 20 5 42 42 58 93 20 10 42 10 42 42 94 42 -1 49 94 50 20 20 36 42 82 42 20 58 42 56 10 42 49 48 48 50 37 
13 94 58 49 94 50 81 94 13 94 49 30 44 -1 74 61 49 31 94 94 58 58 49 44 30 30 29 37 30 13 -1 -1 13 13 13 13 37 31 13 38 34 -1 30 93 -1 80 13 81 94 -1 37 94 -1 80 35 34 44 66 -1 44 30 13 44 29 62 81 30 58 79 52 13 37 30 81 49 94 94 49 -1 44 44 -1 79 37 49 82 94 30 13 30 59 49 49 41 -1 31 40 37 
31 17 88 37 94 50 82 94 37 94 37 24 37 88 74 50 37 -1 82 82 82 60 49 37 -1 37 37 37 82 31 24 17 24 82 24 44 37 -1 17 82 34 78 37 93 -1 80 94 82 94 37 37 94 69 84 44 88 37 69 88 44 37 44 24 34 62 24 82 88 -1 17 82 37 84 65 17 37 94 94 44 -1 37 62 -1 37 -1 82 94 37 -1 31 59 37 82 68 -1 17 50 37 
74 74 74 76 94 50 59 50 76 26 72 72 -1 76 74 50 76 74 23 50 72 76 74 12 76 74 12 50 74 26 74 37 76 74 55 44 37 12 50 50 74 78 74 74 12 -1 76 59 50 74 -1 56 74 -1 44 50 12 86 55 44 76 44 44 29 76 76 74 26 79 74 76 37 50 74 -1 37 -1 50 44 37 -1 62 50 37 53 82 76 37 55 37 56 76 26 74 76 76 45 37 
78 62 78 93 94 64 -1 89 70 94 72 6 62 78 74 97 62 69 82 64 6 62 78 62 62 73 62 97 62 69 78 78 62 62 62 62 71 71 78 82 62 78 62 47 62 80 70 6 94 78 72 94 78 84 62 72 64 69 78 6 62 59 -1 20 62 73 78 78 93 6 6 62 62 -1 73 59 64 20 -1 62 62 -1 6 87 62 82 62 6 78 -1 59 62 62 73 78 62 62 62 
33 18 42 95 94 19 -1 39 70 94 36 6 23 33 74 50 18 79 -1 18 6 42 92 18 79 42 92 36 -1 69 11 33 79 -1 40 18 18 79 39 -1 33 52 28 40 79 80 19 6 39 74 39 19 33 84 35 50 65 66 20 6 40 95 28 20 62 28 33 66 79 6 6 28 11 65 33 59 95 20 79 -1 50 6 -1 95 79 -1 95 6 79 28 59 95 28 59 18 -1 40 62 
37 36 91 37 94 50 87 95 36 91 36 87 37 40 74 97 37 95 36 36 87 60 49 36 95 37 37 36 40 37 87 37 37 40 40 95 -1 -1 95 95 -1 78 87 40 37 96 95 43 95 36 37 36 95 80 95 40 37 97 40 75 40 95 97 40 95 40 40 37 79 95 87 37 36 87 37 37 95 36 37 37 37 87 95 -1 37 95 95 -1 97 37 97 -1 37 40 36 -1 40 -1 
16 16 42 16 94 72 24 94 16 91 72 24 37 16 74 72 -1 79 16 18 72 60 49 18 -1 16 72 37 16 16 24 37 16 82 24 79 37 16 16 72 34 78 16 40 79 80 16 24 94 16 72 72 58 -1 79 72 65 79 34 79 16 16 24 34 62 24 30 49 79 79 16 37 -1 25 25 37 16 42 49 -1 53 62 79 37 -1 82 76 37 79 60 65 16 28 16 79 24 72 37 
82 82 82 95 94 82 82 82 82 94 82 82 82 82 82 82 82 82 82 82 82 82 92 82 82 82 92 82 82 82 82 82 82 82 82 82 82 82 82 82 82 82 82 82 82 82 82 82 82 82 82 82 82 84 82 82 82 82 82 82 82 95 82 82 82 82 82 82 82 82 82 82 82 82 82 82 95 82 82 82 82 82 -1 95 82 -1 95 82 82 82 82 95 82 82 82 82 82 82 
66 76 21 76 94 64 69 94 76 94 76 60 80 76 80 97 76 69 94 76 58 -1 67 80 76 76 67 97 76 69 60 69 76 66 58 95 76 76 69 95 60 69 21 60 62 80 76 69 94 76 80 76 69 80 95 67 64 -1 21 94 21 95 60 69 21 76 57 21 93 57 69 62 62 60 80 94 -1 42 94 94 76 62 95 95 76 95 -1 76 97 60 97 21 67 67 76 76 60 57 
33 33 42 37 94 50 -1 39 30 91 37 6 37 30 74 50 37 37 37 37 -1 42 49 37 65 30 37 37 33 30 -1 37 30 -1 30 30 37 -1 30 33 33 78 -1 40 37 80 76 6 39 30 37 65 33 80 35 34 65 66 20 6 30 30 33 20 65 -1 30 58 79 6 6 37 20 -1 33 37 65 20 30 37 37 6 6 -1 37 82 76 -1 30 30 59 83 33 73 59 37 40 37 
13 61 58 16 94 55 58 35 13 55 13 30 55 -1 79 61 13 79 35 35 58 58 67 35 79 30 55 61 61 13 13 13 13 13 13 13 79 79 13 38 34 58 58 40 61 80 13 58 61 30 55 94 58 84 35 -1 97 97 -1 61 30 -1 97 29 97 79 30 58 79 29 13 79 55 30 79 61 32 58 13 -1 55 78 79 97 79 82 97 30 -1 30 97 58 55 32 79 61 55 -1 
31 28 42 60 94 50 70 -1 70 94 49 28 37 30 74 50 60 31 28 28 70 60 49 28 28 30 31 37 -1 31 -1 -1 30 28 30 7 37 31 28 7 60 78 28 60 35 96 70 70 39 30 37 94 31 84 35 34 65 66 34 70 -1 28 28 31 60 28 30 60 79 31 -1 28 28 60 30 37 60 42 30 31 37 -1 28 37 60 82 60 30 30 -1 54 60 28 34 7 31 60 37 
54 61 61 93 94 64 59 54 54 94 56 59 56 54 74 97 97 61 54 56 59 64 93 56 65 73 56 97 65 54 54 97 93 65 93 54 97 97 54 54 65 93 65 93 59 80 56 59 61 93 97 56 93 80 -1 97 -1 97 61 -1 97 59 97 59 56 56 97 93 93 59 59 97 97 65 56 59 64 56 59 59 56 59 59 97 65 82 97 59 97 54 -1 97 56 59 59 54 65 -1 
13 16 -1 16 94 77 87 94 10 -1 -1 72 26 10 74 96 -1 16 16 51 58 2 49 18 32 16 9 36 16 26 25 37 16 83 58 95 10 16 16 95 83 58 2 83 26 96 10 83 77 10 96 10 58 84 95 26 51 97 2 94 16 16 60 29 21 76 30 21 79 95 10 37 10 25 25 37 16 10 49 37 76 62 95 -1 16 95 21 83 58 60 97 -1 26 16 9 83 -1 83 
33 28 42 28 94 55 28 89 28 26 49 28 26 29 74 55 28 28 28 28 28 67 -1 26 28 42 -1 36 -1 26 28 29 28 28 55 28 28 26 28 33 33 78 28 40 26 80 76 28 39 22 55 49 33 80 35 26 26 66 67 28 62 28 28 29 62 28 33 22 82 29 89 28 28 65 26 37 65 42 49 82 26 62 28 37 28 82 67 33 55 28 56 26 -1 49 26 65 40 62 
52 16 58 -1 94 55 59 94 16 67 49 32 59 32 74 61 3 69 94 51 58 67 49 59 32 73 67 49 73 69 34 52 -1 40 -1 32 49 16 32 95 34 -1 16 -1 59 80 76 43 61 -1 55 49 -1 80 90 34 73 69 34 -1 73 59 32 34 67 73 67 -1 -1 -1 32 37 49 -1 49 59 3 49 41 68 74 73 59 40 16 82 67 73 32 34 59 16 49 -1 59 69 40 69 
78 -1 78 76 -1 19 59 -1 16 -1 51 28 23 78 74 61 1 1 -1 18 59 76 78 18 79 16 9 36 1 26 78 78 76 28 78 7 18 75 1 7 76 78 16 93 59 80 51 59 -1 78 39 -1 78 80 35 26 51 86 78 -1 16 1 28 29 76 76 78 26 79 17 59 28 51 76 17 -1 -1 48 -1 -1 76 78 18 36 79 82 76 59 79 7 59 9 26 59 -1 76 91 75 
31 17 61 76 94 50 69 35 35 91 37 24 37 35 74 61 37 -1 35 35 61 76 49 35 -1 37 37 37 65 69 24 17 24 39 24 -1 37 -1 17 -1 65 69 37 65 35 80 76 69 39 37 37 65 69 80 35 34 65 69 61 61 37 -1 24 34 76 -1 39 61 79 -1 35 37 24 65 17 37 -1 48 31 17 76 62 -1 -1 24 82 76 37 61 31 54 83 65 69 76 -1 50 37 
40 91 91 91 94 50 47 50 91 91 91 72 50 40 74 50 91 50 50 50 72 60 91 50 40 91 55 50 40 40 40 50 91 40 40 40 50 50 50 50 -1 93 91 40 50 -1 50 43 50 91 -1 91 40 80 40 50 65 66 40 61 40 50 60 40 50 40 40 55 79 93 40 50 50 60 40 50 65 50 40 50 45 62 40 40 72 82 60 40 55 60 65 -1 40 40 91 50 -1 50 
37 37 88 37 94 50 69 50 37 91 37 62 37 88 74 -1 37 37 37 37 72 62 49 37 62 37 37 15 62 37 62 37 37 62 62 62 37 -1 88 50 83 69 37 83 62 80 37 69 61 37 15 90 69 80 90 88 90 -1 88 90 62 15 -1 37 62 62 57 66 79 57 88 37 62 62 37 37 37 37 37 37 37 62 62 -1 37 82 57 37 -1 37 -1 83 62 69 75 37 50 -1 
