54
10 36
-1 16 34 8 14 25 16 -1 -1 16 8 16 30 8 -1 30 -1 -1 7 14 8 8 7 41 13 -1 30 28 16 7 -1 41 16 8 16 7 29 25 33 28 22 -1 33 41 16 14 16 13 14 30 25 20 8 14 
16 -1 34 52 53 37 16 16 33 16 33 -1 18 24 16 33 -1 33 16 53 37 11 37 46 11 37 11 37 16 16 16 53 -1 -1 -1 16 26 -1 33 28 24 16 33 16 16 46 -1 34 52 34 32 53 -1 -1 
34 34 -1 44 45 45 34 35 47 34 34 34 49 47 45 45 34 47 34 45 44 34 35 45 47 45 34 47 47 35 34 45 34 34 -1 -1 35 34 49 47 44 45 34 45 35 -1 45 -1 45 34 47 44 34 34 
8 52 44 -1 14 37 16 8 -1 20 8 52 20 8 8 33 8 8 52 53 -1 8 8 41 20 8 52 37 16 24 8 51 52 8 52 44 52 20 24 51 24 8 52 24 20 14 52 13 52 20 13 20 -1 21 
14 53 45 14 -1 -1 16 14 14 18 33 53 18 14 -1 -1 14 14 15 -1 37 53 25 41 37 5 53 37 39 53 15 53 53 15 53 53 53 5 33 15 53 15 53 41 53 5 5 39 14 30 25 53 18 -1 
25 37 45 37 -1 -1 25 25 25 37 25 25 37 50 4 4 25 25 15 4 37 25 25 46 37 -1 37 37 25 44 15 46 37 15 37 44 37 -1 42 15 25 45 37 45 37 -1 -1 45 14 44 25 37 37 4 
16 16 34 16 16 25 -1 29 16 -1 16 16 9 29 16 18 -1 16 16 53 12 30 29 43 29 16 30 28 16 -1 16 39 16 16 16 16 9 16 49 28 9 43 40 -1 16 43 16 28 49 -1 12 20 16 16 
-1 16 35 8 14 25 29 -1 0 18 8 29 18 8 0 18 0 0 -1 14 18 30 -1 41 29 0 30 41 41 -1 -1 41 50 18 16 -1 29 25 29 18 22 -1 33 41 29 41 41 35 14 30 22 20 18 30 
-1 33 47 -1 14 25 16 0 -1 16 -1 21 20 -1 0 33 0 0 33 53 3 -1 7 41 13 0 21 28 16 7 0 53 33 -1 16 7 26 20 33 33 24 0 33 24 16 14 33 13 14 30 13 20 3 21 
16 16 34 20 18 37 -1 18 16 -1 33 36 -1 40 48 18 6 30 12 53 12 30 40 43 40 40 36 28 16 6 12 53 50 18 16 16 -1 20 40 18 -1 43 40 6 40 43 16 28 12 6 12 20 18 36 
8 33 34 8 33 25 16 8 -1 33 -1 21 33 8 8 33 8 33 33 33 8 8 8 41 13 8 21 33 33 8 8 39 33 -1 33 8 26 33 33 33 42 8 33 24 16 14 33 13 14 38 13 20 8 21 
16 -1 34 52 53 25 16 29 21 36 21 -1 24 24 52 30 1 25 52 53 24 -1 25 46 -1 21 -1 37 16 24 21 53 1 1 1 16 26 1 24 38 24 43 52 24 16 46 1 24 52 30 24 24 -1 1 
30 18 49 20 18 37 9 18 20 -1 33 24 -1 50 48 18 18 30 -1 18 -1 30 50 41 20 50 30 37 49 9 -1 39 50 18 49 18 9 20 49 18 9 18 33 9 20 48 18 49 -1 -1 -1 20 18 30 
8 24 47 8 14 50 29 8 -1 40 8 24 50 -1 8 33 8 8 33 53 24 8 50 41 -1 50 24 47 47 24 8 39 50 8 47 47 29 24 24 38 24 8 33 24 24 47 24 -1 50 38 -1 24 8 21 
-1 16 45 8 -1 4 16 0 0 48 8 52 48 8 -1 4 0 0 7 4 48 8 7 41 13 0 30 28 16 7 0 53 16 8 16 7 29 5 49 15 22 0 52 41 16 -1 45 45 -1 48 25 53 48 4 
30 33 45 33 -1 4 18 18 33 18 33 30 18 33 4 -1 18 30 -1 4 18 30 18 41 38 5 30 39 39 18 -1 39 33 -1 18 18 30 5 33 -1 42 -1 33 41 18 41 5 39 14 30 18 39 18 4 
-1 -1 34 8 14 25 -1 0 0 6 8 1 18 8 0 18 -1 0 -1 53 44 30 7 41 11 0 30 28 -1 6 -1 39 1 1 -1 -1 9 1 33 28 44 0 33 6 -1 14 1 28 14 6 18 28 1 1 
-1 33 47 8 14 25 16 0 0 30 33 25 30 8 0 30 0 -1 33 14 30 25 25 41 38 -1 30 28 -1 7 -1 39 33 -1 16 7 30 25 33 28 25 0 33 28 16 14 25 28 14 28 25 28 30 25 
7 16 34 52 15 15 16 -1 33 12 33 52 -1 33 7 -1 -1 33 -1 15 12 30 7 41 20 7 52 28 16 7 7 39 16 -1 16 7 12 16 33 15 12 7 33 16 16 41 16 28 12 12 12 20 -1 15 
14 53 45 53 -1 4 53 14 53 53 33 53 18 53 4 4 53 14 15 -1 53 53 25 53 53 5 53 53 39 53 15 53 53 15 53 53 53 5 53 15 53 15 53 41 53 5 5 53 14 53 25 53 53 -1 
8 37 44 -1 37 37 12 18 3 12 8 24 -1 24 48 18 44 30 12 53 -1 8 37 43 -1 37 37 37 37 24 12 51 37 8 37 44 12 -1 24 51 24 43 37 24 -1 37 37 24 12 12 12 -1 3 44 
8 11 34 8 53 25 30 30 -1 30 8 -1 30 8 8 30 30 25 30 53 8 -1 25 53 11 -1 11 37 25 24 -1 53 11 8 11 30 26 25 24 30 24 8 53 24 53 25 11 13 30 30 25 53 11 -1 
7 37 35 8 25 25 29 -1 7 40 8 25 50 50 7 18 7 25 7 25 37 25 -1 41 40 -1 30 37 25 7 7 41 50 18 16 7 29 25 40 18 -1 7 40 40 40 25 25 50 50 30 -1 37 18 25 
41 46 45 41 41 46 43 41 41 43 41 46 41 41 41 41 41 41 41 53 43 53 41 -1 43 41 53 41 41 41 41 -1 46 41 46 41 41 46 39 31 41 -1 53 41 53 41 -1 41 41 41 41 39 46 31 
13 11 47 20 37 37 29 29 13 40 13 -1 20 -1 13 38 11 38 20 53 -1 11 40 43 -1 50 11 37 43 -1 20 39 50 38 11 29 29 20 -1 38 -1 43 38 -1 20 43 11 13 20 38 -1 20 11 11 
-1 37 45 8 5 -1 16 0 0 40 8 21 50 50 0 5 0 -1 7 5 37 -1 -1 41 50 -1 37 37 17 7 0 53 50 17 16 7 37 -1 33 28 22 0 37 28 37 5 5 28 14 28 -1 37 21 21 
30 11 34 52 53 37 30 30 21 36 21 -1 30 24 30 30 30 30 52 53 37 11 30 53 11 37 -1 37 30 36 -1 53 11 11 11 30 -1 -1 24 30 24 30 37 24 37 37 11 24 52 30 24 53 -1 -1 
28 37 47 37 37 37 28 41 28 28 33 37 37 47 28 39 28 28 28 53 37 37 37 41 37 37 37 -1 -1 44 28 39 37 28 28 28 37 -1 39 28 42 28 37 28 37 37 37 28 49 28 37 -1 37 51 
16 16 47 16 39 25 16 41 16 16 33 16 49 47 16 39 -1 -1 16 39 37 25 25 41 43 17 30 -1 -1 16 16 39 16 17 16 16 16 27 39 -1 43 -1 33 -1 16 41 16 -1 49 -1 25 27 16 16 
7 16 35 24 53 44 -1 -1 7 6 8 24 9 24 7 18 6 7 7 53 24 24 7 41 -1 7 36 44 16 -1 7 53 50 18 16 7 -1 44 24 38 24 7 38 6 -1 41 16 24 49 6 24 24 18 44 
-1 16 34 8 15 15 16 -1 0 12 8 21 -1 8 0 -1 -1 -1 7 15 12 -1 7 41 20 0 -1 28 16 7 -1 39 16 15 16 7 26 26 49 15 12 0 33 16 16 14 16 28 12 -1 12 20 26 21 
41 53 45 51 53 46 39 41 53 53 39 53 39 39 53 39 39 39 39 53 51 53 41 -1 39 53 53 39 39 53 39 -1 53 39 53 53 53 53 39 -1 53 23 53 39 53 41 23 39 49 39 39 39 53 -1 
16 -1 34 52 53 37 16 50 33 50 33 1 50 50 16 33 1 33 16 53 37 11 50 46 50 50 11 37 16 50 16 53 -1 1 1 16 26 1 33 28 50 16 33 50 16 46 1 34 50 34 -1 53 1 1 
8 -1 34 8 15 15 16 18 -1 18 -1 1 18 8 8 -1 1 -1 -1 15 8 8 18 41 38 17 11 28 17 18 15 39 1 -1 1 16 18 1 -1 15 42 15 -1 28 16 41 1 13 18 38 13 39 1 1 
16 -1 -1 52 53 37 16 16 16 16 33 1 49 47 16 18 -1 16 16 53 37 11 16 46 11 16 11 28 16 16 16 53 1 1 -1 2 16 1 49 28 44 16 33 16 16 2 1 -1 49 -1 32 53 1 1 
7 16 -1 44 53 44 16 -1 7 16 8 16 18 47 7 18 -1 7 7 53 44 30 7 41 29 7 30 28 16 7 7 53 16 16 2 -1 29 44 49 28 44 7 44 16 -1 2 16 2 49 44 22 44 16 44 
29 26 35 52 53 37 9 29 26 -1 26 26 9 29 29 30 9 30 12 53 12 26 29 41 29 37 -1 37 16 -1 26 53 26 18 16 29 -1 26 29 30 9 29 37 9 29 37 26 29 12 9 12 53 26 26 
25 -1 34 20 5 -1 16 25 20 20 33 1 20 24 5 5 1 25 16 5 -1 25 25 46 20 -1 -1 -1 27 44 26 53 1 1 1 44 26 -1 42 28 42 25 -1 24 -1 5 1 28 20 44 25 20 1 1 
33 33 49 24 33 42 49 29 33 40 33 24 49 24 49 33 33 33 33 53 24 24 40 39 -1 33 24 39 39 24 49 39 33 -1 49 49 29 42 -1 -1 24 33 -1 24 49 41 33 24 49 -1 24 39 42 42 
28 28 47 51 15 15 28 18 33 18 33 38 18 38 15 -1 28 28 15 15 51 30 18 31 38 28 30 28 -1 38 15 -1 28 15 28 28 30 28 -1 -1 38 15 38 28 28 41 31 28 49 28 38 -1 18 31 
22 24 44 24 53 25 9 22 24 -1 42 24 9 24 22 42 44 25 12 53 24 24 -1 41 -1 22 24 42 43 24 12 53 50 42 44 44 9 42 24 38 -1 22 -1 24 -1 25 24 24 12 44 22 24 42 42 
-1 16 45 8 15 45 43 -1 0 43 8 43 18 8 0 -1 0 0 7 15 43 8 7 -1 43 0 30 28 -1 7 0 23 16 15 16 7 29 25 33 15 22 -1 33 -1 16 -1 23 28 14 28 22 28 18 15 
33 33 34 52 53 37 40 33 33 40 33 52 33 33 52 33 33 33 33 53 37 53 40 53 38 37 37 37 33 38 33 53 33 -1 33 44 37 -1 -1 38 -1 33 -1 38 37 37 33 33 52 38 37 53 -1 -1 
41 16 45 24 41 45 -1 41 24 6 24 24 9 24 41 41 6 28 16 41 24 24 40 41 -1 28 24 28 -1 6 16 39 50 28 16 16 9 24 24 28 24 -1 38 -1 16 41 41 28 49 6 24 24 24 16 
16 16 35 20 53 37 16 29 16 40 16 16 20 24 16 18 -1 16 16 53 -1 53 40 53 20 37 37 37 16 -1 16 53 16 16 16 -1 29 -1 49 28 -1 16 37 16 -1 35 16 28 49 -1 20 20 16 -1 
14 46 -1 14 5 -1 43 41 14 43 14 46 48 47 -1 41 14 14 41 5 37 25 25 41 43 5 37 37 41 41 14 41 46 41 2 2 37 5 41 41 25 -1 37 41 35 -1 -1 2 14 34 25 37 46 5 
16 -1 45 52 5 -1 16 41 33 16 33 1 18 24 45 5 1 25 16 5 37 11 25 -1 11 5 11 37 16 16 16 23 1 1 1 16 26 1 33 31 24 23 33 41 16 -1 -1 34 45 34 25 53 1 1 
13 34 -1 13 39 45 28 35 13 28 13 24 49 -1 45 39 28 28 28 53 24 13 50 41 13 28 24 28 -1 24 28 39 34 13 -1 2 29 28 24 28 24 28 33 28 28 2 34 -1 49 28 13 28 34 34 
14 52 45 52 14 14 49 14 14 12 14 52 -1 50 -1 14 14 14 12 14 12 30 50 41 20 14 52 49 49 49 12 49 50 18 49 49 12 20 49 49 12 14 52 49 49 14 45 49 -1 -1 12 20 -1 14 
30 34 34 20 30 44 -1 30 30 6 38 30 -1 38 48 30 6 28 12 53 12 30 30 41 38 28 30 28 -1 6 -1 39 34 38 -1 44 9 44 -1 28 44 28 38 6 -1 34 34 28 -1 -1 12 20 48 44 
25 32 47 13 25 25 12 22 13 12 13 24 -1 -1 25 18 18 25 12 25 12 25 -1 41 -1 -1 24 37 25 24 12 39 -1 13 32 22 12 25 24 38 22 22 37 24 20 25 25 13 12 12 -1 20 18 25 
20 53 44 20 53 37 20 20 20 20 20 24 20 24 53 39 28 28 20 53 -1 53 37 39 20 37 53 -1 27 24 20 39 53 39 53 44 53 20 39 -1 24 28 53 24 20 37 53 28 20 20 20 -1 20 -1 
8 -1 34 -1 18 37 16 18 3 18 8 -1 18 8 48 18 1 30 -1 53 3 11 18 46 11 21 -1 37 16 18 26 53 1 1 1 16 26 1 42 18 42 18 -1 24 16 46 1 34 -1 48 18 20 -1 1 
14 -1 34 21 -1 4 16 30 21 36 21 1 30 21 4 4 1 25 15 -1 44 -1 25 31 11 21 -1 51 16 44 21 -1 1 1 1 44 26 1 42 31 42 15 -1 16 -1 5 1 34 14 44 25 -1 1 -1 
