39
1 27
-1 18 20 20 20 7 18 -1 16 20 20 -1 16 20 20 7 7 16 7 20 -1 11 20 7 18 30 30 20 18 18 -1 20 11 20 20 20 11 16 7 
18 -1 -1 18 2 4 18 18 -1 17 21 36 16 34 36 28 8 2 -1 4 4 8 17 18 18 17 29 16 18 8 18 8 2 18 2 18 -1 36 4 
20 -1 -1 34 -1 4 18 5 1 17 34 32 17 34 34 5 17 -1 1 4 4 4 17 25 32 17 25 19 34 8 5 4 -1 17 -1 34 1 17 4 
20 18 34 -1 5 -1 18 5 31 18 20 20 22 20 31 5 5 18 -1 5 -1 20 -1 31 18 30 29 20 18 18 -1 -1 24 18 -1 -1 18 22 20 
20 2 -1 5 -1 -1 18 5 21 38 20 21 16 20 21 5 5 2 2 -1 -1 -1 5 31 21 17 29 19 15 19 5 -1 2 20 2 38 21 16 -1 
7 4 4 -1 -1 -1 18 -1 16 17 20 7 16 20 21 -1 -1 16 3 4 3 4 3 7 18 30 30 16 15 16 -1 3 4 16 3 3 21 16 4 
18 18 18 18 18 18 -1 18 18 18 29 18 28 20 24 28 18 18 -1 29 18 24 18 18 18 18 29 20 18 18 18 18 24 18 18 18 18 29 18 
-1 18 5 5 5 -1 18 -1 16 38 23 0 16 20 25 5 -1 16 -1 5 0 5 5 -1 18 23 25 16 18 18 0 23 38 16 5 38 11 16 -1 
16 -1 1 31 21 16 18 16 -1 17 21 21 16 21 21 16 -1 16 1 29 21 -1 16 31 21 17 29 16 16 -1 21 -1 2 16 2 16 1 16 16 
20 17 17 18 38 17 18 38 17 -1 -1 21 17 20 21 33 17 -1 17 29 10 10 17 10 18 17 25 20 33 10 21 21 38 -1 10 38 33 17 -1 
20 21 34 20 20 20 29 23 21 -1 -1 21 27 20 21 34 17 9 29 29 -1 -1 17 -1 21 23 29 20 34 -1 21 21 38 9 -1 38 21 29 -1 
-1 36 32 20 21 7 18 0 21 21 21 -1 16 20 21 7 7 32 7 32 0 -1 37 7 21 21 36 20 36 36 0 21 -1 36 21 38 -1 36 32 
16 16 17 22 16 16 28 16 16 17 27 16 -1 22 22 28 -1 16 28 27 27 16 -1 16 28 17 25 -1 -1 16 16 16 27 16 28 -1 33 16 35 
20 34 34 20 20 20 20 20 21 20 20 20 22 -1 -1 34 37 22 20 20 -1 14 -1 25 21 -1 25 20 34 37 25 14 34 20 -1 20 14 -1 20 
20 36 34 31 21 21 24 25 21 21 21 21 22 -1 -1 34 37 25 24 21 13 -1 13 25 21 -1 25 20 34 36 21 -1 21 25 -1 31 -1 -1 20 
7 28 5 5 5 -1 28 5 16 33 34 7 28 34 34 -1 5 16 28 5 5 5 5 7 28 30 29 28 -1 28 5 5 5 28 28 5 33 16 5 
7 8 17 5 5 -1 18 -1 -1 17 17 7 -1 37 37 5 -1 -1 7 5 33 8 12 7 18 17 25 12 12 8 5 8 17 -1 5 12 33 -1 7 
16 2 -1 18 2 16 18 16 16 -1 9 32 16 22 25 16 -1 -1 -1 4 4 4 -1 25 18 -1 25 16 18 18 25 4 2 9 2 16 2 16 9 
7 -1 1 -1 2 3 -1 -1 1 17 29 7 28 20 24 28 7 -1 -1 29 3 24 3 7 -1 17 29 20 -1 -1 3 3 24 -1 3 3 1 29 7 
20 4 4 5 -1 4 29 5 29 29 29 32 27 20 21 5 5 4 29 -1 4 4 27 29 29 29 29 -1 27 -1 5 4 -1 29 4 27 29 29 4 
-1 4 4 -1 -1 3 18 0 21 10 -1 0 27 -1 13 5 33 4 3 4 -1 -1 3 10 21 13 25 -1 33 10 0 3 38 -1 3 3 21 13 -1 
11 8 4 20 -1 4 24 5 -1 10 -1 -1 16 14 -1 5 8 4 24 4 -1 -1 14 10 -1 14 25 20 24 8 -1 -1 11 20 10 20 -1 14 4 
20 17 17 -1 5 3 18 5 16 17 17 37 -1 -1 13 5 12 -1 3 27 3 14 -1 25 18 13 25 12 12 37 3 3 17 16 3 3 37 -1 17 
7 18 25 31 31 7 18 -1 31 10 -1 7 16 25 25 7 7 25 7 29 10 10 25 -1 18 -1 25 20 18 10 25 -1 38 25 10 31 21 16 7 
18 18 32 18 21 18 18 18 21 18 21 21 28 21 21 28 18 18 -1 29 21 -1 18 18 -1 18 29 21 18 -1 21 21 -1 18 18 18 21 29 32 
30 17 17 30 17 30 18 23 17 17 23 21 17 -1 -1 30 17 -1 17 29 13 14 13 -1 18 -1 -1 20 33 26 -1 14 17 -1 13 30 14 13 17 
30 29 25 29 29 30 29 25 29 25 29 36 25 25 25 29 25 25 29 29 25 25 25 25 29 -1 -1 29 29 -1 25 25 29 25 25 29 29 29 29 
20 16 19 20 19 16 20 16 16 20 20 20 -1 20 20 28 12 16 20 -1 -1 20 12 20 21 20 29 -1 12 19 20 19 19 20 20 12 21 16 20 
18 18 34 18 15 15 18 18 16 33 34 36 -1 34 34 -1 12 18 -1 27 33 24 12 18 18 33 29 12 -1 18 15 18 24 -1 -1 12 33 16 18 
18 8 8 18 19 16 18 18 -1 10 -1 36 16 37 36 28 8 18 -1 -1 10 8 37 10 -1 26 -1 19 18 -1 18 8 19 -1 10 18 -1 -1 10 
-1 18 5 -1 5 -1 18 0 21 21 21 0 16 25 21 5 5 25 3 5 0 -1 3 25 21 -1 25 20 15 18 -1 3 11 25 3 3 21 16 5 
20 8 4 -1 -1 3 18 23 -1 21 21 21 16 14 -1 5 8 4 3 4 3 -1 3 -1 21 14 25 19 18 8 3 -1 4 16 3 3 14 14 4 
11 2 -1 24 2 4 24 38 2 38 38 -1 27 34 21 5 17 2 24 -1 38 11 17 38 -1 17 29 19 24 19 11 4 -1 24 2 38 11 29 -1 
20 18 17 18 20 16 18 16 16 -1 9 36 16 20 25 28 -1 9 -1 29 -1 20 16 25 18 -1 25 20 -1 -1 25 16 24 -1 28 16 -1 16 9 
20 2 -1 -1 2 3 18 5 2 10 -1 21 28 -1 -1 28 5 2 3 4 3 10 3 10 18 13 25 20 -1 10 3 3 2 28 -1 3 14 13 10 
20 18 34 -1 38 3 18 38 16 38 38 38 -1 20 31 5 12 16 3 27 3 20 3 31 18 30 29 12 12 18 3 3 38 16 3 -1 18 16 -1 
11 -1 1 18 21 21 18 11 1 33 21 -1 33 14 -1 33 33 2 1 29 21 -1 37 21 21 14 29 21 33 -1 21 14 11 -1 14 18 -1 -1 21 
16 36 17 22 16 16 29 16 16 17 29 36 16 -1 -1 16 -1 16 29 29 13 14 -1 16 29 13 29 16 16 -1 16 14 29 16 13 16 -1 -1 16 
7 4 4 20 -1 4 18 -1 16 -1 -1 32 35 20 20 5 7 9 7 4 -1 4 17 7 32 17 29 20 18 10 5 4 -1 9 10 -1 21 16 -1 
