63
32 38
-1 30 30 12 30 40 12 12 12 49 60 12 -1 12 40 52 30 30 12 52 12 13 30 30 12 30 30 36 40 57 12 12 54 39 30 12 30 12 30 12 12 55 30 30 12 44 12 37 12 30 30 37 30 55 12 12 36 30 12 30 55 37 30 
30 -1 16 17 34 53 16 17 16 16 60 16 30 44 53 16 -1 -1 59 52 -1 35 34 34 59 17 16 34 34 34 16 16 54 39 -1 20 34 17 25 17 36 36 17 20 17 44 59 60 17 16 25 49 16 16 17 53 36 30 17 -1 34 34 17 
30 16 -1 24 24 53 16 24 16 16 60 16 30 31 53 -1 -1 16 24 52 34 48 34 24 -1 17 16 24 34 34 16 15 54 53 -1 16 34 24 24 34 36 36 24 34 31 60 59 51 15 16 35 24 15 16 24 53 36 30 16 16 34 51 24 
12 17 24 -1 24 45 8 -1 -1 8 23 37 7 7 61 48 8 -1 -1 48 8 48 8 18 -1 17 8 23 58 59 17 8 54 9 17 37 30 -1 24 7 37 47 17 26 7 18 7 37 -1 18 25 24 37 17 7 12 42 30 17 18 45 37 17 
30 34 24 24 -1 62 26 24 26 26 23 26 30 31 61 31 59 42 23 31 34 31 23 -1 -1 38 -1 -1 34 34 26 -1 54 23 -1 42 27 23 -1 34 36 36 -1 26 31 23 59 62 24 59 38 24 30 42 24 62 38 31 26 -1 34 37 -1 
40 53 53 45 62 -1 40 45 53 45 45 40 40 45 -1 45 53 53 45 53 53 53 45 45 51 53 53 40 -1 28 40 45 54 45 29 46 40 47 53 45 -1 47 53 53 45 -1 45 -1 45 45 46 47 47 -1 40 53 40 29 28 29 45 14 47 
12 16 16 8 26 40 -1 8 -1 8 62 -1 11 31 40 31 -1 -1 8 35 -1 35 8 22 8 17 -1 26 58 34 16 -1 54 9 20 -1 30 11 25 17 11 49 17 20 11 44 11 37 8 16 35 37 16 16 12 11 42 31 -1 16 34 37 17 
12 17 24 -1 24 45 8 -1 3 8 37 12 -1 -1 61 31 8 3 3 21 39 13 8 37 3 17 8 37 61 57 12 13 54 39 39 37 44 -1 24 -1 12 44 17 39 -1 44 -1 37 3 44 37 37 37 17 -1 12 44 46 17 46 45 37 44 
12 16 16 -1 26 53 -1 3 -1 -1 23 6 7 7 53 16 -1 3 3 52 6 35 -1 22 3 17 -1 23 58 34 16 6 54 9 22 6 30 3 26 7 11 49 17 26 7 18 7 37 3 9 35 24 9 16 7 11 36 30 6 16 34 37 17 
49 16 16 8 26 45 8 8 -1 -1 33 8 49 49 45 52 8 8 49 52 8 52 8 22 8 17 8 23 45 59 49 8 54 -1 22 8 49 52 26 33 11 49 49 26 49 33 45 49 8 -1 35 49 -1 33 8 49 49 49 8 49 33 51 33 
60 60 60 23 23 45 62 37 23 33 -1 37 60 62 45 31 53 62 23 53 39 37 23 -1 23 62 23 23 60 60 62 23 54 -1 60 37 27 23 23 33 36 60 23 27 62 33 45 60 39 23 37 37 33 33 37 60 36 60 62 23 -1 37 -1 
12 16 16 37 26 40 -1 12 6 8 37 -1 -1 44 40 31 6 6 37 52 6 35 8 37 37 17 6 37 40 57 12 6 54 45 20 6 40 -1 25 12 -1 55 17 20 -1 44 -1 37 37 44 35 37 37 55 12 -1 40 46 6 46 55 37 44 
-1 30 30 7 30 40 11 -1 7 49 60 -1 -1 7 40 52 30 30 7 52 11 13 30 30 7 30 30 36 40 57 -1 11 54 39 30 11 30 7 30 7 11 55 30 30 7 44 7 37 7 30 30 37 30 55 -1 -1 36 30 11 30 55 37 30 
12 44 31 7 31 45 31 -1 7 49 62 44 7 -1 45 31 31 44 7 21 31 -1 8 31 7 44 31 31 45 57 12 -1 54 39 31 21 44 7 31 7 44 44 31 31 -1 44 7 37 21 44 35 37 21 21 7 12 44 31 31 31 45 37 44 
40 53 53 61 61 -1 40 61 53 45 45 40 40 45 -1 61 53 53 45 53 53 53 45 61 61 53 53 40 5 28 40 45 61 45 29 61 40 61 53 45 5 47 53 53 45 5 45 5 61 61 61 61 61 5 61 53 40 29 28 29 45 -1 47 
52 16 -1 48 31 45 31 31 16 52 31 31 52 31 61 -1 2 31 48 52 31 48 34 31 2 31 31 31 34 34 52 -1 54 48 2 31 34 52 31 48 31 36 31 31 31 44 57 52 -1 16 35 24 -1 16 31 31 36 31 31 16 34 52 31 
30 -1 -1 8 59 53 -1 8 -1 8 53 6 30 31 53 2 -1 1 49 52 1 35 8 22 2 17 6 36 53 59 -1 6 54 53 1 6 30 52 53 52 11 49 30 53 49 49 59 49 8 -1 35 49 -1 -1 30 53 36 30 6 -1 34 51 30 
30 -1 16 -1 42 53 -1 3 3 8 62 6 30 44 53 31 1 -1 3 53 1 35 30 62 3 -1 6 36 58 34 -1 6 54 39 1 6 30 3 25 -1 11 36 -1 53 -1 44 7 62 3 30 25 53 30 -1 7 53 42 30 -1 1 34 37 -1 
12 59 24 -1 23 45 8 3 3 49 23 37 7 7 45 48 49 3 -1 52 34 37 -1 -1 3 17 22 23 45 59 22 23 54 45 22 37 27 -1 23 7 37 49 17 26 45 -1 45 37 3 -1 37 37 37 17 7 37 36 30 17 -1 45 37 23 
52 52 52 48 31 53 35 21 52 52 53 52 52 21 53 52 52 53 52 -1 35 -1 52 52 53 53 52 53 53 53 52 21 54 53 35 21 52 52 53 52 53 55 35 53 21 53 35 52 21 52 35 53 -1 -1 21 53 42 52 53 52 55 52 52 
12 -1 34 8 34 53 -1 39 6 8 39 6 11 31 53 31 1 1 34 35 -1 35 34 34 34 17 6 43 34 34 42 6 54 39 -1 -1 34 35 43 -1 11 36 -1 -1 11 39 35 37 39 16 35 37 39 43 39 11 42 31 6 1 34 37 17 
13 35 48 48 31 53 35 13 35 52 37 35 13 -1 53 48 35 35 37 -1 35 -1 35 37 48 50 35 31 53 35 42 13 54 48 35 -1 44 35 31 48 35 44 35 35 13 44 35 37 -1 44 35 37 19 19 13 46 42 31 35 46 35 37 44 
30 34 34 8 23 45 8 8 -1 8 23 8 30 8 45 34 8 30 -1 52 34 35 -1 -1 8 30 -1 23 34 34 -1 8 54 9 -1 8 30 18 23 30 36 36 30 26 30 18 45 37 8 18 30 37 30 16 30 30 36 30 8 18 34 37 23 
30 34 24 18 -1 45 22 37 22 22 -1 37 30 31 61 31 22 62 -1 52 34 37 -1 -1 4 38 4 -1 61 34 22 4 54 10 4 37 27 -1 4 33 36 36 4 27 62 18 37 37 18 18 37 37 37 33 37 62 36 30 62 4 10 37 -1 
12 59 -1 -1 -1 51 8 3 3 8 23 37 7 7 61 2 2 3 3 53 34 48 8 4 -1 17 4 4 59 59 16 4 54 53 2 37 27 3 4 7 36 51 4 26 7 18 59 51 3 51 25 -1 15 51 7 53 38 31 17 -1 34 51 4 
30 17 17 17 38 53 17 17 17 17 62 17 30 44 53 31 17 -1 17 53 17 50 30 38 17 -1 17 38 58 34 17 17 54 39 17 50 30 17 -1 17 17 36 17 38 17 44 50 62 17 30 -1 53 30 17 17 53 38 30 17 17 34 37 17 
30 16 16 8 -1 53 -1 8 -1 8 23 6 30 31 53 31 6 6 22 52 6 35 -1 4 4 17 -1 4 58 34 -1 4 54 9 4 6 30 8 4 17 11 36 4 -1 11 22 11 62 8 30 35 24 30 43 30 11 36 30 6 4 34 37 4 
36 34 24 23 -1 40 26 37 23 23 23 37 36 31 40 31 36 36 23 53 43 31 23 -1 4 38 4 -1 34 34 36 4 54 23 4 37 -1 23 4 43 36 36 4 -1 36 23 59 37 23 23 37 24 36 43 36 41 36 31 26 4 23 37 4 
40 34 34 58 34 -1 58 61 58 45 60 40 40 45 5 34 53 58 45 53 34 53 34 61 59 58 58 34 -1 -1 57 57 61 45 29 58 34 61 34 58 5 47 58 53 45 5 45 5 58 59 58 61 61 5 61 53 36 29 -1 29 29 -1 47 
57 34 34 59 34 28 34 57 34 59 60 57 57 57 28 34 59 34 59 53 34 35 34 34 59 34 34 34 -1 -1 57 57 57 60 -1 34 34 59 34 34 28 36 34 34 36 60 57 60 34 59 35 59 57 28 57 60 36 -1 28 -1 -1 28 34 
12 16 16 17 26 40 16 12 16 49 62 12 -1 12 40 52 -1 -1 22 52 42 42 -1 22 16 17 -1 36 57 57 -1 57 54 39 22 42 -1 52 25 17 36 36 -1 26 17 22 57 62 17 -1 25 49 -1 16 12 12 36 -1 17 16 34 51 -1 
12 16 15 8 -1 45 -1 13 6 8 23 6 11 -1 45 -1 6 6 23 21 6 13 8 4 4 17 4 4 57 57 57 -1 54 45 4 6 44 11 4 13 11 44 4 20 -1 44 57 62 15 44 35 24 15 16 13 11 38 -1 6 4 34 37 4 
54 54 54 54 54 54 54 54 54 54 54 54 54 54 61 54 54 54 54 54 54 54 54 54 54 54 54 54 61 57 54 54 -1 54 54 54 54 54 54 54 54 55 54 54 54 54 54 54 54 54 54 54 54 55 -1 54 54 54 54 54 55 54 54 
39 39 53 9 23 45 9 39 9 -1 -1 45 39 39 45 48 53 39 45 53 39 48 9 10 53 39 9 23 45 60 39 45 54 -1 39 39 45 23 53 -1 45 49 39 53 45 -1 45 45 39 9 39 53 9 -1 39 53 42 46 39 45 10 53 10 
30 -1 -1 17 -1 29 20 39 22 22 60 20 30 31 29 2 1 1 22 35 -1 35 -1 4 2 17 4 4 29 -1 22 4 54 39 -1 20 -1 22 4 20 36 36 4 20 36 60 35 60 15 16 35 24 15 16 30 60 36 29 17 1 -1 29 4 
12 20 16 37 42 46 -1 37 6 8 37 6 11 21 61 31 6 6 37 21 -1 -1 8 37 37 50 6 37 58 34 42 6 54 39 20 -1 34 -1 42 20 11 47 -1 20 11 46 -1 37 21 16 -1 37 37 16 37 46 42 46 6 46 34 37 17 
30 34 34 30 27 40 30 44 30 49 27 40 30 44 40 34 30 30 27 52 34 44 30 27 27 30 30 -1 34 34 -1 44 54 45 -1 34 -1 27 56 30 -1 -1 30 27 -1 44 40 41 30 30 30 47 30 30 30 41 -1 30 30 27 34 34 30 
12 17 24 -1 23 47 11 -1 3 52 23 -1 7 7 61 52 52 3 -1 52 35 35 18 -1 3 17 8 23 61 59 52 11 54 23 22 -1 27 -1 23 7 11 47 35 27 7 18 7 -1 3 18 35 -1 -1 51 7 11 42 46 11 18 47 -1 23 
30 25 24 24 -1 53 25 24 26 26 23 25 30 31 53 31 53 25 23 53 43 31 23 4 4 -1 4 4 34 34 25 4 54 53 4 42 56 23 -1 25 56 56 4 -1 25 23 59 62 24 59 25 24 30 43 24 53 -1 31 25 4 34 37 4 
12 17 34 7 34 45 17 -1 7 33 33 12 7 7 45 48 52 -1 7 52 -1 48 30 33 7 17 17 43 58 34 17 13 54 -1 20 20 30 7 25 -1 12 36 17 20 7 33 7 37 -1 30 25 37 -1 17 7 12 42 30 17 17 33 37 17 
12 36 36 37 36 -1 11 12 11 11 36 -1 11 44 5 31 11 11 37 53 11 35 36 36 36 17 11 36 5 28 36 11 54 45 36 11 -1 11 56 12 -1 36 36 36 11 5 11 5 37 36 35 37 36 5 12 11 36 36 11 46 36 14 36 
55 36 36 47 36 47 49 44 49 49 60 55 55 44 47 36 49 36 49 55 36 44 36 36 51 36 36 36 47 36 36 44 55 49 36 47 -1 47 56 36 36 -1 36 36 36 44 55 -1 47 -1 47 47 36 55 55 -1 36 36 36 49 47 47 47 
30 17 24 17 -1 53 17 17 17 49 23 17 30 31 53 31 30 -1 17 35 -1 35 30 4 4 17 4 4 58 34 -1 4 54 39 4 -1 30 35 4 17 36 36 -1 20 17 44 35 37 17 30 35 24 30 17 30 30 -1 30 17 4 34 37 4 
30 20 34 26 26 53 20 39 26 26 27 20 30 31 53 31 53 53 26 53 -1 35 26 27 26 38 -1 -1 53 34 26 20 54 53 20 20 27 27 -1 20 36 36 20 -1 36 53 35 53 39 30 35 53 30 -1 30 53 38 30 20 20 34 53 26 
12 17 31 7 31 45 11 -1 7 49 62 -1 7 -1 45 31 49 -1 45 21 11 13 30 62 7 17 11 36 45 36 17 -1 54 45 36 11 -1 7 25 7 11 36 17 36 -1 -1 7 62 7 -1 25 49 30 17 7 11 36 31 17 49 45 37 -1 
44 44 60 18 23 -1 44 44 18 33 33 44 44 44 5 44 49 44 -1 53 39 44 18 18 18 44 22 23 5 60 22 44 54 -1 60 46 44 18 23 33 5 44 44 53 -1 -1 -1 5 18 18 46 37 33 5 44 46 44 46 28 18 -1 14 44 
12 59 59 7 59 45 11 -1 7 45 45 -1 7 7 45 57 59 7 45 35 35 35 45 37 59 50 11 59 45 57 57 57 54 45 35 -1 40 7 59 7 11 55 35 35 7 -1 -1 37 7 59 35 37 37 55 7 -1 42 -1 11 -1 45 37 55 
37 60 51 37 62 -1 37 37 37 49 60 37 37 37 5 52 49 62 37 52 37 37 37 37 51 62 62 37 5 60 62 62 54 45 60 37 41 -1 62 37 5 -1 37 53 62 5 37 -1 37 41 37 -1 37 5 37 41 41 60 28 37 -1 37 -1 
12 17 15 -1 24 45 8 3 3 8 39 37 7 21 61 -1 8 3 3 21 39 -1 8 18 3 17 8 23 58 34 17 15 54 39 15 21 30 3 24 -1 37 47 17 39 7 18 7 37 -1 18 35 24 15 17 7 12 42 31 17 18 34 37 17 
30 16 16 18 59 45 16 44 9 -1 23 44 30 44 61 16 -1 30 -1 52 16 44 18 18 51 30 30 23 59 59 -1 44 54 9 16 16 30 18 59 30 36 -1 30 30 -1 18 59 41 18 -1 30 -1 9 16 30 41 36 30 16 -1 45 51 30 
30 25 35 25 38 46 35 37 35 35 37 35 30 35 61 35 35 25 37 35 35 35 30 37 25 -1 35 37 58 35 25 35 54 39 35 -1 30 35 25 25 35 47 35 35 25 46 35 37 35 30 -1 37 37 25 37 46 38 46 25 46 35 37 25 
37 49 24 24 24 47 37 37 24 49 37 37 37 37 61 24 49 53 37 53 37 37 37 37 -1 53 24 24 61 59 49 24 54 53 24 37 47 -1 24 37 37 47 24 53 49 37 37 -1 24 -1 37 -1 37 -1 37 53 38 49 53 24 47 -1 47 
30 16 15 37 30 47 16 37 9 -1 33 37 30 21 61 -1 -1 30 37 -1 39 19 30 37 15 30 30 36 61 57 -1 15 54 9 15 37 30 -1 30 -1 36 36 30 30 30 33 37 37 15 9 37 37 -1 16 30 30 36 30 16 16 47 37 30 
55 16 16 17 42 -1 16 17 16 33 33 55 55 21 5 16 -1 -1 17 -1 43 19 16 33 51 17 43 43 5 28 16 16 55 -1 16 16 30 51 43 17 5 55 17 -1 17 5 55 5 17 16 25 -1 16 -1 55 -1 42 30 17 16 55 51 17 
12 17 24 7 24 40 12 -1 7 8 37 12 -1 7 61 31 30 7 7 21 39 13 30 37 7 17 30 36 61 57 12 13 -1 39 30 37 30 7 24 7 12 55 30 30 7 44 7 37 7 30 37 37 30 55 -1 12 36 30 12 46 55 37 30 
12 53 53 12 62 53 11 12 11 49 60 -1 -1 12 53 31 53 53 37 53 11 46 30 62 53 53 11 41 53 60 12 11 54 53 60 46 41 11 53 12 11 -1 30 53 11 46 -1 41 12 41 46 53 30 -1 12 -1 41 46 11 46 -1 37 -1 
36 36 36 42 38 40 42 44 36 49 36 40 36 44 40 36 36 42 36 42 42 42 36 36 38 38 36 36 36 36 36 38 54 42 36 42 -1 42 -1 42 36 36 -1 38 36 44 42 41 42 36 38 38 36 42 36 41 -1 36 42 38 36 42 36 
30 30 30 30 31 29 31 46 30 49 60 46 30 31 29 31 30 30 30 52 31 31 30 30 31 30 30 31 29 -1 -1 -1 54 46 29 46 30 46 31 30 36 36 30 30 31 46 -1 60 31 30 46 49 30 30 30 46 36 -1 29 29 29 29 30 
12 17 16 17 26 28 -1 17 6 8 62 6 11 31 28 31 6 -1 17 53 6 35 8 62 17 17 6 26 -1 28 17 6 54 39 17 6 30 11 25 17 11 36 17 20 17 28 11 28 17 16 25 53 16 17 12 11 42 29 -1 16 29 28 17 
30 -1 16 18 -1 29 16 46 16 49 23 46 30 31 29 16 -1 1 -1 52 1 46 18 4 -1 17 4 4 29 -1 16 4 54 45 1 46 27 18 4 17 46 49 4 20 49 18 -1 37 18 -1 46 24 16 16 46 46 38 29 16 -1 29 29 4 
55 34 34 45 34 45 34 45 34 33 -1 55 55 45 45 34 34 34 45 55 34 35 34 10 34 34 34 23 29 -1 34 34 55 10 -1 34 34 47 34 33 36 47 34 34 45 -1 45 -1 34 45 35 47 47 55 55 -1 36 29 29 29 -1 29 10 
37 34 51 37 37 14 37 37 37 51 37 37 37 37 -1 52 51 37 37 52 37 37 37 37 51 37 37 37 -1 28 51 37 54 53 29 37 34 -1 37 37 14 47 37 53 37 14 37 37 37 51 37 -1 37 51 37 37 42 29 28 29 29 -1 37 
30 17 24 17 -1 47 17 44 17 33 -1 44 30 44 47 31 30 -1 23 52 17 44 23 -1 4 17 4 4 47 34 -1 4 54 10 4 17 30 23 4 17 36 47 4 26 -1 44 55 -1 17 30 25 47 30 17 30 -1 36 30 17 4 10 37 -1 
