16
1 3
-1 2 -1 6 -1 2 -1 -1 2 -1 -1 -1 -1 10 2 -1 
2 -1 -1 5 2 2 2 2 2 2 -1 2 10 10 2 2 
-1 -1 -1 5 -1 -1 0 0 -1 -1 -1 0 0 5 -1 -1 
6 5 5 -1 5 -1 -1 5 15 5 5 5 5 5 5 -1 
-1 2 -1 5 -1 -1 0 0 -1 0 0 0 -1 5 2 0 
2 2 -1 -1 -1 -1 3 -1 2 2 -1 -1 -1 -1 2 -1 
-1 2 0 -1 0 3 -1 0 2 0 0 -1 0 5 2 0 
-1 2 0 5 0 -1 0 -1 2 0 0 0 -1 5 -1 0 
2 2 -1 15 -1 2 2 2 -1 2 2 2 4 -1 2 -1 
-1 2 -1 5 0 2 0 0 2 -1 -1 -1 0 10 2 0 
-1 -1 -1 5 0 -1 0 0 2 -1 -1 0 -1 -1 2 0 
-1 2 0 5 0 -1 -1 0 2 -1 0 -1 0 5 2 0 
-1 10 0 5 -1 -1 0 -1 4 0 -1 0 -1 5 7 0 
10 10 5 5 5 -1 5 5 -1 10 -1 5 5 -1 -1 5 
2 2 -1 5 2 2 2 -1 2 2 2 2 7 -1 -1 2 
-1 2 -1 -1 0 -1 0 0 -1 0 0 0 0 5 2 -1 
