56
12 15
-1 -1 33 33 31 8 33 50 -1 31 45 8 42 33 45 26 53 31 53 31 8 20 20 31 33 26 1 33 8 33 39 -1 53 -1 54 11 1 31 1 8 53 8 31 31 31 -1 20 33 45 31 8 36 31 -1 53 8 
-1 -1 38 33 26 8 26 26 0 26 41 8 38 26 26 26 38 31 53 31 38 38 38 38 26 26 -1 26 38 33 38 0 36 0 54 38 -1 38 -1 8 51 36 31 38 26 0 26 33 26 31 8 36 26 0 26 8 
33 38 -1 33 24 50 -1 6 50 39 6 35 35 24 10 26 52 52 50 38 38 24 38 38 -1 -1 24 50 10 52 35 38 24 24 24 24 32 38 -1 6 50 38 41 38 24 10 26 33 32 41 -1 32 -1 10 26 32 
33 33 33 -1 17 18 33 29 55 -1 53 55 39 33 9 14 29 9 9 31 55 29 55 33 33 33 33 33 18 -1 39 17 53 -1 43 55 53 54 55 9 55 53 31 9 17 33 55 33 53 31 55 14 17 -1 53 -1 
31 26 24 17 -1 16 24 16 16 17 24 35 44 24 17 26 -1 -1 16 23 16 -1 16 21 -1 24 24 24 16 16 44 17 24 24 21 24 32 31 20 21 22 49 31 17 -1 31 44 33 32 44 44 32 16 16 23 17 
8 8 50 18 16 -1 39 16 -1 18 28 8 30 28 18 18 -1 16 -1 28 8 16 16 28 16 50 8 50 -1 16 28 8 52 8 21 50 41 52 20 -1 18 8 41 18 50 8 20 28 47 41 -1 40 16 16 28 8 
33 26 -1 33 24 39 -1 -1 39 39 -1 35 39 24 10 14 7 24 28 24 16 39 16 24 -1 2 24 24 10 16 39 45 24 24 39 24 32 38 2 -1 55 10 41 39 24 10 26 28 32 41 2 14 2 10 26 39 
50 26 6 29 16 16 -1 -1 50 39 6 50 39 24 10 14 -1 16 16 23 16 16 16 20 6 6 24 50 10 16 39 17 24 24 21 50 53 52 6 6 22 10 41 50 50 10 20 50 53 50 -1 14 16 16 53 20 
-1 0 50 55 16 -1 39 50 -1 39 41 -1 39 23 39 26 5 31 5 23 -1 20 20 20 33 50 1 50 5 16 39 0 55 0 21 11 41 31 20 -1 55 -1 41 23 50 0 20 28 45 41 -1 41 16 0 23 -1 
31 26 39 -1 17 18 39 39 39 -1 14 39 39 33 -1 14 17 -1 -1 31 55 39 55 43 17 26 15 43 18 3 39 17 55 3 43 55 51 31 43 -1 18 14 31 -1 17 14 44 28 43 31 18 14 17 3 43 -1 
45 41 6 53 24 28 -1 6 41 14 -1 41 30 24 -1 14 53 14 28 28 28 28 53 28 6 6 15 24 -1 28 28 45 53 53 30 24 41 41 41 6 28 -1 41 14 24 -1 26 28 45 41 6 14 6 -1 53 14 
8 8 35 55 35 8 35 50 -1 39 41 -1 35 35 39 35 8 31 8 23 8 20 20 20 35 35 35 50 8 16 35 8 35 8 35 -1 41 38 35 8 55 8 41 23 35 8 20 35 47 41 8 35 35 8 23 8 
42 38 35 39 44 30 39 39 39 39 30 35 -1 30 30 30 30 42 30 42 30 34 44 30 35 35 35 43 30 30 -1 42 35 35 30 30 42 42 35 30 30 42 -1 34 30 42 44 30 43 42 35 42 35 30 34 35 
33 26 24 33 24 28 24 24 23 33 24 35 30 -1 51 26 23 24 28 23 23 23 23 -1 -1 24 24 -1 23 33 28 23 -1 -1 23 24 32 31 23 23 27 36 31 23 24 31 23 33 32 31 27 32 24 32 23 32 
45 26 10 9 17 18 10 10 39 -1 -1 39 30 51 -1 -1 53 9 9 28 55 39 51 28 10 26 15 43 10 9 28 17 51 9 43 55 51 51 41 9 51 10 41 9 17 10 26 28 15 41 10 -1 17 10 26 9 
26 26 26 14 26 18 14 14 26 14 14 35 30 26 -1 -1 53 14 14 46 46 26 44 48 26 26 -1 48 14 14 28 48 48 26 48 26 26 51 26 14 51 14 41 48 26 48 26 48 -1 41 26 14 26 48 26 14 
53 38 52 29 -1 -1 7 -1 5 17 53 8 30 23 53 53 -1 4 5 23 -1 -1 -1 20 4 52 24 40 5 -1 28 17 52 53 21 24 53 52 20 5 22 8 31 23 4 53 20 28 53 44 5 40 -1 -1 53 20 
31 31 52 9 -1 16 24 16 31 -1 14 31 42 24 9 14 4 -1 9 31 16 4 44 31 4 52 24 43 18 9 44 -1 52 9 21 24 52 31 31 9 18 42 31 9 -1 31 44 45 43 31 44 14 -1 9 31 9 
53 53 50 9 16 -1 28 16 5 -1 28 8 30 28 9 14 5 9 -1 28 8 16 40 28 53 50 54 40 -1 -1 28 17 53 53 30 30 53 51 28 5 -1 8 30 9 17 28 20 28 53 31 5 40 16 -1 53 9 
31 31 38 31 23 28 24 23 23 31 28 23 42 23 28 46 23 31 28 -1 23 23 23 -1 23 46 46 23 23 23 28 -1 23 23 23 38 31 31 23 23 23 38 31 23 46 31 -1 28 43 31 46 37 31 31 23 23 
8 38 38 55 16 8 16 16 -1 55 28 8 30 23 55 46 -1 16 8 23 -1 -1 -1 -1 16 38 46 23 23 16 28 23 55 8 21 38 38 38 -1 8 22 8 31 23 22 8 -1 28 43 31 8 38 16 16 23 -1 
20 38 24 29 -1 16 39 16 20 39 28 20 34 23 39 26 -1 4 16 23 -1 -1 16 -1 4 24 24 23 23 16 34 23 23 23 -1 24 53 31 20 -1 22 20 31 23 4 31 20 28 43 31 16 32 16 16 23 20 
20 38 38 55 16 16 16 16 20 55 53 20 44 23 51 44 -1 44 40 23 -1 16 -1 20 44 38 44 40 16 16 44 23 55 44 21 55 51 38 20 55 -1 20 31 23 -1 20 20 55 53 44 44 40 16 16 23 -1 
31 38 38 33 21 28 24 20 20 43 28 20 30 -1 28 48 20 31 28 -1 -1 -1 20 -1 13 38 54 13 -1 20 28 -1 13 13 21 38 32 31 -1 21 22 38 31 -1 21 31 19 28 43 31 20 32 20 54 -1 20 
33 26 -1 33 -1 16 -1 6 33 17 6 35 35 -1 10 26 4 4 53 23 16 4 44 13 -1 2 -1 13 10 16 35 17 -1 -1 21 -1 32 52 2 6 27 10 31 23 -1 10 26 33 32 44 2 32 -1 32 26 32 
26 26 -1 33 24 50 2 6 50 26 6 35 35 24 26 26 52 52 50 46 38 24 38 38 2 -1 -1 50 10 52 35 26 24 24 54 24 26 38 2 6 50 38 41 38 24 10 26 33 26 41 2 26 2 54 26 32 
1 -1 24 33 24 8 24 24 1 15 15 35 35 24 15 -1 24 24 54 46 46 24 44 54 -1 -1 -1 24 54 24 35 1 24 24 54 24 1 54 1 24 27 36 31 48 24 1 -1 33 15 44 24 15 24 54 -1 32 
33 26 50 33 24 50 24 50 50 43 24 50 43 -1 43 48 40 43 40 23 23 23 40 13 13 50 24 -1 23 40 43 23 13 13 43 50 32 51 23 43 -1 50 31 -1 50 48 50 33 43 50 -1 40 24 32 23 40 
8 38 10 18 16 -1 10 10 5 18 -1 8 30 23 10 14 5 18 -1 23 23 23 16 -1 10 10 54 23 -1 18 -1 23 23 47 30 30 41 31 23 -1 18 10 30 23 30 10 23 -1 47 31 5 14 16 10 23 39 
33 33 52 -1 16 16 16 16 16 3 28 16 30 33 9 14 -1 9 -1 23 16 16 16 20 16 52 24 40 18 -1 28 17 52 3 21 55 53 52 20 9 18 16 30 9 16 28 20 28 53 44 16 40 16 3 53 3 
39 38 35 39 44 28 39 39 39 39 28 35 -1 28 28 28 28 44 28 28 28 34 44 28 35 35 35 43 -1 28 -1 28 35 35 -1 -1 35 38 35 -1 28 28 12 34 -1 28 44 28 43 44 35 28 35 28 34 35 
-1 0 38 17 17 8 45 17 0 17 45 8 42 23 17 48 17 -1 17 -1 23 23 23 -1 17 26 1 23 23 17 28 -1 23 0 23 38 1 -1 23 8 51 42 -1 23 17 -1 19 45 45 -1 8 37 17 0 23 8 
53 36 24 53 24 52 24 24 55 55 53 35 35 -1 51 48 52 52 53 23 55 23 55 13 -1 24 24 13 23 52 35 23 -1 13 54 24 -1 51 23 55 51 36 41 48 24 48 26 48 -1 41 24 -1 -1 -1 -1 -1 
-1 0 24 -1 24 8 24 24 0 3 53 8 35 -1 9 26 53 9 53 23 8 23 44 13 -1 24 24 13 47 3 35 0 13 -1 54 24 53 31 1 8 27 8 31 9 24 0 26 -1 47 31 8 32 24 -1 53 3 
54 54 24 43 21 21 39 21 21 43 30 35 30 23 43 48 21 21 30 23 21 -1 21 21 21 54 54 43 30 21 -1 23 54 54 -1 30 54 54 21 21 43 21 30 -1 30 48 21 30 43 44 35 54 21 54 -1 21 
11 38 24 55 24 50 24 50 11 55 24 -1 30 24 55 26 24 24 30 38 38 24 55 38 -1 24 24 50 30 55 -1 38 24 24 30 -1 32 38 -1 30 55 38 30 34 24 47 26 -1 47 41 -1 32 24 32 26 -1 
1 -1 32 53 32 41 32 53 41 51 41 41 42 32 51 26 53 52 53 31 38 53 51 32 32 26 1 32 41 53 35 1 -1 53 54 32 -1 51 1 41 51 -1 41 48 32 41 26 45 32 41 41 -1 32 -1 32 32 
31 38 38 54 31 52 38 52 31 31 41 38 42 31 51 51 52 31 51 31 38 31 38 31 52 38 54 51 31 52 38 -1 51 31 54 38 51 -1 -1 31 51 38 31 31 31 31 31 38 45 31 38 -1 -1 54 -1 38 
1 -1 -1 55 20 20 2 6 20 43 41 35 35 23 41 26 20 31 28 23 -1 20 20 -1 2 2 1 23 23 20 35 23 23 1 21 -1 1 -1 -1 6 22 -1 41 23 22 41 20 35 43 41 2 37 2 1 23 20 
8 8 6 9 21 -1 -1 6 -1 -1 6 8 30 23 9 14 5 9 5 23 8 -1 55 21 6 6 24 43 -1 9 -1 8 55 8 21 30 41 31 6 -1 55 8 30 9 30 8 20 28 43 41 5 14 6 8 23 -1 
53 51 50 55 22 18 55 22 55 18 28 55 30 27 51 51 22 18 -1 23 22 22 -1 22 27 50 27 -1 18 18 28 51 51 27 43 55 51 51 22 55 -1 51 51 27 22 28 22 28 43 44 27 -1 22 18 51 -1 
8 36 38 53 49 8 10 10 -1 14 -1 8 42 36 10 14 8 42 8 38 8 20 20 38 10 38 36 50 10 16 28 42 36 8 21 38 -1 38 -1 8 51 -1 -1 38 49 -1 20 45 45 -1 8 36 36 10 36 8 
31 31 41 31 31 41 41 41 41 31 41 41 -1 31 41 41 31 31 30 31 31 31 31 31 31 41 31 31 30 30 12 -1 41 31 30 30 41 31 41 30 51 -1 -1 31 30 31 31 45 45 31 41 37 31 31 31 41 
31 38 38 9 17 18 39 50 23 -1 14 23 34 23 9 48 23 9 9 23 23 23 23 -1 23 38 48 -1 23 9 34 23 48 9 -1 34 48 31 23 9 27 38 31 -1 17 48 23 48 -1 31 27 14 17 48 23 9 
31 26 24 17 -1 50 24 50 50 17 24 35 30 24 17 26 4 -1 17 46 22 4 -1 21 -1 24 24 50 30 16 -1 17 24 24 30 24 32 31 22 30 22 49 30 17 -1 31 -1 30 32 -1 -1 32 17 16 26 22 
-1 0 10 33 31 8 10 10 0 14 -1 8 42 31 10 48 53 31 28 31 8 31 20 31 10 10 1 48 10 28 28 -1 48 0 48 47 41 31 41 8 28 -1 31 48 31 -1 31 -1 -1 31 8 14 31 0 31 8 
20 26 26 55 44 20 26 20 20 44 26 20 44 23 26 26 20 44 20 -1 -1 20 20 19 26 26 -1 50 23 20 44 19 26 26 21 26 26 31 20 20 22 20 31 23 -1 31 -1 28 26 44 44 26 20 20 26 20 
33 33 33 33 33 28 28 50 28 28 28 35 30 33 28 48 28 45 28 28 28 28 55 28 33 33 33 33 -1 28 28 45 48 -1 30 -1 45 38 35 28 28 45 45 48 30 -1 28 -1 -1 45 35 48 33 33 28 35 
45 26 32 53 32 47 32 53 45 43 45 47 43 32 15 -1 53 43 53 43 43 43 53 43 32 26 15 43 47 53 43 45 -1 47 43 47 32 45 43 43 43 45 45 -1 32 -1 26 -1 -1 45 43 32 32 -1 32 32 
31 31 41 31 44 41 41 50 41 31 41 41 42 31 41 41 44 31 31 31 31 31 44 31 44 41 44 50 31 44 44 -1 41 31 44 41 41 31 41 41 44 -1 31 31 -1 31 44 45 45 -1 44 37 31 31 31 41 
8 8 -1 55 44 -1 2 -1 -1 18 6 8 35 27 10 26 5 44 5 46 8 16 44 20 2 2 24 -1 5 16 35 8 24 8 35 -1 41 38 2 5 27 8 41 27 -1 8 44 35 43 44 -1 40 2 8 23 8 
36 36 32 14 32 40 14 14 41 14 14 35 42 32 -1 14 40 14 40 37 38 32 40 32 32 26 15 40 14 40 28 37 -1 32 54 32 -1 -1 37 14 -1 36 37 14 32 14 26 48 32 37 40 -1 32 32 32 32 
31 26 -1 17 16 16 2 16 16 17 6 35 35 24 17 26 -1 -1 16 31 16 16 16 20 -1 2 24 24 16 16 35 17 -1 24 21 24 32 -1 2 6 22 36 31 17 17 31 20 33 32 31 2 32 -1 16 32 32 
-1 0 10 -1 16 16 10 16 0 3 -1 8 30 32 10 48 -1 9 -1 31 16 16 16 54 32 54 54 32 10 3 28 0 -1 -1 54 32 -1 54 1 8 18 10 31 48 16 0 20 33 -1 31 8 32 16 -1 -1 3 
53 26 26 53 23 28 26 53 23 43 53 23 34 23 26 26 53 31 53 23 23 23 23 -1 26 26 -1 23 23 53 34 23 -1 53 -1 26 32 -1 23 23 51 36 31 23 26 31 26 28 32 31 23 32 32 -1 -1 32 
8 8 32 -1 17 8 39 20 -1 -1 14 8 35 32 9 14 20 9 9 23 -1 20 -1 20 32 32 32 40 39 3 35 8 -1 3 21 -1 32 38 20 -1 -1 8 41 9 22 8 20 35 32 41 8 32 32 3 32 -1 
