43
2 22
-1 26 28 30 7 10 7 -1 10 15 -1 26 30 30 26 -1 10 30 30 28 26 7 30 10 10 24 -1 26 -1 16 -1 35 10 38 38 -1 15 15 -1 7 15 30 16 
26 -1 28 30 25 8 27 15 -1 30 8 25 30 30 26 8 10 30 8 35 26 27 27 35 25 -1 -1 -1 26 30 -1 8 8 8 8 -1 25 35 30 25 30 30 25 
28 28 -1 30 28 33 28 28 28 28 28 28 30 30 28 28 28 30 33 28 28 33 28 28 28 28 28 28 -1 28 28 33 28 28 38 28 28 28 28 28 28 30 28 
30 30 30 -1 17 18 21 17 16 16 16 17 16 30 16 16 -1 -1 -1 33 17 18 -1 16 16 17 16 22 30 16 -1 33 22 18 18 16 18 22 17 30 16 30 16 
7 25 28 17 -1 33 7 -1 15 14 24 17 14 17 -1 7 14 -1 33 33 17 33 17 15 -1 24 14 22 7 16 17 33 14 -1 33 14 33 15 17 7 14 30 24 
10 8 33 18 33 -1 21 15 -1 12 8 -1 -1 -1 32 8 12 11 -1 33 11 13 11 34 10 11 8 8 33 12 12 8 -1 -1 -1 8 18 15 33 10 12 30 16 
7 27 28 21 7 21 -1 -1 15 15 7 21 15 21 7 7 10 7 21 33 27 -1 27 15 7 39 7 21 7 23 7 33 21 21 15 7 15 15 7 7 15 23 39 
-1 15 28 17 -1 15 -1 -1 15 15 0 17 15 21 4 -1 10 4 21 28 39 6 17 15 4 39 0 21 0 23 0 15 10 4 15 0 15 15 0 -1 15 23 39 
10 -1 28 16 15 -1 15 15 -1 15 -1 5 5 5 15 -1 10 11 5 33 11 13 11 10 10 1 1 1 10 12 1 -1 5 5 -1 1 15 15 34 10 34 23 16 
15 30 28 16 14 12 15 15 15 -1 16 12 -1 30 -1 -1 -1 30 12 35 26 30 16 15 15 24 14 30 15 12 -1 15 14 12 40 14 15 15 30 30 -1 30 16 
-1 8 28 16 24 8 7 0 -1 16 -1 8 16 32 16 0 -1 16 8 28 39 32 32 -1 -1 24 0 8 0 16 0 8 -1 8 8 0 32 15 0 -1 16 23 16 
26 25 28 17 17 -1 21 17 5 12 8 -1 5 -1 17 8 12 -1 5 20 -1 13 -1 34 25 -1 20 20 20 12 13 25 5 -1 5 20 25 22 17 20 12 30 25 
30 30 30 16 14 -1 15 15 5 -1 16 5 -1 5 9 9 -1 30 5 33 11 13 11 29 15 11 14 30 30 -1 -1 8 5 5 5 14 15 15 30 30 -1 30 16 
30 30 30 30 17 -1 21 21 5 30 32 -1 5 -1 32 8 12 11 5 20 11 -1 11 32 25 11 20 21 30 32 -1 8 -1 5 5 30 32 22 30 30 12 30 39 
26 26 28 16 -1 32 7 4 15 -1 16 17 9 32 -1 9 -1 4 16 35 26 32 32 35 4 24 -1 26 26 16 9 35 -1 4 32 -1 32 35 17 7 9 30 16 
-1 8 28 16 7 8 7 -1 -1 -1 0 8 9 8 9 -1 9 7 36 28 26 7 37 -1 -1 24 0 8 0 23 0 8 36 36 8 0 -1 -1 0 7 9 23 24 
10 10 28 -1 14 12 10 10 10 -1 -1 12 -1 12 -1 9 -1 3 3 35 26 18 3 10 10 24 14 22 10 -1 3 10 10 12 10 14 15 15 10 10 9 23 -1 
30 30 30 -1 -1 11 7 4 11 30 16 -1 30 11 4 7 3 -1 3 20 11 13 -1 38 4 11 14 22 30 16 -1 25 22 4 38 14 18 22 -1 30 30 30 16 
30 8 33 -1 33 -1 21 21 5 12 8 5 5 5 16 36 3 3 -1 33 11 -1 3 34 33 36 8 21 33 12 3 33 5 -1 5 33 -1 22 33 36 12 30 16 
28 35 28 33 33 33 33 28 33 35 28 20 33 20 35 28 35 20 33 -1 -1 33 20 35 33 20 20 20 -1 35 28 33 33 -1 33 -1 33 35 20 20 33 35 39 
26 26 28 17 17 11 27 39 11 26 39 -1 11 11 26 26 26 11 11 -1 -1 27 11 35 25 11 -1 -1 19 12 38 25 11 11 38 19 39 22 -1 -1 38 38 39 
7 27 33 18 33 13 -1 6 13 30 32 13 13 -1 32 7 18 13 -1 33 27 -1 27 15 33 13 27 -1 33 32 13 33 13 -1 13 27 18 27 33 7 13 30 18 
30 27 28 -1 17 11 27 17 11 16 32 -1 11 11 32 37 3 -1 3 20 11 27 -1 32 17 11 20 -1 20 32 3 25 -1 11 11 37 32 -1 17 20 12 30 16 
10 35 28 16 15 34 15 15 10 15 -1 34 29 32 35 -1 10 38 34 35 35 15 32 -1 10 24 10 35 10 -1 41 35 10 34 -1 -1 15 15 34 10 34 -1 16 
10 25 28 16 -1 10 7 4 10 15 -1 25 15 25 4 -1 10 4 33 33 25 33 17 10 -1 -1 10 25 10 16 10 25 10 4 10 10 15 15 10 10 15 23 -1 
24 -1 28 17 24 11 39 39 1 24 24 -1 11 11 24 24 24 11 36 20 11 13 11 24 -1 -1 1 1 20 36 1 -1 36 11 8 1 -1 22 17 -1 12 30 24 
-1 -1 28 16 14 8 7 0 1 14 0 20 14 20 -1 0 14 14 8 20 -1 27 20 10 10 1 -1 1 0 16 0 8 14 14 8 0 15 15 0 20 14 30 16 
26 -1 28 22 22 8 21 21 1 30 8 20 30 21 26 8 22 22 21 20 -1 -1 -1 35 25 1 1 -1 20 32 1 8 22 21 8 1 21 22 20 20 30 30 39 
-1 26 -1 30 7 33 7 0 10 15 0 20 30 30 26 0 10 30 33 -1 19 33 20 10 10 20 0 20 -1 16 0 33 10 19 38 0 15 15 0 7 15 30 16 
16 30 28 16 16 12 23 23 12 12 16 12 -1 32 16 23 -1 16 12 35 12 32 32 -1 16 36 16 32 16 -1 12 35 -1 12 23 23 32 23 30 16 12 23 16 
-1 -1 28 -1 17 12 7 0 1 -1 0 13 -1 -1 9 0 3 -1 3 28 38 13 3 41 10 1 0 1 0 12 -1 8 13 38 38 0 39 15 -1 -1 9 -1 39 
35 8 33 33 33 8 33 15 -1 15 8 25 8 8 35 8 10 25 33 33 25 33 25 35 25 -1 8 8 33 35 8 -1 8 -1 8 -1 25 35 33 25 34 35 25 
10 8 28 22 14 -1 21 10 5 14 -1 5 5 -1 -1 36 10 22 5 33 11 13 -1 10 10 36 14 22 10 -1 13 8 -1 5 5 14 -1 22 10 10 12 23 16 
38 8 28 18 -1 -1 21 4 5 12 8 -1 5 5 4 36 12 4 -1 -1 11 -1 11 34 4 11 14 21 19 12 38 -1 5 -1 5 19 -1 22 -1 36 12 38 24 
38 8 38 18 33 -1 15 15 -1 40 8 5 5 5 32 8 10 38 5 33 38 13 11 -1 10 8 8 8 38 23 38 8 5 5 -1 23 15 15 -1 10 -1 23 16 
-1 -1 28 16 14 8 7 0 1 14 0 20 14 30 -1 0 14 14 33 -1 19 27 37 -1 10 1 0 1 0 23 0 -1 14 19 23 -1 15 -1 0 7 14 23 16 
15 25 28 18 33 18 15 15 15 15 32 25 15 32 32 -1 15 18 -1 33 39 18 32 15 15 -1 15 21 15 32 39 25 -1 -1 15 15 -1 15 33 -1 15 23 39 
15 35 28 22 15 15 15 15 15 15 15 22 15 22 35 -1 15 22 22 35 22 27 -1 15 15 22 15 22 15 23 15 35 22 22 15 -1 15 -1 15 15 15 23 24 
-1 30 28 17 17 33 7 0 34 30 0 17 30 30 17 0 10 -1 33 20 -1 33 17 34 10 17 0 20 0 30 -1 33 10 -1 -1 0 33 15 -1 20 34 30 39 
7 25 28 30 7 10 7 -1 10 30 -1 20 30 30 7 7 10 30 36 20 -1 7 20 10 10 -1 20 20 7 16 -1 25 10 36 10 7 -1 15 20 -1 30 30 -1 
15 30 28 16 14 12 15 15 34 -1 16 12 -1 12 9 9 9 30 12 33 38 13 12 34 15 12 14 30 15 12 9 34 12 12 -1 14 15 15 34 30 -1 30 16 
30 30 30 30 30 30 23 23 23 30 23 30 30 30 30 23 23 30 30 35 38 30 30 -1 23 30 30 30 30 23 -1 35 23 38 23 23 23 23 30 30 30 -1 39 
16 25 28 16 24 16 39 39 16 16 16 25 16 39 16 24 -1 16 16 39 39 18 16 16 -1 24 16 39 16 16 39 25 16 24 16 16 39 24 39 -1 16 39 -1 
