48
10 27
-1 -1 36 14 25 39 18 36 -1 39 13 8 39 -1 1 39 36 25 1 1 1 47 34 25 1 -1 19 36 1 8 47 36 36 14 25 39 -1 11 13 -1 13 18 47 36 36 20 47 -1 
-1 -1 24 14 28 24 18 24 0 39 13 14 24 0 -1 24 31 41 -1 -1 -1 24 26 14 -1 0 19 32 -1 19 20 19 24 14 24 38 0 19 18 0 18 18 14 31 31 20 24 0 
36 24 -1 23 -1 -1 4 5 33 12 38 23 5 40 33 5 31 23 40 31 45 24 45 4 5 23 28 32 4 31 15 -1 4 -1 45 38 31 33 5 5 -1 43 45 -1 31 -1 4 31 
14 14 23 -1 23 23 20 20 14 23 30 14 23 40 -1 37 23 23 14 37 -1 24 37 -1 14 23 37 37 14 14 20 36 37 14 37 38 14 -1 33 23 37 23 14 37 23 20 23 14 
25 28 -1 23 -1 -1 -1 5 18 23 30 23 5 40 23 5 23 23 6 40 6 24 28 -1 5 23 28 32 -1 40 28 2 -1 2 23 38 32 32 5 5 -1 7 23 2 23 2 -1 46 
39 24 -1 23 -1 -1 4 -1 24 12 38 24 -1 38 24 -1 31 23 38 31 6 24 28 4 -1 23 28 32 -1 31 15 -1 4 2 12 38 7 15 -1 -1 2 7 28 2 31 2 4 7 
18 18 4 20 -1 4 -1 -1 18 23 30 18 5 40 18 5 45 23 -1 18 -1 24 45 4 7 23 28 32 4 18 20 4 4 7 30 38 7 20 18 5 4 7 23 4 45 20 4 7 
36 24 5 20 5 -1 -1 -1 18 12 38 24 5 36 24 5 31 41 6 33 6 24 42 5 -1 36 28 32 5 33 47 5 24 -1 24 38 -1 33 5 5 5 -1 41 41 31 5 -1 -1 
-1 0 33 14 18 24 18 18 -1 23 13 -1 39 0 -1 30 45 23 -1 29 -1 24 42 11 11 0 29 32 1 -1 20 29 24 14 25 38 0 11 18 0 18 18 14 41 45 20 47 0 
39 39 12 23 23 12 23 12 23 -1 34 23 -1 39 23 12 -1 23 23 31 23 34 34 -1 39 23 34 32 12 23 34 16 23 37 -1 39 25 34 12 -1 23 23 23 31 16 16 23 31 
13 13 38 30 30 38 30 38 13 34 -1 38 38 -1 42 30 45 42 38 38 30 38 42 42 38 13 30 32 30 13 -1 38 30 38 30 38 13 30 -1 13 13 42 -1 42 45 42 47 30 
8 14 23 14 23 24 18 24 -1 23 38 -1 23 8 -1 37 23 23 -1 37 8 24 37 -1 -1 23 32 32 14 8 20 24 24 14 37 38 14 -1 18 24 18 18 14 32 23 20 23 14 
39 24 5 23 5 -1 5 5 39 -1 38 23 -1 39 24 5 9 23 38 31 6 24 34 9 5 23 28 32 5 31 15 5 5 5 9 39 7 15 5 -1 5 7 23 5 16 5 5 7 
-1 0 40 40 40 38 40 36 0 39 -1 8 39 -1 1 30 36 25 40 40 1 38 42 25 1 0 40 36 1 8 10 36 36 38 25 38 0 40 10 0 -1 40 10 40 36 40 40 0 
1 -1 33 -1 23 24 18 24 -1 23 42 -1 24 1 -1 24 36 23 1 1 1 24 42 3 -1 36 19 32 1 8 47 36 24 -1 24 38 -1 3 33 24 18 42 -1 32 36 42 47 -1 
39 24 5 37 5 -1 5 5 30 12 30 37 5 30 24 -1 45 23 37 37 30 24 45 5 5 34 28 37 5 37 -1 5 37 37 30 38 7 -1 5 5 37 7 45 5 45 -1 5 30 
36 31 31 23 23 31 45 31 45 -1 45 23 9 36 36 45 -1 23 23 31 45 34 45 9 31 23 31 36 31 31 34 -1 36 31 9 39 31 31 31 9 31 43 45 31 -1 -1 47 31 
25 41 23 23 23 23 23 41 23 23 42 23 23 25 23 23 23 -1 41 37 23 41 42 -1 23 23 28 32 23 23 23 43 23 41 23 39 25 23 41 23 23 -1 23 41 23 42 23 41 
1 -1 40 14 6 38 -1 6 -1 23 38 -1 38 40 1 37 23 41 -1 1 1 38 42 11 1 1 19 32 1 8 20 19 6 38 37 38 1 11 -1 1 -1 -1 41 41 23 20 6 1 
1 -1 31 37 40 31 18 33 29 31 38 37 31 40 1 37 31 37 1 -1 1 24 26 37 1 1 -1 32 1 -1 20 -1 26 -1 37 38 31 -1 33 1 -1 18 14 31 31 20 33 31 
1 -1 45 -1 6 6 -1 6 -1 23 30 8 6 1 1 30 45 23 1 1 -1 24 45 3 1 1 19 37 1 8 -1 19 37 37 30 38 1 -1 18 1 37 7 45 37 45 -1 6 30 
47 24 24 24 24 24 24 24 24 34 38 24 24 38 24 24 34 41 38 24 24 -1 34 24 -1 34 32 32 38 24 34 47 24 38 -1 38 24 34 -1 24 37 -1 41 41 34 34 47 -1 
34 26 45 37 28 28 45 42 42 34 42 37 34 42 42 45 45 42 42 26 45 34 -1 42 32 34 -1 32 26 26 34 26 26 26 -1 38 32 34 28 34 26 42 -1 32 45 -1 47 42 
25 14 4 -1 -1 4 4 5 11 -1 42 -1 9 25 3 5 9 -1 11 37 3 24 42 -1 11 -1 28 32 4 11 20 4 4 4 9 39 25 3 5 9 4 17 -1 4 16 42 4 42 
1 -1 5 14 5 -1 7 -1 11 39 38 -1 5 1 -1 5 31 23 1 1 1 -1 32 11 -1 36 32 32 1 11 15 5 -1 7 21 39 -1 11 5 -1 5 7 14 32 31 5 7 7 
-1 0 23 23 23 23 23 36 0 23 13 23 23 0 36 34 23 23 1 1 1 34 34 -1 36 -1 34 36 1 8 34 36 36 36 -1 39 -1 34 34 0 13 23 23 36 23 34 23 0 
19 19 28 37 28 28 28 28 29 34 30 32 28 40 19 28 31 28 19 -1 19 32 -1 28 32 34 -1 32 -1 19 28 19 -1 19 22 38 32 19 28 28 19 42 22 32 31 22 28 30 
36 32 32 37 32 32 32 32 32 32 32 32 32 36 32 37 36 32 32 32 37 32 32 32 32 36 32 -1 32 32 32 36 -1 37 37 39 32 32 32 32 32 43 32 32 36 32 32 32 
1 -1 4 14 -1 -1 4 5 1 12 30 14 5 1 1 5 31 23 1 1 1 38 26 4 1 1 -1 32 -1 19 -1 5 4 38 30 38 1 15 -1 5 4 42 -1 4 31 42 4 30 
8 19 31 14 40 31 18 33 -1 23 13 8 31 8 8 37 31 23 8 -1 8 24 26 11 11 8 19 32 19 -1 20 19 26 19 37 38 8 19 18 8 19 18 14 31 31 20 33 8 
47 20 15 20 28 15 20 47 20 34 -1 20 15 10 47 -1 34 23 20 20 -1 34 34 20 15 34 28 32 -1 20 -1 47 28 37 -1 38 34 15 10 15 13 34 10 47 34 15 47 -1 
36 19 -1 36 2 -1 4 5 29 16 38 24 5 36 36 5 -1 43 19 -1 19 47 26 4 5 36 19 36 5 19 47 -1 36 2 16 38 -1 19 5 5 2 43 47 -1 16 2 47 -1 
36 24 4 37 -1 4 4 24 24 23 30 24 5 36 24 37 36 23 6 26 37 24 26 4 -1 36 -1 -1 4 26 28 36 -1 37 37 39 -1 -1 5 24 4 43 23 -1 36 4 4 24 
14 14 -1 14 2 2 7 -1 14 37 38 14 5 38 -1 37 31 41 38 -1 37 38 26 4 7 36 19 37 38 19 37 2 37 -1 37 38 7 -1 -1 5 2 7 14 2 31 2 7 7 
25 24 45 37 23 12 30 24 25 -1 30 37 9 25 24 30 9 23 37 37 30 -1 -1 9 21 -1 22 37 30 37 -1 16 37 37 -1 38 25 -1 21 9 37 21 22 37 16 -1 47 21 
39 38 38 38 38 38 38 38 38 39 38 38 39 38 38 38 39 39 38 38 38 38 38 39 39 39 38 39 38 38 38 38 39 38 38 -1 39 38 -1 -1 38 38 38 38 39 38 38 38 
-1 0 31 14 32 7 7 -1 0 25 13 14 7 0 -1 7 31 25 1 31 1 24 32 25 -1 -1 32 32 1 8 34 -1 -1 7 25 39 -1 32 7 0 13 7 14 31 31 31 7 0 
11 19 33 -1 32 15 20 33 11 34 30 -1 15 40 3 -1 31 23 11 -1 -1 34 34 3 11 34 19 32 15 19 15 19 -1 -1 -1 38 32 -1 33 15 -1 18 14 32 31 15 32 14 
13 18 5 33 5 -1 18 5 18 12 -1 18 5 10 33 5 31 41 -1 33 18 -1 28 5 5 34 28 32 -1 18 10 5 5 -1 21 -1 7 33 -1 5 18 18 10 5 31 5 5 21 
-1 0 5 23 5 -1 5 5 0 -1 13 24 -1 0 24 5 9 23 1 1 1 24 34 9 -1 0 28 32 5 8 15 5 24 5 9 -1 0 15 5 -1 5 7 23 5 16 5 5 0 
13 18 -1 37 -1 2 4 5 18 23 13 18 5 -1 18 37 31 23 -1 -1 37 37 26 4 5 13 19 32 4 19 13 2 4 2 37 38 13 -1 18 5 -1 18 13 2 31 2 4 13 
18 18 43 23 7 7 7 -1 18 23 42 18 7 40 42 7 43 -1 -1 18 7 -1 42 17 7 23 42 43 42 18 34 43 43 7 21 38 7 18 18 7 18 -1 -1 -1 43 42 7 7 
47 14 45 14 23 28 23 41 14 23 -1 14 23 10 -1 45 45 23 41 14 45 41 -1 -1 14 23 22 32 -1 14 10 47 23 14 22 38 14 14 10 23 13 -1 -1 41 45 -1 47 -1 
36 31 -1 37 2 2 4 41 41 31 42 32 5 40 32 5 31 41 41 31 37 41 32 4 32 36 32 32 4 31 47 -1 -1 2 37 38 31 32 5 5 2 -1 41 -1 31 2 4 31 
36 31 31 23 23 31 45 31 45 16 45 23 16 36 36 45 -1 23 23 31 45 34 45 16 31 23 31 36 31 31 34 16 36 31 16 39 31 31 31 16 31 43 45 31 -1 16 47 31 
20 20 -1 20 2 2 20 5 20 16 42 20 5 40 42 -1 -1 42 20 20 -1 34 -1 42 5 34 22 32 42 20 15 2 4 2 -1 38 31 15 5 5 2 42 -1 2 16 -1 4 42 
47 24 4 23 -1 4 4 -1 47 23 47 23 5 40 47 5 47 23 6 33 6 47 47 4 7 23 28 32 4 33 47 47 4 7 47 38 7 32 5 5 4 7 47 4 47 4 -1 -1 
-1 0 31 14 46 7 7 -1 0 31 30 14 7 0 -1 30 31 41 1 31 30 -1 42 42 7 0 30 32 30 8 -1 -1 24 7 21 38 0 14 21 0 13 7 -1 31 31 42 -1 -1 
