29
4 21
-1 -1 -1 -1 3 -1 -1 3 -1 1 6 15 1 8 6 2 5 3 3 5 3 2 16 1 5 2 5 1 14 
-1 -1 0 0 5 -1 0 3 0 -1 12 15 -1 8 6 9 5 23 3 5 9 2 16 -1 5 5 5 -1 16 
-1 0 -1 0 3 0 0 3 0 15 6 15 15 8 6 -1 5 3 3 27 27 -1 26 27 27 -1 15 -1 25 
-1 0 0 -1 -1 0 0 -1 0 4 4 17 1 7 7 27 4 -1 -1 27 -1 2 20 17 7 2 5 -1 14 
3 5 3 -1 -1 -1 10 3 10 -1 -1 16 10 10 16 9 -1 3 3 5 -1 3 16 5 5 5 5 3 16 
-1 -1 0 0 -1 -1 0 24 0 1 4 16 1 24 16 26 -1 3 3 -1 4 2 16 1 -1 -1 -1 1 16 
-1 0 0 0 10 0 -1 -1 0 1 -1 26 10 7 -1 26 10 3 3 27 27 2 26 27 7 2 -1 -1 14 
3 3 3 -1 3 24 -1 -1 13 4 6 16 10 -1 -1 26 14 3 3 16 3 3 16 17 -1 24 6 3 14 
-1 0 0 0 10 0 0 13 -1 1 -1 26 10 -1 -1 26 10 13 3 5 3 2 26 1 13 2 -1 1 14 
1 -1 15 4 -1 1 1 4 1 -1 4 15 1 10 16 -1 4 4 20 5 -1 15 20 1 5 5 15 1 16 
6 12 6 4 -1 4 -1 6 -1 4 -1 16 -1 -1 6 12 -1 13 4 12 4 6 16 12 13 5 -1 6 16 
15 15 15 17 16 16 26 16 26 15 16 -1 15 17 16 -1 -1 -1 20 16 -1 15 16 17 16 15 -1 15 16 
1 -1 15 1 10 1 10 10 10 1 -1 15 -1 10 16 -1 -1 13 20 -1 16 15 16 1 5 5 10 1 16 
8 8 8 7 10 24 7 -1 -1 10 -1 17 10 -1 7 12 10 -1 7 12 7 8 16 17 -1 24 8 24 14 
6 6 6 7 16 16 -1 -1 -1 16 6 16 16 7 -1 16 -1 7 7 16 16 6 16 27 7 28 6 6 -1 
2 9 -1 27 9 26 26 26 26 -1 12 -1 -1 12 16 -1 11 11 20 12 9 2 26 27 27 2 -1 -1 16 
5 5 5 4 -1 -1 10 14 10 4 -1 -1 -1 10 -1 11 -1 11 20 -1 -1 5 -1 5 5 5 5 19 -1 
3 23 3 -1 3 3 3 3 13 4 13 -1 13 -1 7 11 11 -1 3 16 3 3 16 -1 13 3 11 3 16 
3 3 3 -1 3 3 3 3 3 20 4 20 20 7 7 20 20 3 -1 20 -1 3 20 17 7 3 20 3 20 
5 5 27 27 5 -1 27 16 5 5 12 16 -1 12 16 12 -1 16 20 -1 16 27 16 27 5 5 5 -1 16 
3 9 27 -1 -1 4 27 3 3 -1 4 -1 16 7 16 9 -1 3 -1 16 -1 27 -1 27 27 5 11 -1 16 
2 2 -1 2 3 2 2 3 2 15 6 15 15 8 6 2 5 3 3 27 27 -1 26 27 27 2 15 2 25 
16 16 26 20 16 16 26 16 26 20 16 16 16 16 16 26 -1 16 20 16 -1 26 -1 27 16 16 -1 20 16 
1 -1 27 17 5 1 27 17 1 1 12 17 1 17 27 27 5 -1 17 27 27 27 27 -1 27 5 5 -1 16 
5 5 27 7 5 -1 7 -1 13 5 13 16 5 -1 7 27 5 13 7 5 27 27 16 27 -1 5 5 -1 14 
2 5 -1 2 5 -1 2 24 2 5 5 15 5 24 28 2 5 3 3 5 5 2 16 5 5 -1 5 2 -1 
5 5 15 5 5 -1 -1 6 -1 15 -1 -1 10 8 6 -1 5 11 20 5 11 15 -1 5 5 5 -1 6 14 
1 -1 -1 -1 3 1 -1 3 1 1 6 15 1 24 6 -1 19 3 3 -1 -1 2 20 -1 -1 2 6 -1 14 
14 16 25 14 16 16 14 14 14 16 16 16 16 14 -1 16 -1 16 20 16 16 25 16 16 14 -1 14 14 -1 
