47
0 10
-1 14 8 8 18 -1 8 8 -1 8 25 25 28 28 5 18 -1 24 5 45 8 38 14 24 -1 8 24 26 5 24 8 45 5 38 8 25 28 8 -1 8 32 8 20 8 8 24 8 
14 -1 14 14 43 14 43 14 14 14 43 43 33 43 -1 43 14 43 14 35 14 14 -1 26 14 14 22 26 14 35 46 46 43 22 -1 34 43 39 33 22 22 14 33 -1 14 46 -1 
8 14 -1 -1 17 14 8 3 3 3 15 15 9 39 3 -1 8 15 15 23 8 -1 40 17 3 7 24 33 12 24 -1 15 40 21 8 25 17 30 21 21 -1 3 33 15 40 24 3 
8 14 -1 -1 20 14 8 -1 -1 -1 15 15 9 41 -1 2 8 24 30 45 8 -1 14 24 -1 7 24 26 12 24 -1 45 7 21 8 25 45 30 21 8 2 -1 20 8 8 24 -1 
18 43 17 20 -1 18 43 30 20 40 43 17 36 39 18 17 18 -1 -1 23 -1 39 39 17 17 39 23 39 36 24 18 45 43 39 20 39 -1 39 24 -1 39 17 20 -1 20 36 39 
-1 14 14 14 18 -1 8 32 0 14 43 18 28 28 -1 18 -1 24 -1 28 8 14 14 28 -1 8 24 26 -1 24 18 45 -1 22 8 29 28 30 0 8 32 14 28 32 14 24 14 
8 43 8 8 43 8 -1 8 -1 -1 43 25 9 29 8 43 8 43 37 35 8 33 33 29 29 8 29 33 29 -1 37 25 43 -1 8 29 29 -1 33 8 9 29 33 -1 -1 29 33 
8 14 3 -1 30 32 8 -1 3 3 25 25 9 29 3 3 8 24 30 35 8 3 40 24 3 -1 24 40 29 25 -1 25 -1 40 8 25 29 30 21 25 -1 3 40 32 40 24 3 
-1 14 3 -1 20 0 -1 3 -1 3 25 25 9 39 -1 3 -1 20 5 35 -1 3 14 28 0 -1 22 33 16 6 3 25 5 6 -1 25 20 6 0 -1 39 3 20 6 -1 24 3 
8 14 3 -1 40 14 -1 3 3 -1 43 15 -1 28 3 3 8 24 30 28 8 3 40 28 3 7 24 33 12 6 3 45 40 6 8 29 28 6 21 40 -1 3 33 6 -1 24 3 
25 43 15 15 43 43 43 25 25 43 -1 -1 43 43 43 11 25 43 15 35 43 15 43 43 43 11 43 43 43 25 15 11 43 43 43 25 43 43 43 25 43 15 43 -1 43 31 43 
25 43 15 15 17 18 25 25 25 15 -1 -1 29 29 25 -1 25 15 15 35 25 15 39 17 17 -1 23 29 29 25 15 -1 25 21 25 25 45 39 21 25 15 15 23 10 25 31 39 
28 33 9 9 36 28 9 9 9 -1 43 29 -1 28 9 9 28 28 28 28 42 33 33 28 9 29 28 33 -1 28 9 45 28 -1 9 29 28 9 33 28 9 9 33 9 9 36 33 
28 43 39 41 39 28 29 29 39 28 43 29 28 -1 28 41 28 43 28 28 39 39 39 28 29 29 27 -1 -1 -1 41 29 43 27 35 29 28 39 28 -1 39 -1 27 -1 29 29 39 
5 -1 3 -1 18 -1 8 3 -1 3 43 25 9 28 -1 3 5 24 5 46 8 3 -1 26 3 8 22 26 5 44 3 46 5 22 1 25 28 8 5 8 22 3 20 1 -1 46 -1 
18 43 -1 2 17 18 43 3 3 3 11 -1 9 41 3 -1 18 -1 -1 23 17 2 40 17 17 11 23 41 18 41 2 11 43 21 43 25 17 30 21 17 2 -1 23 -1 41 24 3 
-1 14 8 8 18 -1 8 8 -1 8 25 25 28 28 5 18 -1 24 5 28 8 38 14 28 0 8 24 28 -1 28 8 25 5 38 8 25 28 8 -1 8 32 8 20 8 8 24 8 
24 43 15 24 -1 24 43 24 20 24 43 15 28 43 24 -1 24 -1 4 23 4 15 26 -1 -1 15 23 26 23 24 15 15 43 38 43 23 4 39 24 4 15 15 23 -1 29 24 24 
5 14 15 30 -1 -1 37 30 5 30 15 15 28 28 5 -1 5 4 -1 23 4 15 14 17 5 15 24 26 5 24 -1 15 5 46 8 25 4 30 5 4 15 15 20 4 14 24 30 
45 35 23 45 23 28 35 35 35 28 35 35 28 28 46 23 28 23 23 -1 42 39 26 -1 45 35 23 26 23 35 46 45 28 42 35 -1 45 35 45 35 26 35 23 23 35 -1 45 
8 14 8 8 -1 8 8 8 -1 8 43 25 42 39 8 17 8 4 4 42 -1 8 14 42 8 8 42 42 16 8 8 25 43 42 8 25 4 8 8 4 39 8 -1 4 8 36 8 
38 14 -1 -1 39 14 33 3 3 3 15 15 33 39 3 2 38 15 15 39 8 -1 33 42 3 39 24 33 33 24 2 15 7 -1 8 39 39 39 -1 -1 2 3 33 15 8 24 3 
14 -1 40 14 39 14 33 40 14 40 43 39 33 39 -1 40 14 26 14 26 14 33 -1 26 26 39 -1 26 14 26 14 39 40 -1 1 34 39 39 33 -1 -1 14 33 1 14 26 1 
24 26 17 24 17 28 29 24 28 28 43 17 28 28 26 17 28 -1 17 -1 42 42 26 -1 17 29 -1 26 -1 28 17 45 28 42 35 19 28 29 24 17 26 17 -1 17 29 19 42 
-1 14 3 -1 17 -1 29 3 0 3 43 17 9 29 3 17 0 -1 5 45 8 3 26 17 -1 29 -1 26 5 -1 3 45 5 38 8 29 45 29 -1 8 3 3 23 17 29 -1 3 
8 14 7 7 39 8 8 -1 -1 7 11 -1 29 29 8 11 8 15 15 35 8 39 39 29 29 -1 29 29 29 -1 7 11 7 8 8 -1 29 39 8 -1 7 29 20 8 8 29 39 
24 22 24 24 23 24 29 24 22 24 43 23 28 27 22 23 24 23 24 23 42 24 -1 -1 -1 29 -1 -1 23 24 24 45 24 22 22 23 28 39 24 22 22 24 23 22 22 24 22 
26 26 33 26 39 26 33 40 33 33 43 29 33 -1 26 41 28 26 26 26 42 33 26 26 26 29 -1 -1 13 13 41 45 40 -1 26 29 28 33 33 13 33 13 -1 13 29 26 33 
5 14 12 12 36 -1 29 29 16 12 43 29 -1 -1 5 18 -1 23 5 23 16 33 14 -1 5 29 23 13 -1 -1 18 45 5 12 16 29 -1 29 16 13 12 13 23 13 29 36 14 
24 35 24 24 24 24 -1 25 6 6 25 25 28 -1 44 41 28 24 24 35 8 24 26 28 -1 -1 24 13 -1 -1 41 25 24 6 35 -1 28 6 24 13 44 -1 27 6 -1 24 24 
8 46 -1 -1 18 18 37 -1 3 3 15 15 9 41 3 2 8 15 -1 46 8 2 14 17 3 7 24 41 18 41 -1 46 7 46 8 25 18 -1 21 37 2 -1 46 15 41 46 -1 
45 46 15 45 45 45 25 25 25 45 11 -1 45 29 46 11 25 15 15 45 25 15 39 45 45 11 45 45 45 25 46 -1 25 46 25 25 45 39 45 25 15 15 45 11 25 -1 45 
5 43 40 7 43 -1 43 -1 5 40 43 25 28 43 5 43 5 43 5 28 43 7 40 28 5 7 24 40 5 24 7 25 -1 40 43 25 28 30 5 40 -1 7 40 -1 40 24 7 
38 22 21 21 39 22 -1 40 6 6 43 21 -1 27 22 21 38 38 46 42 42 -1 -1 42 38 8 22 -1 12 6 46 46 40 -1 8 29 28 6 -1 21 -1 21 -1 6 6 46 -1 
8 -1 8 8 20 8 8 8 -1 8 43 25 9 35 1 43 8 43 8 35 8 8 1 35 8 8 22 26 16 35 8 25 43 8 -1 -1 20 8 8 8 22 8 20 1 8 35 1 
25 34 25 25 39 29 29 25 25 29 25 25 29 29 25 25 25 23 25 -1 25 39 34 19 29 -1 23 29 29 -1 25 25 25 29 -1 -1 29 29 29 25 25 29 23 29 29 19 34 
28 43 17 45 -1 28 29 29 20 28 43 45 28 28 28 17 28 4 4 45 4 39 39 28 45 29 28 28 -1 28 18 45 28 28 20 29 -1 39 28 4 39 28 20 4 29 -1 45 
8 39 30 30 39 30 -1 30 6 6 43 39 9 39 8 30 8 39 30 35 8 39 39 29 29 39 39 33 29 6 -1 39 30 6 8 29 39 -1 33 -1 39 30 33 6 6 46 30 
-1 33 21 21 24 0 33 21 0 21 43 21 33 28 5 21 -1 24 5 45 8 -1 33 24 -1 8 24 33 16 24 21 45 5 -1 8 29 28 33 -1 21 33 21 33 24 8 24 33 
8 22 21 8 -1 8 8 25 -1 40 25 25 28 -1 8 17 8 4 4 35 4 -1 -1 17 8 -1 22 13 13 13 37 25 40 21 8 25 4 -1 21 -1 -1 13 20 4 8 46 -1 
32 22 -1 2 39 32 9 -1 39 -1 43 15 9 39 22 2 32 15 15 26 39 2 -1 26 3 7 22 33 12 44 2 15 -1 -1 22 25 39 39 33 -1 -1 44 33 32 -1 46 33 
8 14 3 -1 17 14 29 3 3 3 15 15 9 -1 3 -1 8 15 15 35 8 3 14 17 3 29 24 13 13 -1 -1 15 7 21 8 29 28 30 21 13 44 -1 27 13 -1 24 3 
20 33 33 20 20 28 33 40 20 33 43 23 33 27 20 23 20 23 20 23 -1 33 33 -1 23 20 23 -1 23 27 46 45 40 -1 20 23 20 33 33 20 33 27 -1 20 20 23 33 
8 -1 15 8 -1 32 -1 32 6 6 -1 10 9 -1 1 -1 8 -1 4 23 4 15 1 17 17 8 22 13 13 6 15 11 -1 6 1 29 4 6 24 4 32 13 20 -1 6 24 1 
8 14 40 8 20 14 -1 40 -1 -1 43 25 9 29 -1 41 8 29 14 35 8 8 14 29 29 8 22 29 29 -1 41 25 40 6 8 29 29 6 8 8 -1 -1 20 6 -1 29 14 
24 46 24 24 36 24 29 24 24 24 31 31 36 29 46 24 24 24 24 -1 36 24 26 19 -1 29 24 26 36 24 46 -1 24 46 35 19 -1 46 24 46 46 24 23 24 29 -1 -1 
8 -1 3 -1 39 14 33 3 3 3 43 39 33 39 -1 3 8 24 30 45 8 3 1 42 3 39 22 33 14 24 -1 45 7 -1 1 34 45 30 33 -1 33 3 33 1 14 -1 -1 
