85
0 55
-1 37 29 29 29 37 31 29 29 45 37 29 29 37 29 29 60 29 38 33 29 29 53 33 29 37 37 53 29 -1 29 29 31 31 58 39 29 -1 29 29 71 53 37 36 29 29 79 29 29 51 37 37 38 -1 75 29 29 67 37 29 37 75 37 29 37 33 29 31 37 29 53 53 51 29 29 37 70 32 51 37 29 29 37 29 64 
37 -1 42 22 11 22 25 11 22 77 -1 -1 11 22 29 36 60 22 38 41 22 22 -1 73 52 22 22 10 11 11 42 32 10 41 61 67 22 10 11 11 67 -1 10 36 22 77 22 22 22 51 11 10 11 27 22 11 11 67 42 41 10 41 79 41 41 41 73 41 51 42 41 38 51 -1 11 37 70 22 51 10 11 32 22 22 63 
29 42 -1 51 36 20 42 36 15 45 42 50 36 20 69 -1 42 15 15 42 15 42 36 73 50 58 50 42 42 15 42 67 42 20 58 67 15 42 50 36 67 42 -1 42 36 15 77 63 17 51 -1 42 50 42 42 36 63 67 42 63 42 51 50 50 42 50 73 15 18 42 42 50 51 50 15 83 78 50 -1 42 15 15 50 78 63 
29 22 51 -1 -1 22 30 11 21 45 51 4 11 22 29 67 60 21 38 51 22 -1 -1 73 79 22 21 22 79 21 21 67 21 61 61 67 4 79 21 36 67 67 51 36 -1 21 79 -1 21 51 11 -1 11 27 21 4 63 67 51 51 4 44 79 47 51 50 51 -1 51 51 27 21 51 4 4 61 67 22 51 -1 47 67 21 22 63 
29 11 36 -1 -1 36 30 11 36 45 60 -1 11 36 29 36 60 73 36 39 36 3 3 73 52 36 50 22 11 11 21 39 60 73 58 39 -1 60 11 36 39 11 43 36 3 21 60 3 73 51 11 3 11 27 43 -1 11 67 50 11 -1 44 79 60 52 50 73 3 51 43 73 21 51 -1 -1 54 39 36 51 3 11 36 60 22 63 
37 22 20 22 36 -1 25 36 20 45 22 22 36 -1 36 20 60 22 20 33 -1 22 -1 33 79 -1 22 22 83 36 83 25 22 20 58 39 -1 25 36 36 82 22 27 36 22 13 -1 22 22 39 38 22 22 27 22 36 36 67 25 36 46 22 13 60 25 33 36 20 25 43 27 38 58 22 20 83 78 22 20 46 13 20 46 -1 64 
31 25 42 30 30 25 -1 31 45 45 32 80 31 45 31 45 77 30 68 33 25 30 25 33 79 -1 37 42 31 31 -1 -1 31 31 58 45 25 25 30 31 45 33 30 42 30 -1 25 80 30 45 58 68 64 31 30 30 31 67 25 31 32 33 25 64 25 33 31 31 -1 45 32 30 58 30 45 37 45 45 68 30 68 32 30 30 64 
29 11 36 11 11 36 31 -1 29 45 11 -1 -1 36 29 36 39 28 36 39 36 29 36 73 28 36 28 28 -1 -1 29 29 28 31 58 39 -1 29 11 -1 39 59 28 36 29 29 36 63 28 59 11 38 11 28 28 11 -1 67 50 -1 11 28 79 56 52 50 -1 28 79 29 28 39 51 66 11 71 39 36 39 28 11 28 28 28 63 
29 22 15 21 36 20 45 29 -1 45 27 80 29 45 29 -1 80 -1 15 42 15 17 17 70 26 45 17 -1 17 -1 21 29 17 20 61 45 15 26 29 29 45 27 27 36 21 -1 77 80 17 45 15 27 17 27 17 36 29 67 42 29 27 17 26 80 41 33 28 15 80 45 27 21 51 17 15 54 45 45 15 27 -1 15 17 22 80 
45 77 45 45 45 45 45 45 45 -1 45 45 45 45 69 45 77 45 77 45 45 45 77 45 45 45 45 45 45 45 45 45 77 45 69 45 77 45 45 45 45 45 69 69 45 -1 77 45 45 45 77 69 45 45 45 45 45 67 45 49 77 69 45 69 45 69 49 45 45 45 45 45 69 45 45 69 45 45 69 45 45 45 45 45 64 
37 -1 42 51 60 22 32 11 27 45 -1 1 11 79 69 27 60 32 51 42 78 32 1 70 79 37 37 -1 27 27 42 32 -1 32 58 51 22 -1 51 32 51 1 -1 42 22 27 60 51 32 51 11 -1 11 27 32 60 63 67 42 41 -1 51 79 60 42 33 28 27 51 42 27 51 51 1 60 37 70 32 51 -1 11 32 32 22 63 
29 -1 50 4 -1 22 80 -1 80 45 1 -1 7 80 29 36 80 52 38 39 22 38 1 73 52 58 50 10 7 7 38 29 10 41 58 39 4 10 -1 7 71 1 10 36 4 38 60 80 52 51 -1 38 -1 71 52 4 7 67 50 7 4 80 50 50 52 50 7 4 80 51 80 38 51 1 4 71 80 50 50 38 -1 38 50 22 63 
29 11 36 11 11 36 31 -1 29 45 11 7 -1 36 29 36 39 28 36 39 36 29 36 73 28 36 28 28 7 7 29 29 28 31 58 39 7 29 11 7 39 59 28 36 29 29 36 63 28 59 11 38 11 28 28 11 7 67 50 7 11 28 79 56 52 50 7 28 79 29 28 39 51 66 11 71 39 36 39 28 11 28 28 28 63 
37 22 20 22 36 -1 45 36 45 45 79 80 36 -1 69 20 80 22 77 80 5 45 5 80 62 5 62 22 79 45 45 45 77 20 69 45 5 25 36 36 45 80 69 36 22 -1 5 80 22 45 62 69 80 27 22 36 80 67 25 80 46 80 -1 80 25 33 36 45 80 45 80 45 58 22 20 80 45 45 20 62 -1 80 46 5 80 
29 29 69 29 29 36 31 29 29 69 69 29 29 69 -1 29 69 29 38 69 29 29 29 33 29 69 29 29 29 -1 29 29 31 31 69 69 29 29 29 29 69 69 69 69 29 69 77 29 29 69 38 69 38 29 69 29 29 67 69 29 69 69 69 69 69 69 29 31 69 -1 29 29 69 29 29 69 69 69 69 29 29 29 29 29 69 
29 36 -1 67 36 20 45 36 -1 45 27 36 36 20 29 -1 81 8 -1 33 -1 17 36 33 81 20 17 8 17 8 42 67 81 20 58 67 -1 25 18 36 67 67 2 36 36 8 20 67 17 67 2 38 17 27 17 36 36 67 42 36 36 17 20 50 42 33 36 -1 18 42 27 38 51 17 -1 54 67 18 2 38 8 -1 17 20 63 
60 60 42 60 60 60 77 39 80 77 60 80 39 80 69 81 -1 77 77 -1 33 77 77 33 81 80 77 42 81 80 42 33 77 19 80 39 77 60 77 19 39 33 19 42 77 77 60 80 77 39 77 42 80 42 42 60 63 81 42 63 -1 80 80 60 42 33 39 81 80 42 80 39 51 60 60 80 78 -1 19 60 -1 -1 60 77 63 
29 22 15 21 73 22 30 28 -1 45 32 52 28 22 29 8 77 -1 15 61 15 -1 -1 73 26 22 -1 8 -1 8 21 32 -1 61 61 67 22 26 21 28 82 61 27 54 21 8 82 21 -1 61 26 61 -1 27 -1 73 28 67 50 28 32 -1 26 61 52 50 28 -1 61 61 32 21 61 -1 15 54 67 22 61 28 8 32 -1 22 63 
38 38 15 38 36 20 68 36 15 77 51 38 36 77 38 -1 77 15 -1 77 15 38 77 73 81 68 50 15 38 38 38 38 77 20 58 67 15 50 -1 36 71 63 15 36 38 77 77 63 17 51 -1 38 38 71 17 36 63 67 50 63 63 51 50 50 52 50 73 15 -1 68 77 38 51 50 15 71 67 -1 15 38 68 -1 50 58 63 
33 41 42 51 39 33 33 39 42 45 42 39 39 80 69 33 -1 61 77 -1 33 42 39 33 81 58 42 42 39 33 42 33 33 -1 58 39 39 42 39 -1 39 33 -1 42 61 39 60 80 61 39 42 42 64 42 42 39 39 67 42 39 16 33 58 41 42 33 39 33 51 42 33 39 51 33 33 61 78 16 -1 42 16 16 33 78 64 
29 22 15 22 36 -1 25 36 15 45 78 22 36 5 29 -1 33 15 15 33 -1 17 5 33 81 5 17 15 83 15 83 33 33 -1 61 67 5 25 18 33 67 33 15 36 22 13 5 22 17 78 15 78 17 27 17 36 36 67 25 41 46 33 13 41 25 33 36 15 18 61 33 38 78 33 15 61 78 18 -1 46 13 15 33 5 63 
29 22 42 -1 3 22 30 29 17 45 32 38 29 45 29 17 77 -1 38 42 17 -1 3 73 26 30 17 17 17 -1 -1 29 17 31 61 45 38 26 -1 71 71 61 30 38 -1 -1 77 3 17 45 38 3 17 71 17 4 29 67 42 71 4 17 26 47 42 50 28 3 30 45 32 -1 51 17 4 71 45 45 51 3 17 32 17 30 63 
53 -1 36 -1 3 -1 25 36 17 77 1 1 36 5 29 36 77 -1 77 39 5 3 -1 70 26 5 17 -1 17 17 83 32 17 20 61 39 -1 10 36 36 82 1 27 36 -1 77 5 3 17 51 77 3 17 27 17 4 36 67 83 36 4 17 13 41 25 77 28 3 25 42 27 21 51 1 4 83 70 -1 83 3 11 32 17 -1 63 
33 73 73 73 73 33 33 73 70 45 70 73 73 80 33 33 33 73 73 33 33 73 70 -1 82 33 82 70 70 33 33 33 70 -1 61 76 73 82 73 33 82 33 33 42 61 33 82 80 73 73 73 61 73 70 73 73 63 67 73 41 73 33 82 41 41 33 73 33 80 61 -1 82 61 -1 73 61 70 70 33 82 70 70 -1 33 63 
29 52 50 79 52 79 79 28 26 45 79 52 28 62 29 81 81 26 81 81 81 26 26 82 -1 37 -1 28 -1 28 79 29 81 63 63 39 28 26 52 28 82 63 28 36 63 26 79 63 26 63 26 52 -1 28 26 52 63 67 50 63 63 63 26 -1 52 50 28 26 79 63 28 52 52 26 81 37 70 50 83 -1 52 -1 26 28 63 
37 22 58 22 36 -1 -1 36 45 45 37 58 36 5 69 20 80 22 68 58 5 30 5 33 37 -1 37 22 79 31 6 6 31 20 58 45 5 -1 36 31 45 64 58 36 22 6 5 64 22 68 58 68 64 37 30 36 64 67 -1 64 37 58 -1 64 -1 58 36 31 -1 68 64 75 58 58 20 37 45 22 20 37 68 68 37 5 64 
37 22 50 21 50 22 37 28 17 45 37 50 28 62 29 17 77 -1 50 42 17 17 17 82 -1 37 -1 17 17 17 21 32 17 61 58 67 22 -1 50 28 82 61 37 54 21 17 82 63 17 51 -1 37 17 37 17 50 63 67 50 63 37 17 -1 24 37 50 28 17 37 61 32 21 58 17 17 37 67 50 50 24 17 24 -1 22 63 
53 10 42 22 22 22 42 28 -1 45 -1 10 28 22 29 8 42 8 15 42 15 17 -1 70 28 22 17 -1 -1 8 42 67 10 41 58 67 22 10 29 28 67 -1 -1 42 22 8 22 22 17 51 42 10 17 -1 17 22 28 67 42 41 10 41 79 41 41 41 28 -1 51 42 -1 53 51 10 15 37 70 22 42 10 8 15 17 22 63 
29 11 42 79 11 83 31 -1 17 45 27 7 7 79 29 17 81 -1 38 39 83 17 17 70 -1 79 17 -1 -1 -1 79 29 17 31 61 39 7 79 29 7 82 27 27 36 21 17 79 63 17 66 11 27 17 27 17 11 7 67 83 7 27 17 79 24 41 33 -1 17 79 29 27 21 83 17 11 83 70 22 83 -1 11 24 17 -1 63 
-1 11 15 21 11 36 31 -1 -1 45 27 7 7 45 -1 8 80 8 38 33 15 -1 17 33 28 31 17 8 -1 -1 21 -1 31 31 69 39 7 0 -1 7 71 27 27 36 21 8 79 21 17 51 38 38 38 0 17 11 7 67 50 7 11 17 79 28 52 33 7 31 31 14 27 21 51 17 15 37 39 32 51 28 8 15 17 28 63 
29 42 42 21 21 83 -1 29 21 45 42 38 29 45 29 42 42 21 38 42 83 -1 83 33 79 6 21 42 79 21 -1 6 21 31 58 45 38 79 21 31 71 42 -1 42 21 6 79 21 21 51 38 42 21 42 -1 21 29 67 42 71 42 21 79 64 42 33 79 21 6 42 42 21 51 21 21 54 83 45 83 -1 68 79 21 -1 64 
29 32 67 67 39 25 -1 29 29 45 32 29 29 45 29 67 33 32 38 33 33 29 32 33 29 6 32 67 29 -1 6 -1 -1 -1 61 39 39 25 29 -1 39 33 30 39 29 6 77 67 32 39 38 32 32 29 30 39 29 67 25 29 32 33 25 41 25 33 29 -1 6 29 32 39 51 32 67 61 39 32 33 29 29 32 32 29 63 
31 10 42 21 60 22 31 28 17 77 -1 10 28 77 31 81 77 -1 77 33 33 17 17 70 81 31 17 10 17 31 21 -1 -1 31 61 39 77 10 21 31 82 70 10 42 21 77 77 80 17 51 77 10 17 27 17 60 28 67 42 70 10 17 26 60 42 33 28 17 31 42 -1 21 51 17 81 37 70 -1 51 10 70 -1 17 22 63 
31 41 20 61 73 20 31 31 20 45 32 41 31 20 31 20 19 61 20 -1 -1 31 20 -1 63 20 61 41 31 31 31 -1 31 -1 61 39 20 75 31 19 82 -1 19 42 61 31 20 63 61 59 65 61 61 41 61 73 63 67 42 41 19 -1 20 41 41 -1 73 31 31 61 23 39 61 23 20 61 70 19 19 31 61 19 23 20 63 
58 61 58 61 58 58 58 58 61 69 58 58 58 69 69 58 80 61 58 58 61 61 61 61 63 58 58 58 61 69 58 61 61 61 -1 69 69 58 58 58 69 61 58 69 61 69 58 63 61 61 58 61 61 58 61 58 63 67 -1 61 63 -1 58 61 58 -1 61 61 69 -1 61 75 58 58 58 61 69 58 61 69 61 58 61 58 63 
39 67 67 67 39 39 45 39 45 45 51 39 39 45 69 67 39 67 67 39 67 45 39 76 39 45 67 67 39 39 45 39 39 39 69 -1 39 45 39 -1 -1 67 39 39 45 -1 77 67 67 -1 77 49 67 67 67 39 39 67 42 49 39 51 45 59 67 39 49 -1 45 45 76 39 51 66 67 71 -1 45 76 67 45 67 40 78 63 
29 22 15 4 -1 -1 25 -1 15 77 22 4 7 5 29 -1 77 22 15 39 5 38 -1 73 28 5 22 22 7 7 38 39 77 20 69 39 -1 25 -1 -1 39 22 43 -1 22 77 5 4 22 39 38 38 38 27 43 4 7 67 25 7 4 22 13 50 25 50 7 15 18 43 27 38 51 4 4 54 39 -1 15 38 11 15 22 5 63 
-1 10 42 79 60 25 25 29 26 45 -1 10 29 25 29 25 60 26 50 42 25 26 10 82 26 -1 -1 10 79 0 79 25 10 75 58 45 25 -1 79 75 75 10 10 42 75 25 79 79 26 51 26 10 26 0 75 60 29 67 25 75 10 75 25 26 25 50 79 26 25 42 27 75 51 10 60 -1 70 32 51 -1 68 26 26 75 64 
29 11 50 21 11 36 30 11 29 45 51 -1 11 36 29 18 77 21 -1 39 18 -1 36 73 52 36 50 29 29 -1 21 29 21 31 58 39 -1 79 -1 36 71 11 51 36 21 21 79 21 21 51 -1 -1 -1 71 21 11 11 67 50 71 11 51 79 50 52 50 11 18 18 51 80 -1 51 50 11 71 78 18 51 -1 11 18 21 29 63 
29 11 36 36 36 36 31 -1 29 45 32 7 7 36 29 36 19 28 36 -1 33 71 36 33 28 31 28 28 7 7 31 -1 31 19 58 -1 -1 75 36 -1 35 33 19 36 36 35 36 36 28 35 11 38 11 71 43 36 7 67 42 7 19 33 31 56 42 33 7 31 31 42 32 -1 51 36 36 71 35 36 19 28 11 19 40 28 63 
71 67 67 67 39 82 45 39 45 45 51 71 39 45 69 67 39 82 71 39 67 71 82 82 82 45 82 67 82 71 71 39 82 82 69 -1 39 75 71 35 -1 67 39 39 71 35 82 67 82 35 71 49 71 71 75 39 39 67 71 71 82 75 82 71 67 71 49 35 45 45 76 -1 51 82 67 71 35 45 76 71 45 67 -1 75 71 
53 -1 42 67 11 22 33 59 27 45 1 1 59 80 69 67 33 61 63 33 33 61 1 33 63 64 61 -1 27 27 42 33 70 -1 61 67 22 10 11 33 67 -1 27 42 61 27 63 63 61 59 63 61 64 27 61 11 63 67 42 -1 63 -1 64 -1 -1 33 28 -1 61 61 -1 59 61 1 67 61 70 22 33 10 61 63 33 22 63 
37 10 -1 51 43 27 30 28 27 69 -1 10 28 69 69 2 19 27 15 -1 15 30 27 33 28 58 37 -1 27 27 -1 30 10 19 58 39 43 10 51 19 39 27 -1 -1 27 69 60 51 27 51 2 -1 64 27 30 43 64 67 -1 41 10 51 58 64 -1 33 28 27 51 -1 27 30 51 10 15 37 70 19 2 10 19 15 27 30 64 
36 36 42 36 36 36 42 36 36 69 42 36 36 36 69 36 42 54 36 42 36 38 36 42 36 36 54 42 36 36 42 39 42 42 69 39 -1 42 36 36 39 42 -1 -1 36 69 36 36 54 51 38 42 38 42 -1 36 36 67 42 36 36 69 36 64 42 69 36 36 69 -1 42 38 51 36 36 54 39 36 42 38 69 36 54 36 64 
29 22 36 -1 3 22 30 29 21 45 22 4 29 22 29 36 77 21 38 61 22 -1 -1 61 63 22 21 22 21 21 21 29 21 61 61 45 22 75 21 36 71 61 27 36 -1 21 22 3 21 51 38 3 21 27 21 4 63 67 61 61 4 -1 79 61 61 61 28 3 51 61 27 21 51 4 4 61 45 22 51 3 61 32 21 22 63 
29 77 15 21 21 13 -1 29 -1 -1 27 38 29 -1 69 8 77 8 77 39 13 -1 77 33 26 6 17 8 17 8 6 6 77 31 69 -1 77 25 21 35 35 27 69 69 21 -1 77 21 17 35 77 69 17 27 17 21 29 67 25 49 77 69 13 69 25 69 49 35 6 -1 27 21 69 17 15 69 35 -1 69 21 8 15 17 13 64 
79 22 77 79 60 -1 25 36 77 77 60 60 36 5 77 20 60 82 77 60 5 77 5 82 79 5 82 22 79 79 79 77 77 20 58 77 5 79 79 36 82 63 60 36 22 77 -1 63 82 60 77 60 79 27 79 60 63 79 25 63 -1 63 79 60 25 77 79 79 79 77 77 79 58 60 60 79 77 -1 20 -1 13 60 -1 5 63 
29 22 63 -1 3 22 80 63 80 45 51 80 63 80 29 67 80 21 63 80 22 3 3 80 63 64 63 22 63 21 21 67 80 63 63 67 4 79 21 36 67 63 51 36 3 21 63 -1 21 51 63 3 80 27 21 4 63 67 63 63 63 63 79 -1 63 63 51 3 80 51 80 21 51 4 4 63 80 22 51 3 -1 63 21 22 63 
29 22 17 21 73 22 30 28 17 45 32 52 28 22 29 17 77 -1 17 61 17 17 17 73 26 22 17 17 17 17 21 32 17 61 61 67 22 26 21 28 82 61 27 54 21 17 82 21 -1 61 26 61 17 27 17 73 28 67 50 28 32 17 26 61 52 50 28 17 61 61 32 21 61 17 17 54 67 22 61 28 17 32 17 22 63 
51 51 51 51 51 39 45 59 45 45 51 51 59 45 69 67 39 61 51 39 78 45 51 73 63 68 51 51 66 51 51 39 51 59 61 -1 39 51 51 35 35 59 51 51 51 35 60 51 61 -1 51 -1 51 71 51 51 59 67 51 -1 51 51 45 59 51 51 -1 35 51 51 59 59 51 66 51 61 35 45 51 51 61 51 40 66 63 
37 11 -1 11 11 38 58 11 15 77 11 -1 11 62 38 2 77 26 -1 42 15 38 77 73 26 58 -1 42 11 38 38 38 77 65 58 77 38 26 -1 11 71 63 2 38 38 77 77 63 26 51 -1 38 11 71 26 11 63 67 -1 63 63 63 26 -1 63 -1 73 15 18 42 63 38 58 -1 11 37 78 -1 2 38 11 18 26 58 63 
37 10 42 -1 3 22 68 38 27 69 -1 38 38 69 69 38 42 61 38 42 78 3 3 61 52 68 37 10 27 38 42 32 10 61 61 49 38 10 -1 38 49 61 -1 42 3 69 60 3 61 -1 38 -1 38 27 42 4 63 67 42 49 10 -1 68 61 42 50 49 3 -1 -1 27 38 -1 4 4 61 78 22 -1 3 61 32 61 78 63 
38 11 50 11 11 22 64 11 17 45 11 -1 11 80 38 17 80 -1 38 64 17 17 17 73 -1 64 17 17 17 38 21 32 17 61 61 67 38 26 -1 11 71 64 64 38 21 17 79 80 17 51 11 38 -1 71 17 11 11 67 50 11 11 17 26 24 -1 50 11 17 80 51 80 38 51 17 11 54 80 22 51 24 -1 24 17 22 64 
-1 27 42 27 27 27 31 28 27 45 27 71 28 27 29 27 42 27 71 42 27 71 27 70 28 37 37 -1 27 0 42 29 27 41 58 67 27 0 71 71 71 27 27 42 27 27 27 27 27 71 71 27 71 -1 75 27 28 67 42 71 27 41 37 41 41 41 28 27 37 42 27 -1 51 27 27 71 70 27 42 27 27 27 71 27 63 
75 22 42 21 43 22 30 28 17 45 32 52 28 22 69 17 42 -1 17 42 17 17 17 73 26 30 17 17 17 17 -1 30 17 61 61 67 43 75 21 43 75 61 30 -1 21 17 79 21 17 51 26 42 17 75 -1 43 28 67 42 75 32 17 26 61 42 50 28 17 30 43 32 75 51 17 17 -1 67 22 83 30 17 32 17 30 63 
29 11 36 4 -1 36 30 11 36 45 60 4 11 36 29 36 60 73 36 39 36 4 4 73 52 36 50 22 11 11 21 39 60 73 58 39 4 60 11 36 39 11 43 36 4 21 60 4 73 51 11 4 11 27 43 -1 11 67 50 11 4 44 79 60 52 50 73 4 51 43 73 21 51 4 4 54 39 36 51 4 11 36 60 22 63 
29 11 63 63 11 36 31 -1 29 45 63 7 7 80 29 36 63 28 63 39 36 29 36 63 63 64 63 28 7 7 29 29 28 63 63 39 7 29 11 7 39 63 64 36 63 29 63 63 28 59 63 63 11 28 28 11 -1 67 63 7 63 63 63 -1 63 63 7 63 80 63 63 39 63 63 11 63 39 36 39 28 63 63 28 28 63 
67 67 67 67 67 67 67 67 67 67 67 67 67 67 67 67 81 67 67 67 67 67 67 67 67 67 67 67 67 67 67 67 67 67 67 67 67 67 67 67 67 67 67 67 67 67 79 67 67 67 67 67 67 67 67 67 67 -1 67 67 67 67 67 67 67 67 67 -1 67 67 67 67 67 67 67 67 67 67 67 67 67 67 67 67 67 
37 42 42 51 50 25 25 50 42 45 42 50 50 25 69 42 42 50 50 42 25 42 83 73 50 -1 50 42 83 50 42 25 42 42 -1 42 25 25 50 42 71 42 -1 42 61 25 25 63 50 51 -1 42 50 42 42 50 63 67 -1 63 42 34 25 50 25 34 73 42 25 34 42 50 -1 50 42 83 83 50 83 37 50 50 50 -1 63 
29 41 63 51 11 36 31 -1 29 49 41 7 7 80 29 36 63 28 63 39 41 71 36 41 63 64 63 41 7 7 71 29 70 41 61 49 7 75 71 7 71 -1 41 36 61 49 63 63 28 -1 63 49 11 71 75 11 7 67 63 -1 63 41 63 -1 41 41 7 41 51 51 41 -1 51 41 11 71 49 36 51 28 63 63 71 28 63 
37 10 42 4 -1 46 32 11 27 77 -1 4 11 46 69 36 -1 32 63 16 46 4 4 73 63 37 37 10 27 11 42 32 10 19 63 39 4 10 11 19 82 63 10 36 4 77 -1 63 32 51 63 10 11 27 32 4 63 67 42 63 -1 63 79 -1 63 63 73 4 51 42 27 63 51 4 4 37 70 16 19 10 16 16 46 46 63 
75 41 51 44 44 22 33 28 17 69 51 80 28 80 69 17 80 -1 51 33 33 17 17 33 63 58 17 41 17 17 21 33 17 -1 -1 51 22 75 51 33 75 -1 51 69 -1 69 63 63 17 51 63 -1 17 41 17 44 63 67 34 41 63 -1 26 -1 41 33 28 17 51 -1 41 75 51 17 17 -1 70 22 51 28 -1 32 17 75 63 
37 79 50 79 79 13 25 79 26 45 79 50 79 -1 69 20 80 26 50 58 13 26 13 82 26 -1 -1 79 79 79 79 25 26 20 58 45 13 25 79 31 82 64 58 36 79 13 79 79 26 45 26 68 26 37 26 79 63 67 25 63 79 26 -1 26 25 50 79 26 25 45 80 79 58 26 79 37 45 45 20 -1 13 26 26 13 64 
29 41 50 47 60 60 64 56 80 69 60 50 56 80 69 50 60 61 50 41 41 47 41 41 -1 64 24 41 24 28 64 41 60 41 61 59 50 26 50 56 71 -1 64 64 61 69 60 -1 61 59 -1 61 24 41 61 60 -1 67 50 -1 -1 -1 26 -1 -1 50 28 41 80 61 41 59 58 50 60 61 70 50 50 24 -1 24 26 28 -1 
37 41 42 51 52 25 25 52 41 45 42 52 52 25 69 42 42 52 52 42 25 42 25 41 52 -1 37 41 41 52 42 25 42 41 58 67 25 25 52 42 67 -1 -1 42 61 25 25 63 52 51 63 42 -1 41 42 52 63 67 25 41 63 41 25 -1 -1 41 41 41 25 42 41 52 51 41 42 37 70 63 42 37 52 52 52 25 -1 
33 41 50 50 50 33 33 50 33 69 33 50 50 33 69 33 33 50 50 33 33 50 77 33 50 58 50 41 33 33 33 33 33 -1 -1 39 50 50 50 33 71 33 33 69 61 69 77 63 50 51 -1 50 50 41 50 50 63 67 34 41 63 33 50 50 41 -1 73 33 50 34 33 50 58 50 33 61 70 50 33 50 50 50 33 58 63 
29 73 73 51 73 36 31 -1 28 49 28 7 7 36 29 36 39 28 73 39 36 28 28 73 28 36 28 28 -1 7 79 29 28 73 61 49 7 79 11 7 49 28 28 36 28 49 79 51 28 -1 73 49 11 28 28 73 7 67 73 7 73 28 79 28 41 73 -1 28 51 51 28 39 51 -1 73 83 49 36 51 28 11 28 28 28 63 
31 41 15 -1 3 20 31 28 15 45 27 4 28 45 31 -1 81 -1 15 33 15 3 3 33 26 31 17 -1 17 31 21 -1 17 31 61 -1 15 26 18 31 35 -1 27 36 3 35 79 3 17 35 15 3 17 27 17 4 63 -1 42 41 4 17 26 41 41 33 28 -1 18 42 27 21 51 17 15 54 35 18 15 3 15 15 17 22 63 
37 51 18 51 51 25 -1 79 80 45 51 80 79 80 69 18 80 61 -1 51 18 30 25 80 79 -1 37 51 79 31 6 6 31 31 69 45 18 25 18 31 45 61 51 69 51 6 79 80 61 51 18 -1 80 37 30 51 80 67 25 51 51 51 25 80 25 50 51 18 -1 -1 80 38 51 50 18 37 78 18 51 -1 -1 18 79 25 64 
29 42 42 51 43 43 45 29 45 45 42 51 29 45 -1 42 42 61 68 42 61 45 42 61 63 68 61 42 29 14 42 29 42 61 -1 45 43 42 51 42 45 61 -1 -1 61 -1 77 51 61 51 42 -1 51 42 43 43 63 67 34 51 42 -1 45 61 42 34 51 42 -1 -1 42 45 51 61 42 61 45 45 51 68 61 68 61 42 63 
53 41 42 27 73 27 32 28 27 45 27 80 28 80 29 27 80 32 77 33 33 32 27 -1 28 64 32 -1 27 27 42 32 -1 23 61 76 27 27 80 32 76 -1 27 42 27 27 77 80 32 59 63 27 80 27 32 73 63 67 42 41 27 41 80 41 41 33 28 27 80 42 -1 53 51 23 27 61 -1 32 76 27 -1 32 23 27 63 
53 38 50 21 21 38 30 39 21 45 51 38 39 45 29 38 39 21 38 39 38 -1 21 82 52 75 21 53 21 21 21 39 21 39 75 39 38 75 -1 -1 -1 59 30 38 21 21 79 21 21 59 38 38 38 -1 75 21 39 67 50 -1 63 75 79 59 52 50 39 21 38 45 53 -1 51 21 21 -1 39 38 39 38 38 38 40 75 63 
51 51 51 51 51 58 58 51 51 69 51 51 51 58 69 51 51 61 51 51 78 51 51 61 52 58 58 51 83 51 51 51 51 61 58 51 51 51 51 51 51 61 51 51 51 69 58 51 61 51 58 -1 51 51 51 51 63 67 -1 51 51 51 58 58 51 58 51 51 51 51 51 51 -1 58 51 61 78 58 51 51 61 51 58 58 63 
29 -1 50 4 -1 22 30 66 17 45 1 1 66 22 29 17 60 -1 50 33 33 17 1 -1 26 58 17 10 17 17 21 32 17 23 58 66 4 10 50 36 82 1 10 36 4 17 60 4 17 66 -1 4 17 27 17 4 63 67 50 41 4 17 26 50 41 50 -1 17 50 61 23 21 58 -1 4 54 70 50 50 4 11 32 17 22 63 
29 11 15 4 -1 20 45 11 15 45 60 4 11 20 29 -1 60 15 15 33 15 4 4 73 81 20 17 15 11 15 21 67 81 20 58 67 4 60 11 36 67 67 15 36 4 15 60 4 17 51 11 4 11 27 17 4 11 67 42 11 4 17 79 60 42 33 73 15 18 42 27 21 51 4 -1 54 67 18 15 4 11 15 17 20 63 
37 37 83 61 54 83 37 71 54 69 37 71 71 80 69 54 80 54 71 61 61 71 83 61 37 37 37 37 83 37 54 61 37 61 61 71 54 -1 71 71 71 61 37 54 61 69 79 63 54 61 37 61 54 71 -1 54 63 67 83 71 37 -1 37 61 37 61 83 54 37 61 61 -1 61 54 54 -1 83 83 83 37 61 37 37 -1 63 
70 70 78 67 39 78 45 39 45 45 70 80 39 45 69 67 78 67 67 78 78 45 70 70 70 45 67 70 70 39 83 39 70 70 69 -1 39 70 78 35 35 70 70 39 45 35 77 80 67 35 78 78 80 70 67 39 39 67 83 49 70 70 45 70 70 70 49 35 78 45 -1 39 78 70 67 83 -1 45 -1 67 70 70 40 78 70 
32 22 50 22 36 22 45 36 45 45 32 50 36 45 69 18 -1 22 -1 16 18 45 -1 70 50 22 50 22 22 32 45 32 -1 19 58 45 -1 32 18 36 45 22 19 36 22 -1 -1 22 22 45 -1 22 22 27 22 36 36 67 50 36 16 22 45 50 63 50 36 18 18 45 32 38 58 50 18 83 45 -1 19 46 16 16 46 22 63 
51 51 -1 51 51 20 68 39 15 69 51 50 39 20 69 2 19 61 15 -1 -1 51 83 33 83 20 50 42 83 51 83 33 51 19 61 76 15 51 51 19 76 33 2 42 51 69 20 51 61 51 2 -1 51 42 83 51 39 67 83 51 19 51 20 50 42 33 51 15 51 51 76 39 51 50 15 83 -1 19 -1 51 19 15 33 -1 63 
37 10 42 -1 3 46 30 28 27 45 -1 38 28 62 29 38 60 28 38 42 46 3 3 82 -1 37 24 10 -1 28 -1 29 10 31 69 67 38 -1 -1 28 71 10 10 38 3 21 -1 3 28 51 38 3 24 27 30 4 28 67 37 28 10 28 -1 24 37 50 28 3 -1 68 27 38 51 4 4 37 67 46 51 -1 68 24 46 28 63 
29 11 15 47 11 13 68 11 -1 45 11 -1 11 -1 29 8 -1 8 68 16 13 17 11 70 52 68 17 8 11 8 68 29 70 61 61 45 11 68 11 11 45 61 19 69 61 8 13 -1 17 61 11 61 -1 27 17 11 63 67 50 63 16 -1 13 -1 52 50 11 15 -1 61 -1 38 61 11 11 61 70 16 19 68 -1 16 17 13 63 
29 32 15 67 36 20 32 28 15 45 32 38 28 80 29 -1 -1 32 -1 16 15 32 32 70 -1 68 24 15 24 15 79 32 -1 19 58 67 15 26 18 19 67 63 15 36 32 15 60 63 32 51 18 32 24 27 32 36 63 67 50 63 16 32 26 24 52 50 28 15 18 68 32 38 51 32 15 37 70 16 15 24 16 -1 26 28 63 
37 22 50 21 60 46 30 28 17 45 32 50 28 46 29 17 60 -1 50 33 33 17 17 -1 26 37 -1 17 17 17 21 32 17 23 61 40 22 26 21 40 -1 33 27 54 21 17 -1 21 17 40 26 61 17 71 17 60 28 67 50 71 46 17 26 26 52 33 28 17 79 61 23 40 58 17 17 37 40 46 33 46 17 26 -1 22 63 
29 22 78 22 22 -1 30 28 22 45 22 22 28 5 29 20 77 22 58 78 5 30 -1 33 28 5 22 22 -1 28 -1 29 22 20 58 78 5 75 29 28 75 22 30 36 22 13 5 22 22 66 58 78 22 27 30 22 28 67 -1 28 46 75 13 28 25 58 28 22 25 42 27 75 58 22 20 -1 78 22 -1 28 13 28 22 -1 63 
64 63 63 63 63 64 64 63 80 64 63 63 63 80 69 63 63 63 63 64 63 63 63 63 63 64 63 63 63 63 64 63 63 63 63 63 63 64 63 63 71 63 64 64 63 64 63 63 63 63 63 63 64 63 63 63 63 67 63 63 63 63 64 -1 -1 63 63 63 64 63 63 63 63 63 63 63 70 63 63 63 63 63 63 63 -1 
