76
39 65
-1 56 20 19 69 59 69 56 56 -1 29 45 56 37 -1 9 14 14 38 9 9 56 68 29 45 45 45 38 17 -1 15 56 69 19 29 45 20 9 9 34 69 19 19 69 16 -1 29 29 60 9 69 61 45 56 34 19 -1 56 45 29 14 14 56 17 52 70 16 37 29 -1 14 16 29 45 14 29 
56 -1 39 33 62 25 12 27 -1 33 27 25 -1 33 56 39 71 38 27 33 36 56 55 47 35 12 62 -1 31 38 62 12 12 -1 39 27 33 33 27 -1 39 8 33 62 47 39 36 33 51 31 39 47 62 8 33 33 -1 27 50 33 33 33 -1 8 54 70 12 8 12 56 55 33 12 8 27 12 
20 39 -1 60 40 -1 68 27 63 20 72 24 25 63 60 40 71 63 5 20 -1 63 68 47 20 5 63 18 63 39 40 63 24 36 39 24 20 20 20 -1 -1 63 47 40 47 20 36 39 60 20 39 47 40 63 24 71 39 73 24 5 40 72 39 -1 68 70 73 18 40 40 60 63 63 20 40 39 
19 33 60 -1 74 59 74 30 41 19 30 74 33 38 60 30 60 38 38 -1 19 59 55 38 74 71 38 38 38 38 -1 38 74 19 30 38 33 19 -1 47 60 19 19 74 47 19 38 30 60 19 74 60 60 42 74 -1 62 30 74 19 -1 19 30 38 60 70 30 37 38 60 55 55 30 71 -1 74 
69 62 40 74 -1 40 69 35 73 38 62 32 62 38 17 40 17 -1 35 42 73 59 68 47 35 73 62 35 17 38 62 28 17 47 40 -1 63 32 17 40 -1 73 35 -1 47 52 38 40 60 47 32 47 -1 42 35 73 62 73 74 35 40 17 -1 17 52 70 73 35 35 -1 17 73 54 -1 -1 73 
59 25 -1 59 40 -1 25 27 63 20 59 25 25 59 59 59 71 59 -1 59 2 59 59 59 20 -1 59 18 71 59 59 25 25 59 39 59 20 67 59 2 2 59 59 40 47 59 59 39 60 59 18 61 40 59 59 59 59 27 50 -1 40 59 59 2 25 70 25 18 40 40 59 25 59 20 27 50 
69 12 68 74 69 25 -1 66 12 37 72 32 -1 37 32 68 66 32 50 72 32 68 68 66 32 12 68 12 75 68 72 12 -1 12 75 68 72 32 32 12 68 12 37 69 66 68 68 66 68 31 32 72 66 68 72 68 69 66 32 72 68 72 12 72 66 70 -1 12 -1 -1 32 72 -1 66 32 -1 
56 27 27 30 35 27 66 -1 27 38 -1 66 27 38 56 30 66 38 27 30 73 56 68 66 35 27 62 -1 75 10 10 56 66 27 75 27 33 38 27 27 69 27 35 35 66 29 29 30 60 56 75 66 66 56 35 30 -1 -1 74 29 30 66 56 56 66 70 -1 27 29 56 56 66 10 57 27 -1 
56 -1 63 41 73 63 12 27 -1 41 72 67 1 33 63 39 71 63 67 41 73 63 68 73 67 12 63 1 63 68 62 12 63 1 39 27 63 67 27 1 63 -1 53 73 47 73 63 33 60 63 39 61 73 -1 73 41 1 73 67 41 41 41 1 -1 68 70 73 -1 53 56 55 63 63 -1 27 73 
-1 33 20 19 38 20 37 38 41 -1 29 24 49 37 0 -1 49 38 38 -1 -1 49 55 29 20 20 45 38 38 0 15 49 37 19 15 24 20 -1 -1 20 15 19 19 38 49 -1 38 49 60 -1 37 61 45 42 24 19 0 73 24 15 14 19 30 20 52 70 49 37 45 0 14 33 59 20 14 34 
29 27 72 30 62 59 72 -1 72 29 -1 45 72 38 29 30 66 38 27 30 75 56 68 29 45 72 45 7 75 -1 -1 56 72 47 29 27 46 29 29 34 30 30 47 62 47 29 29 30 60 47 75 72 45 56 72 30 7 7 72 29 30 72 30 72 66 70 7 27 29 29 29 72 -1 75 30 -1 
45 25 24 74 32 25 32 66 67 24 45 -1 25 37 32 24 66 32 25 24 24 68 68 66 -1 -1 45 35 32 45 74 25 -1 54 45 24 24 32 32 50 68 67 35 32 66 24 36 42 64 24 32 61 64 68 24 71 69 66 24 25 64 32 25 32 -1 70 64 24 64 32 32 25 32 24 32 32 
56 -1 25 33 62 25 -1 27 1 49 72 25 -1 33 31 39 49 31 67 33 67 31 68 66 67 -1 49 1 31 68 62 -1 6 1 39 27 33 67 27 1 68 8 67 62 47 67 36 33 68 31 32 72 62 8 33 71 1 66 67 25 68 72 1 8 25 71 6 -1 6 6 71 25 6 8 27 6 
37 33 63 38 38 59 37 38 33 37 38 37 33 -1 38 37 49 38 38 33 36 59 55 38 37 71 -1 38 38 38 38 49 37 -1 38 38 33 -1 -1 33 47 33 37 38 47 26 38 33 60 26 37 47 45 42 33 33 33 38 54 26 38 33 26 26 54 70 37 37 38 37 38 33 54 45 37 37 
-1 56 60 60 17 59 32 56 63 0 29 32 31 38 -1 9 -1 -1 74 61 9 56 70 61 32 71 45 74 17 0 74 28 17 61 29 17 49 9 17 34 60 61 61 17 16 0 29 44 60 16 32 61 60 56 74 70 0 66 74 29 -1 -1 17 17 60 70 16 32 29 0 -1 16 61 17 -1 74 
9 39 40 30 40 59 68 30 39 -1 30 24 39 37 9 -1 49 38 59 9 9 59 68 34 20 59 59 38 75 34 -1 49 37 19 -1 59 20 9 9 34 -1 19 19 40 47 9 34 30 60 9 39 47 40 68 34 19 9 30 54 -1 40 19 30 40 54 70 30 37 40 40 14 72 59 20 30 34 
14 71 71 60 17 71 66 66 71 49 66 66 49 49 -1 49 -1 14 66 49 49 49 71 66 32 71 49 66 71 14 47 49 17 71 29 17 49 49 17 47 47 49 47 17 -1 14 49 44 51 -1 32 44 60 47 66 71 14 66 74 49 14 14 49 71 66 70 -1 49 66 14 14 -1 71 66 14 66 
14 38 63 38 -1 59 32 38 63 38 38 32 31 38 -1 38 14 -1 38 38 32 63 55 38 32 32 63 38 -1 38 38 28 -1 38 38 4 63 32 -1 50 4 63 35 4 16 14 38 40 60 16 32 61 4 63 32 38 14 73 32 38 14 14 4 -1 32 70 16 32 32 4 14 28 63 4 4 28 
38 27 5 38 35 -1 50 27 67 38 27 25 67 38 74 59 66 38 -1 59 5 59 68 38 67 5 59 -1 75 38 74 67 50 27 50 27 20 67 27 50 5 67 35 35 50 67 38 50 60 38 -1 50 35 67 35 38 27 27 50 5 38 59 27 5 25 74 27 -1 35 50 74 25 59 67 27 50 
9 33 20 -1 42 59 72 30 41 -1 30 24 33 33 61 9 49 38 59 -1 9 59 55 61 20 59 59 33 71 59 3 49 37 -1 15 42 33 9 3 33 15 -1 -1 42 47 9 36 33 60 9 37 61 45 42 33 -1 9 66 54 -1 3 -1 30 36 54 70 61 37 42 9 55 33 59 20 3 74 
9 36 -1 19 73 2 32 73 73 -1 75 24 67 36 9 9 49 32 5 9 -1 63 55 73 -1 5 45 35 73 9 15 49 24 36 15 24 -1 9 9 2 2 19 19 73 47 9 36 36 60 9 32 61 45 73 24 19 9 73 24 5 40 19 73 2 24 70 73 24 35 9 14 73 54 -1 32 73 
56 56 63 59 59 59 68 56 63 49 56 68 31 59 56 59 49 63 59 59 63 -1 68 59 59 31 59 56 31 59 59 -1 63 56 59 59 63 49 59 56 68 59 56 59 49 68 59 49 68 31 56 61 68 56 59 59 -1 56 59 -1 68 59 56 -1 68 70 56 31 -1 56 56 63 59 63 56 31 
68 55 68 55 68 59 68 68 68 55 68 68 68 55 70 68 71 55 68 55 55 68 -1 68 68 71 68 68 71 68 55 68 68 55 68 68 55 55 55 68 68 55 55 68 68 68 68 68 60 55 68 61 68 68 68 -1 68 68 68 55 55 55 55 68 68 70 68 68 -1 68 55 55 68 68 55 68 
29 47 47 38 47 59 66 66 73 29 29 66 66 38 61 34 66 38 38 61 73 59 68 -1 45 59 45 38 38 -1 47 49 66 47 29 47 46 47 29 47 47 61 47 47 47 29 29 -1 61 47 47 61 45 47 34 61 29 66 45 29 47 -1 47 72 66 70 -1 45 29 29 61 47 61 66 47 29 
45 35 20 74 35 20 32 35 67 20 45 -1 67 37 32 20 32 32 67 20 -1 59 68 45 -1 11 45 35 32 45 74 67 -1 54 45 -1 20 32 20 20 20 67 35 35 47 -1 36 42 60 20 32 72 45 42 -1 20 45 73 -1 35 52 72 35 20 11 70 32 -1 35 32 32 25 54 20 32 32 
45 12 5 71 73 -1 12 27 12 20 72 -1 -1 71 71 59 71 32 5 59 5 31 71 59 11 -1 59 12 71 59 59 12 11 71 39 24 71 32 59 5 5 12 35 73 71 24 59 71 60 31 18 71 64 12 24 71 12 73 24 5 40 72 12 71 11 71 12 12 12 12 71 -1 71 71 32 12 
45 62 63 38 62 59 68 62 63 45 45 45 49 -1 45 59 49 63 59 59 45 59 68 45 45 59 -1 38 49 45 62 49 37 13 45 59 49 13 13 45 49 59 37 62 49 -1 38 49 60 -1 37 49 45 62 33 59 62 73 45 -1 52 59 -1 -1 52 70 49 37 45 45 45 63 59 45 62 45 
38 -1 18 38 35 18 12 -1 1 38 7 35 1 38 74 38 66 38 -1 33 35 56 68 38 35 12 38 -1 38 38 74 12 74 1 38 -1 33 38 -1 1 35 8 35 35 47 35 38 33 60 38 18 74 35 8 35 38 1 7 74 35 38 74 1 8 54 74 7 18 35 35 74 33 10 8 -1 7 
17 31 63 38 17 71 75 75 63 38 75 32 31 38 17 75 71 -1 75 71 73 31 71 38 32 71 49 38 -1 38 75 -1 17 71 75 17 49 32 17 75 17 63 35 17 71 73 38 49 60 31 75 61 17 56 71 71 31 73 75 31 17 17 17 17 32 70 71 31 31 17 17 -1 71 71 75 -1 
-1 38 39 38 38 59 68 10 68 0 -1 45 68 38 0 34 14 38 38 59 9 59 68 -1 45 59 45 38 38 -1 10 56 38 38 -1 59 46 9 -1 34 68 59 47 38 47 -1 -1 23 60 9 39 61 45 68 34 38 0 10 45 -1 14 23 30 38 68 70 23 45 -1 0 14 72 10 45 14 10 
15 62 40 -1 62 59 72 10 62 15 -1 74 62 38 74 -1 47 38 74 3 15 59 55 47 74 59 62 74 75 10 -1 49 74 47 15 47 47 15 3 47 15 19 47 62 47 15 29 -1 60 47 47 47 60 47 74 3 62 10 74 15 3 19 -1 62 74 70 10 37 29 40 55 47 10 62 -1 10 
56 12 63 38 28 25 12 56 12 49 56 25 -1 49 28 49 49 28 67 49 49 -1 68 49 67 12 49 12 -1 56 49 -1 12 12 75 59 49 49 28 12 49 12 49 28 49 49 49 49 51 -1 75 49 28 56 33 71 -1 56 67 21 28 28 56 21 68 70 12 12 21 56 28 28 12 71 75 28 
69 12 24 74 17 25 -1 66 63 37 72 -1 6 37 17 37 17 -1 50 37 24 63 68 66 -1 11 37 74 17 38 74 12 -1 37 45 24 24 -1 17 50 69 37 37 17 17 24 38 42 60 37 -1 61 17 42 24 74 69 66 24 35 17 17 17 17 11 70 6 24 6 -1 17 25 6 17 -1 6 
19 -1 36 19 47 59 12 27 1 19 47 54 1 -1 61 19 71 38 27 -1 36 56 55 47 54 71 13 1 71 38 47 12 37 -1 54 54 -1 13 13 1 47 19 19 47 47 19 36 -1 51 36 39 47 64 8 -1 19 1 73 54 19 19 19 1 36 54 70 47 8 47 47 55 -1 54 54 54 54 
29 39 39 30 40 39 75 75 39 15 29 45 39 38 29 -1 29 38 50 15 15 59 68 29 45 39 45 38 75 -1 15 75 45 54 -1 54 46 15 29 -1 15 19 47 40 47 -1 29 39 60 15 39 47 45 68 -1 19 29 73 54 15 40 29 30 39 54 70 29 45 29 29 29 54 54 45 54 -1 
45 27 24 38 -1 59 68 27 27 24 27 24 27 38 17 59 17 4 27 42 24 59 68 47 -1 24 59 -1 17 59 47 59 24 54 54 -1 24 42 27 27 4 42 -1 4 47 24 38 42 60 47 27 47 4 42 -1 42 27 27 24 -1 40 42 4 17 54 70 27 24 -1 4 17 54 54 4 4 27 
20 33 20 33 63 20 72 33 63 20 46 24 33 33 49 20 49 63 20 33 -1 63 55 46 20 71 49 33 49 46 47 49 24 -1 46 24 -1 20 46 20 20 33 33 63 47 20 -1 33 51 -1 32 47 45 63 33 33 33 73 24 33 33 33 33 -1 54 70 49 24 46 20 49 33 63 20 54 73 
9 33 20 19 32 67 32 38 67 -1 29 32 67 -1 9 9 49 32 67 9 9 49 55 47 32 32 13 38 32 9 15 49 -1 13 15 42 20 -1 9 47 15 19 -1 32 47 9 38 42 51 9 32 47 45 42 32 19 9 66 32 15 14 19 26 26 32 70 32 -1 32 32 14 33 32 20 32 32 
9 27 20 -1 17 59 32 27 27 -1 29 32 27 -1 17 9 17 -1 27 3 9 59 55 29 20 59 13 -1 17 -1 3 28 17 13 29 27 46 9 -1 27 15 19 19 17 17 9 -1 29 60 9 27 60 17 68 33 3 9 27 74 -1 3 17 17 17 68 70 27 27 29 9 17 28 59 17 3 27 
34 -1 -1 47 40 2 12 27 1 20 34 50 1 33 34 34 47 50 50 33 2 56 68 47 20 5 45 1 75 34 47 12 50 1 -1 27 20 47 27 -1 2 8 47 40 47 34 34 -1 51 47 -1 47 45 8 34 33 1 27 50 5 40 47 1 2 54 70 47 8 34 40 34 33 54 8 27 34 
69 39 -1 60 -1 2 68 69 63 15 30 68 68 47 60 -1 47 4 5 15 2 68 68 47 20 5 49 35 17 68 15 49 69 47 15 4 20 15 15 2 -1 19 47 4 47 68 68 -1 60 47 39 47 4 68 34 60 69 73 74 15 -1 47 4 2 68 70 47 18 -1 -1 60 47 68 4 4 34 
19 8 63 19 73 59 12 27 -1 19 30 67 8 33 61 19 49 63 67 -1 19 59 55 61 67 12 59 8 63 59 19 12 37 19 19 42 33 19 19 8 19 -1 19 73 47 19 36 33 60 19 39 61 45 8 33 19 8 73 54 19 19 19 8 8 54 70 73 8 53 19 55 33 59 8 19 73 
19 33 47 19 35 59 37 35 53 19 47 35 67 37 61 19 47 35 35 -1 19 56 55 47 35 35 37 35 35 47 47 49 37 19 47 -1 33 -1 19 47 47 19 -1 35 47 19 36 -1 51 47 37 47 35 -1 35 19 53 35 35 19 19 19 35 53 54 70 47 37 35 35 55 33 54 35 19 35 
69 62 40 74 -1 40 69 35 73 38 62 32 62 38 17 40 17 4 35 42 73 59 68 47 35 73 62 35 17 38 62 28 17 47 40 4 63 32 17 40 4 73 35 -1 47 52 38 40 60 47 32 47 4 42 35 73 62 73 74 35 40 17 4 17 52 70 73 35 35 4 17 73 54 4 4 73 
16 47 47 47 47 47 66 66 47 49 47 66 47 47 16 47 -1 16 50 47 47 49 68 47 47 71 49 47 71 47 47 49 17 47 47 47 47 47 17 47 47 47 47 47 -1 16 47 -1 51 16 47 -1 47 47 47 71 16 66 50 47 16 51 47 71 66 70 16 47 47 47 16 16 61 66 16 47 
-1 39 20 19 52 59 68 29 73 -1 29 24 67 26 0 9 14 14 67 9 9 68 68 29 -1 24 -1 35 73 -1 15 49 24 19 -1 24 20 9 9 34 68 19 19 52 16 -1 29 29 60 9 32 60 -1 68 24 19 0 73 24 26 52 14 26 26 52 70 73 24 -1 0 14 73 68 -1 14 34 
29 36 36 38 38 59 68 29 63 38 29 36 36 38 29 34 49 38 38 36 36 59 68 29 36 59 38 38 38 -1 29 49 38 36 29 38 -1 38 -1 34 68 36 36 38 47 29 -1 29 60 36 38 61 45 68 34 38 29 29 36 29 38 29 30 36 68 70 29 36 29 29 29 36 29 36 38 29 
29 33 39 30 40 39 66 30 33 49 30 42 33 33 44 30 44 40 50 33 36 49 68 -1 42 71 49 33 49 23 -1 49 42 -1 39 42 33 42 29 -1 -1 33 -1 40 -1 29 29 -1 51 -1 39 44 40 42 33 30 33 66 50 29 40 23 30 36 54 70 23 42 40 40 44 33 30 40 30 30 
60 51 60 60 60 60 68 60 60 60 60 64 68 60 60 60 51 60 60 60 60 68 60 61 60 60 60 60 60 60 60 51 60 51 60 60 51 51 60 51 60 60 51 60 51 60 60 51 -1 51 51 -1 60 68 64 60 60 66 74 60 -1 51 60 60 60 70 51 60 60 60 60 51 61 60 60 74 
9 31 20 19 47 59 31 56 63 -1 47 24 31 26 16 9 -1 16 38 9 9 31 55 47 20 31 -1 38 31 9 47 -1 37 36 15 47 -1 9 9 47 47 19 47 47 16 9 36 -1 51 -1 47 44 45 47 36 19 31 66 24 26 16 16 26 26 66 70 16 31 31 9 16 16 59 20 16 31 
69 39 39 74 32 18 32 75 39 37 75 32 32 37 32 39 32 32 -1 37 32 56 68 47 32 18 37 18 75 39 47 75 -1 39 39 27 32 32 27 -1 39 39 37 32 47 32 38 39 51 47 -1 47 32 39 58 74 39 75 -1 18 32 32 39 32 32 70 32 18 32 32 32 75 32 75 32 -1 
61 47 47 60 47 61 72 66 61 61 72 61 72 47 61 47 44 61 50 61 61 61 61 61 72 71 49 74 61 61 47 49 61 47 47 47 47 47 60 47 47 61 47 47 -1 60 61 44 -1 44 47 -1 60 47 72 61 61 66 72 61 48 -1 47 72 60 70 44 47 72 47 61 44 61 66 61 72 
45 62 40 60 -1 40 66 66 73 45 45 64 62 45 60 40 60 4 35 45 45 68 68 45 45 64 45 35 17 45 60 28 17 64 45 4 45 45 17 45 4 45 35 4 47 -1 45 40 60 45 32 60 -1 68 64 60 45 66 45 35 -1 60 4 17 -1 70 64 45 45 4 60 73 64 4 4 45 
56 8 63 42 42 59 68 56 -1 42 56 68 8 42 56 68 47 63 67 42 73 56 68 47 42 12 62 8 56 68 47 56 42 8 68 42 63 42 68 8 68 8 -1 42 47 68 68 42 68 47 39 47 68 -1 42 42 -1 56 42 42 68 42 56 8 68 70 56 8 -1 56 55 63 68 8 27 56 
34 33 24 74 35 59 72 35 73 24 72 24 33 33 74 34 66 32 35 33 24 59 68 34 -1 24 33 35 71 34 74 33 24 -1 -1 -1 33 32 33 34 34 33 35 35 47 24 34 33 64 36 58 72 64 42 -1 33 33 73 -1 35 64 72 33 72 -1 74 64 24 35 32 74 33 -1 -1 -1 34 
19 33 71 -1 73 59 68 30 41 19 30 71 71 33 70 19 71 38 38 -1 19 59 -1 61 20 71 59 38 71 38 3 71 74 19 19 42 33 19 3 33 60 19 19 73 71 19 38 30 60 19 74 61 60 42 33 -1 19 73 74 19 3 19 30 71 68 70 71 37 22 19 -1 -1 71 71 3 71 
-1 -1 39 62 62 59 69 -1 1 0 7 69 1 33 0 9 14 14 27 9 9 -1 68 29 45 12 62 1 31 0 62 -1 69 1 29 27 33 9 9 1 69 8 53 62 16 0 29 33 60 31 39 61 45 -1 33 19 -1 7 45 21 14 14 -1 21 66 70 7 8 21 -1 14 31 10 8 14 7 
56 27 73 30 73 27 66 -1 73 73 7 66 66 38 66 30 66 73 27 66 73 56 68 66 73 73 73 7 73 10 10 56 66 73 73 27 73 66 27 27 73 73 35 73 66 73 29 66 66 66 75 66 66 56 73 73 7 -1 73 29 66 66 56 73 66 70 -1 73 66 56 66 73 10 -1 27 7 
45 50 24 74 74 50 32 74 67 24 72 24 67 54 74 54 74 32 50 54 24 59 68 45 -1 24 45 74 75 45 74 67 24 54 54 24 24 32 74 50 74 54 35 74 50 24 36 50 74 24 -1 72 45 42 -1 74 45 73 -1 35 74 72 74 72 54 74 64 24 35 32 74 54 54 54 -1 50 
29 33 5 19 35 -1 72 29 41 15 29 25 25 26 29 -1 49 38 5 -1 5 -1 55 29 35 5 -1 35 31 -1 15 21 35 19 15 -1 33 15 -1 5 15 19 19 35 47 26 29 29 60 26 18 61 35 42 35 19 21 29 35 -1 19 19 26 21 54 70 29 18 21 29 55 72 -1 35 19 29 
14 33 40 -1 40 40 68 30 41 14 30 64 68 38 -1 40 14 14 38 3 40 68 55 47 52 40 52 38 17 14 3 28 17 19 40 40 33 14 3 40 -1 19 19 40 16 52 38 40 -1 16 32 48 -1 68 64 3 14 66 74 19 -1 14 30 17 52 70 16 52 40 40 14 16 61 40 3 74 
14 33 72 19 17 59 72 66 41 19 72 32 72 33 -1 19 14 14 59 -1 19 59 55 -1 72 72 59 74 17 23 19 28 17 19 29 42 33 19 17 47 47 19 19 17 51 14 29 23 51 16 32 -1 60 42 72 19 14 66 72 19 14 -1 17 72 66 70 23 37 72 14 14 72 -1 66 14 72 
56 -1 39 30 -1 59 12 56 1 30 30 25 1 26 17 30 49 4 27 30 73 56 55 47 35 12 -1 1 17 30 -1 56 17 1 30 4 33 26 17 1 4 8 35 4 47 26 30 30 60 26 39 47 4 56 33 30 -1 56 74 26 30 17 -1 26 52 70 56 8 35 4 17 33 30 4 4 30 
17 8 -1 38 17 2 72 56 -1 20 72 32 8 26 17 40 71 -1 5 36 2 -1 68 72 20 71 -1 8 17 38 62 21 17 36 39 17 -1 26 17 2 2 8 53 17 71 26 36 36 60 26 32 72 17 8 72 71 21 73 72 21 17 72 26 -1 68 70 71 8 21 17 17 -1 -1 8 17 28 
52 54 68 60 52 25 66 66 68 52 66 -1 25 54 60 54 66 32 25 54 24 68 68 66 11 11 52 54 32 68 74 68 11 54 54 54 54 32 68 54 68 54 54 52 66 52 68 54 60 66 32 60 -1 68 -1 68 66 66 54 54 52 66 52 68 -1 70 -1 24 -1 32 60 25 54 54 54 54 
70 70 70 70 70 70 70 70 70 70 70 70 71 70 70 70 70 70 74 70 70 70 70 70 70 71 70 74 70 70 70 70 70 70 70 70 70 70 70 70 70 70 70 70 70 70 70 70 70 70 70 70 70 70 74 70 70 70 74 70 70 70 70 70 70 -1 70 70 70 70 -1 70 70 71 70 74 
16 12 73 30 73 25 -1 -1 73 49 7 64 6 37 16 30 -1 16 27 61 73 56 68 -1 32 12 49 7 71 23 10 12 6 47 29 27 49 32 27 47 47 73 47 73 16 73 29 23 51 16 32 44 64 56 64 71 7 -1 64 29 16 23 56 71 -1 70 -1 12 6 6 16 16 6 -1 16 6 
37 8 18 37 35 18 12 27 -1 37 27 24 -1 37 32 37 49 32 -1 37 24 31 68 45 -1 12 37 18 31 45 37 12 24 8 45 24 24 -1 27 8 18 8 37 35 47 24 36 42 60 31 18 47 45 8 24 37 8 73 24 18 52 37 8 8 24 70 12 -1 12 12 32 25 12 8 27 12 
29 12 40 38 35 40 -1 29 53 45 29 64 6 38 29 40 66 32 35 42 35 -1 -1 29 35 12 45 35 31 -1 29 21 6 47 29 -1 46 32 29 34 -1 53 35 35 47 -1 29 40 60 31 32 72 45 -1 35 22 21 66 35 21 40 72 35 21 -1 70 6 12 -1 6 55 72 -1 45 32 6 
-1 56 40 60 -1 40 -1 56 56 0 29 32 6 37 0 40 14 4 50 9 9 56 68 29 32 12 45 35 17 0 40 56 -1 47 29 4 20 32 9 40 -1 19 35 4 47 0 29 40 60 9 32 47 4 56 32 19 -1 56 32 29 40 14 4 17 32 70 6 12 6 -1 14 72 6 4 4 6 
14 55 60 55 17 59 32 56 55 14 29 32 71 38 -1 14 14 14 74 55 14 56 55 61 32 71 45 74 17 14 55 28 17 55 29 17 49 14 17 34 60 55 55 17 16 14 29 44 60 16 32 61 60 55 74 -1 14 66 74 55 14 14 17 17 60 -1 16 32 55 14 -1 55 61 71 14 74 
16 33 63 55 73 25 72 66 63 33 72 25 25 33 16 72 -1 28 25 33 73 63 55 47 25 -1 63 33 -1 72 47 28 25 -1 54 54 33 33 28 33 47 33 33 73 16 73 36 33 51 16 75 44 73 63 33 -1 31 73 54 72 16 72 33 -1 25 70 16 25 72 72 55 -1 -1 -1 16 28 
29 12 63 30 54 59 -1 10 63 59 -1 32 6 54 61 59 71 63 59 59 54 59 68 61 54 71 59 10 71 10 10 12 6 54 54 54 63 32 59 54 68 59 54 54 61 68 29 30 61 59 32 61 64 68 -1 71 10 10 54 -1 61 -1 30 -1 54 70 6 12 -1 6 61 -1 -1 54 54 6 
45 8 20 71 -1 20 66 57 -1 20 75 24 8 45 17 20 66 4 67 20 -1 63 68 66 20 71 45 8 71 45 62 71 17 54 45 4 20 20 17 8 4 8 35 4 66 -1 36 40 60 20 75 66 4 8 -1 71 8 -1 54 35 40 66 4 8 54 71 -1 8 45 4 71 -1 54 -1 4 -1 
14 27 40 -1 -1 27 32 27 27 14 30 32 27 37 -1 30 14 4 27 3 32 56 55 47 32 32 62 -1 75 14 -1 75 -1 54 54 4 54 32 3 27 4 19 19 4 16 14 38 30 60 16 32 61 4 27 -1 3 14 27 -1 19 3 14 4 17 54 70 16 27 32 4 14 16 54 4 -1 -1 
29 12 39 74 73 50 -1 -1 73 34 -1 32 6 37 74 34 66 28 50 74 73 31 68 29 32 12 45 7 -1 10 10 28 6 54 -1 27 73 32 27 34 34 73 35 73 47 34 29 30 74 31 -1 72 45 56 34 71 7 7 50 29 74 72 30 28 54 74 6 12 6 6 74 28 6 -1 -1 -1 
