110
4 54
-1 30 103 85 101 103 103 78 103 103 78 41 78 103 78 103 101 95 78 78 41 101 92 78 41 30 41 107 103 78 -1 103 103 87 78 103 92 103 78 103 101 30 78 41 103 78 78 78 103 81 43 108 41 78 81 78 103 103 78 85 78 81 78 78 78 103 78 104 103 30 78 78 41 43 78 103 78 81 -1 78 103 30 103 103 92 78 103 81 78 69 78 103 78 52 103 30 103 78 103 78 78 -1 103 -1 30 78 103 30 104 103 
30 -1 57 95 16 16 94 25 32 69 95 69 69 69 25 16 -1 95 89 25 95 16 57 50 95 -1 77 69 57 63 -1 95 25 21 69 69 44 95 60 21 16 30 69 16 32 104 89 95 69 69 43 89 32 16 81 89 25 32 95 66 25 81 32 16 44 69 25 104 32 -1 25 69 95 43 63 104 60 16 25 95 16 30 95 25 68 69 43 81 53 69 69 50 63 25 81 -1 39 25 69 16 25 16 104 16 30 63 60 30 69 68 
103 57 -1 31 80 68 31 13 31 13 82 13 71 -1 19 68 39 82 55 13 31 39 57 74 31 57 31 31 31 68 41 -1 57 31 71 71 68 80 13 31 77 13 45 31 68 31 71 -1 68 13 68 71 31 68 82 -1 19 -1 47 86 38 57 57 74 68 71 55 71 -1 13 52 -1 57 45 47 57 13 13 45 82 31 49 13 57 55 31 13 57 47 55 68 96 57 31 68 31 13 45 13 71 49 103 87 13 45 31 82 31 13 68 
85 95 31 -1 80 85 85 85 26 85 95 38 85 86 85 85 77 95 26 26 26 77 86 66 26 95 -1 85 90 85 95 26 26 85 85 77 85 -1 26 31 77 26 85 26 85 31 85 58 80 100 85 85 85 85 82 26 85 72 26 85 95 81 26 95 85 85 26 85 90 85 85 80 26 43 76 86 38 26 85 95 37 77 26 77 55 -1 85 85 85 26 85 85 85 85 37 -1 85 72 26 85 85 77 85 94 85 26 38 37 95 85 
101 16 80 80 -1 16 80 25 77 80 63 77 16 77 99 16 -1 95 77 77 43 16 99 50 80 16 77 80 80 63 16 80 25 21 16 77 80 80 77 21 16 43 80 16 80 80 99 80 80 80 43 99 80 16 81 80 80 80 43 86 25 81 77 16 50 80 77 80 80 16 80 80 43 43 63 39 63 16 80 40 -1 77 43 33 80 16 43 33 53 69 16 50 63 80 80 16 39 99 43 16 53 16 103 16 30 63 77 80 77 80 
103 16 68 85 16 -1 74 69 20 69 63 69 -1 103 99 -1 -1 63 89 69 12 16 92 63 20 16 20 69 88 63 16 20 103 21 12 12 53 103 60 103 16 20 12 16 53 42 76 74 103 69 15 76 103 -1 82 68 103 88 20 85 53 69 76 -1 34 12 63 71 15 -1 34 12 20 43 63 103 63 16 42 40 16 42 20 35 68 12 43 103 53 69 12 50 63 100 103 16 103 65 69 16 53 16 103 -1 103 63 88 15 69 68 
103 94 31 85 80 74 -1 66 66 31 74 96 85 96 97 94 74 74 66 64 31 96 57 74 31 57 31 31 -1 64 94 28 57 31 64 94 84 94 76 96 94 31 94 86 64 31 66 28 103 94 64 66 31 85 94 84 64 28 47 -1 74 94 57 74 59 66 59 88 94 98 76 31 57 45 -1 57 74 94 74 66 31 94 96 57 74 59 59 57 28 66 28 96 74 109 -1 31 -1 96 94 97 85 103 103 94 45 74 88 74 96 59 
78 25 13 85 25 69 66 -1 66 11 82 -1 66 11 25 66 25 95 66 11 41 77 97 66 41 -1 38 11 83 63 25 70 25 83 70 83 44 85 11 97 79 11 78 41 32 97 66 70 11 97 66 66 70 100 82 66 19 83 70 66 25 97 66 60 66 66 -1 66 32 11 -1 97 97 97 66 83 70 11 70 -1 48 60 79 -1 66 70 13 66 66 11 76 97 78 100 83 79 97 -1 11 97 -1 25 70 13 70 38 38 66 11 66 
103 32 31 26 77 20 66 66 -1 89 82 19 20 19 19 50 77 95 66 -1 -1 77 57 50 20 32 20 31 31 64 41 20 -1 77 -1 77 44 26 19 31 77 20 20 20 32 31 66 58 44 58 -1 66 32 44 61 66 19 32 20 66 32 19 -1 50 34 66 -1 66 32 89 34 20 20 43 50 57 62 -1 19 66 31 77 20 32 68 20 43 57 50 -1 20 50 44 19 68 20 91 19 20 19 58 77 70 32 52 26 82 50 19 66 
103 69 13 85 80 69 31 11 89 -1 69 -1 69 11 19 69 69 95 89 11 31 33 97 66 31 11 38 -1 31 64 41 27 48 27 69 69 48 80 11 31 77 11 48 41 48 31 89 58 -1 -1 89 89 31 48 61 89 48 72 49 85 38 19 89 69 48 48 11 89 31 -1 11 69 27 43 58 93 13 11 48 11 48 49 13 11 48 27 13 33 31 -1 69 89 48 27 81 69 13 49 11 89 49 69 103 48 108 38 38 27 11 93 
78 95 82 95 63 63 74 82 82 69 -1 82 63 82 63 63 63 -1 66 82 82 63 92 63 82 63 82 82 73 63 107 73 63 82 63 63 92 107 63 73 82 73 73 73 63 73 76 74 107 82 63 76 73 63 82 82 64 82 82 64 63 82 76 -1 63 107 63 73 63 63 76 73 82 -1 63 82 63 63 63 82 73 63 -1 82 74 63 73 76 63 69 76 63 63 82 74 17 82 73 82 63 63 63 106 63 73 63 82 63 82 64 
41 69 13 38 77 69 96 -1 19 -1 82 -1 69 -1 19 69 77 82 38 -1 41 77 61 66 41 7 38 9 31 63 41 13 19 27 19 77 48 98 -1 77 77 -1 48 41 48 97 66 13 9 9 19 108 41 60 61 13 19 13 41 66 38 19 19 60 56 48 7 108 13 -1 7 13 27 43 76 86 13 -1 19 7 48 77 13 7 55 27 13 81 76 9 69 96 61 19 98 41 13 7 -1 19 7 77 70 13 108 38 38 69 -1 93 
78 69 71 85 16 -1 85 66 20 69 63 69 -1 69 78 -1 5 95 26 20 -1 16 97 50 20 69 20 85 90 63 41 20 20 83 -1 -1 48 80 26 31 16 20 -1 20 48 42 85 58 42 58 15 85 31 5 82 71 48 71 20 85 53 81 20 5 34 -1 65 71 15 -1 34 -1 20 43 63 86 90 35 42 82 71 42 20 35 68 -1 85 81 53 69 -1 50 63 85 35 20 97 65 20 16 85 16 70 5 45 26 82 15 69 68 
103 69 -1 86 77 103 96 11 19 11 82 -1 69 -1 19 68 77 82 55 11 82 77 57 76 31 11 38 11 31 76 41 2 103 87 76 77 68 103 11 96 77 11 81 86 68 31 76 2 103 -1 86 76 31 86 82 2 19 2 49 86 38 19 76 76 82 97 11 71 2 11 76 2 82 82 76 86 -1 11 76 82 31 49 -1 11 55 86 -1 86 76 11 76 96 76 19 103 82 -1 49 11 76 49 103 103 -1 86 76 82 69 11 68 
78 25 19 85 99 99 97 25 19 19 63 19 78 19 -1 50 99 95 78 -1 19 99 97 50 20 -1 20 93 57 63 25 97 25 83 19 77 92 107 19 97 99 19 78 99 32 97 99 78 56 97 19 93 32 60 61 78 19 32 78 64 25 19 19 60 56 97 19 99 32 19 78 97 97 97 63 93 78 19 -1 25 56 60 97 25 68 78 19 99 57 19 97 97 78 19 68 25 97 -1 19 -1 25 78 78 32 97 63 38 97 19 93 
103 16 68 85 16 -1 94 66 50 69 63 69 -1 68 50 -1 5 63 26 50 12 16 68 50 20 68 20 107 68 63 107 68 68 107 12 12 68 107 26 68 16 20 12 50 68 42 85 68 107 58 -1 85 68 5 82 68 64 68 20 64 53 50 50 5 50 12 50 71 -1 5 34 12 20 50 50 109 63 16 42 40 68 42 20 35 68 12 50 68 50 50 12 50 63 107 68 20 91 65 20 16 53 16 103 5 107 63 82 -1 69 68 
101 -1 39 77 -1 -1 74 25 77 69 63 77 5 77 99 5 -1 95 77 77 43 -1 99 50 43 1 77 33 39 63 1 39 25 21 12 77 53 80 77 21 -1 43 12 -1 53 73 99 58 80 81 43 99 43 5 81 77 64 32 43 86 25 81 77 5 50 12 77 99 15 1 25 12 43 43 63 39 63 -1 99 40 4 77 43 33 68 12 43 33 53 69 12 50 63 33 77 1 39 99 43 -1 53 -1 103 5 30 63 77 15 77 68 
95 95 82 95 95 63 74 95 95 95 -1 82 95 82 95 63 95 -1 95 95 95 95 92 63 95 95 95 82 95 63 95 95 95 82 95 95 92 95 95 95 95 95 73 73 95 73 76 74 107 82 63 108 95 95 82 82 64 82 95 95 95 82 76 10 63 95 63 73 95 95 76 73 82 10 63 82 63 95 95 95 95 95 10 95 74 95 73 95 63 95 76 63 63 82 95 -1 82 73 95 95 95 95 106 63 73 63 82 63 95 95 
78 89 55 26 77 89 66 66 66 89 66 38 26 55 78 26 77 95 -1 66 26 77 57 66 26 66 -1 85 31 66 41 26 66 77 70 77 84 26 26 31 77 26 78 26 66 31 66 55 66 70 66 66 70 85 82 -1 66 55 70 66 38 66 66 66 66 66 -1 66 55 89 -1 55 26 43 66 57 70 26 70 66 31 77 26 66 55 70 66 66 66 -1 76 66 78 70 37 26 55 66 26 66 38 77 70 102 70 26 38 66 38 66 
78 25 13 26 77 69 64 11 -1 11 82 -1 20 11 -1 50 77 95 66 -1 8 77 61 50 20 14 20 93 31 64 41 20 8 93 8 77 44 80 11 93 77 11 56 20 32 97 66 13 56 11 8 93 93 100 61 13 -1 32 20 64 25 -1 8 50 56 56 8 66 32 11 11 13 20 43 50 93 13 8 14 11 56 61 13 11 68 64 13 81 50 8 20 50 61 -1 81 20 13 14 11 14 93 77 70 13 93 26 38 56 11 93 
41 95 31 26 43 12 31 41 -1 31 82 41 -1 82 19 12 43 95 26 8 -1 39 72 50 -1 32 -1 31 31 72 41 -1 8 31 8 12 44 26 26 31 43 -1 12 -1 32 31 66 58 42 58 8 66 31 12 82 26 19 72 -1 66 95 19 8 12 72 12 8 71 31 12 58 12 -1 43 58 39 38 8 42 82 31 41 -1 32 68 12 43 72 31 8 12 50 63 19 98 -1 39 72 -1 43 58 43 70 12 41 26 82 15 41 68 
101 16 39 77 16 16 96 77 77 33 63 77 16 77 99 16 -1 95 77 77 39 -1 75 50 39 16 77 33 39 63 16 39 77 -1 77 77 53 77 77 -1 16 43 81 16 53 39 87 39 103 81 43 87 39 16 81 39 77 75 39 77 81 81 77 16 50 16 77 87 39 16 52 16 33 43 63 39 63 -1 81 40 16 77 39 33 68 33 43 33 39 77 16 96 63 33 77 16 39 96 77 16 53 16 87 39 75 77 77 33 77 75 
92 57 57 86 99 92 57 97 57 97 92 61 97 57 97 68 99 92 57 61 72 75 -1 88 57 57 72 72 57 92 81 57 57 83 57 83 92 94 61 75 81 57 81 86 57 97 87 57 97 97 57 93 57 88 61 57 61 -1 72 86 81 -1 57 92 72 97 97 88 57 61 92 57 57 97 92 -1 62 81 92 97 57 61 61 57 92 86 75 57 57 57 57 97 -1 75 81 72 97 -1 61 97 93 92 87 57 75 92 88 92 104 75 
78 50 74 66 50 63 74 66 50 66 63 66 50 76 50 50 50 63 66 50 50 50 88 -1 50 63 66 107 88 63 107 88 50 83 50 50 84 107 63 88 50 50 50 50 64 73 66 74 66 74 -1 66 50 88 82 66 64 88 74 66 63 50 50 -1 50 66 -1 88 50 63 66 88 64 50 -1 88 63 50 63 66 66 63 63 66 74 64 50 66 -1 50 76 50 63 50 74 63 74 66 50 66 66 50 106 63 88 63 88 63 66 66 
41 95 31 26 80 20 31 41 20 31 82 41 20 31 20 20 43 95 26 20 -1 39 57 50 -1 32 20 31 31 72 41 -1 20 31 20 20 68 80 26 31 43 20 20 20 68 31 66 31 80 58 20 93 31 20 82 31 20 31 20 31 95 20 20 20 72 20 20 71 31 20 52 20 20 43 31 39 31 20 42 82 31 41 20 32 68 20 43 33 31 20 20 50 57 31 68 20 39 45 20 43 58 43 70 39 45 26 82 31 41 68 
30 -1 57 95 16 16 57 -1 32 11 63 7 69 11 -1 68 1 95 66 14 32 16 57 63 32 -1 60 11 57 63 1 52 -1 83 32 83 44 94 60 103 16 11 78 16 32 97 66 57 44 81 32 66 32 60 61 57 19 32 70 66 -1 19 32 60 44 66 7 66 32 1 7 57 57 43 63 57 60 11 14 7 16 60 79 7 68 60 13 57 57 32 68 50 63 19 68 1 97 7 11 14 7 16 70 32 30 63 60 30 11 68 
41 77 31 -1 77 20 31 38 20 38 82 38 20 38 20 20 77 95 -1 20 -1 77 72 66 20 60 -1 31 31 105 41 20 20 77 20 77 84 3 -1 31 77 20 20 20 32 31 66 58 38 58 20 66 31 60 82 18 20 72 20 66 38 81 20 105 72 20 18 66 31 20 18 20 20 43 76 39 38 -1 60 77 31 77 20 77 55 3 43 81 76 18 20 50 105 100 37 3 38 72 20 77 38 77 70 20 41 -1 38 37 38 66 
107 69 31 85 80 69 31 11 31 -1 82 9 85 11 93 107 33 82 85 93 31 33 72 107 31 11 31 -1 31 72 107 -1 52 -1 72 83 48 107 11 31 33 11 45 31 48 31 85 31 9 9 72 93 31 85 82 31 48 72 72 85 85 93 72 107 72 107 85 85 31 9 85 31 -1 45 107 93 85 11 85 82 31 49 72 33 68 -1 85 33 31 9 72 72 107 -1 68 31 39 72 11 85 85 33 85 39 45 107 82 -1 11 93 
103 57 31 90 80 88 -1 83 31 31 73 31 90 31 57 68 39 95 31 31 31 39 57 88 31 57 31 31 -1 64 41 -1 57 31 90 83 57 80 88 31 39 31 45 31 57 31 87 -1 80 58 88 87 31 88 61 31 64 -1 47 6 88 57 57 74 59 90 59 88 31 90 52 31 57 45 6 57 88 31 45 82 31 87 31 57 68 90 59 57 -1 31 -1 96 57 31 6 31 6 45 31 87 58 39 87 39 45 31 88 31 104 59 
78 63 68 85 63 63 64 63 64 64 63 63 63 76 63 63 63 63 66 64 72 63 92 63 72 63 105 72 64 -1 107 68 64 72 64 63 64 107 63 103 63 64 63 64 64 73 76 74 64 72 64 76 64 63 82 84 64 72 72 64 63 64 76 -1 -1 107 63 76 64 63 64 63 64 63 63 72 63 63 63 82 64 63 63 64 74 64 64 72 63 64 72 64 63 64 64 63 64 72 69 63 85 63 70 63 107 63 63 63 63 64 
-1 -1 41 95 16 16 94 25 41 41 107 41 41 41 25 107 1 95 41 41 41 16 81 107 41 1 41 107 41 107 -1 41 25 87 41 81 92 107 41 103 16 -1 81 41 107 104 87 58 107 81 43 108 41 81 81 41 107 87 41 86 81 81 41 107 50 107 107 104 94 1 52 104 41 43 107 104 107 81 0 95 107 -1 41 25 94 107 43 81 104 69 41 50 78 52 81 1 41 81 41 16 81 0 104 0 -1 107 104 -1 104 104 
103 95 -1 26 80 20 28 70 20 27 73 13 20 2 97 68 39 95 26 20 -1 39 57 88 -1 52 20 -1 -1 68 41 -1 52 27 20 20 68 80 26 -1 39 20 45 20 68 -1 85 2 80 13 20 93 -1 68 82 2 80 2 20 28 95 97 20 107 68 20 20 71 -1 20 52 2 20 45 28 39 13 20 45 82 -1 45 20 33 68 27 13 33 28 20 28 96 57 27 68 20 39 45 20 97 58 39 70 39 45 26 82 27 104 68 
103 25 57 26 25 103 57 25 -1 48 63 19 20 103 25 68 25 95 66 8 8 77 57 50 20 -1 20 52 57 64 25 52 -1 83 8 83 44 94 60 103 77 52 48 20 -1 52 66 57 44 103 8 93 -1 44 61 57 19 -1 20 64 25 19 8 60 44 48 8 88 -1 25 52 57 57 43 84 57 62 8 25 25 48 60 20 -1 68 53 75 57 57 8 68 50 44 52 68 20 103 25 20 25 25 103 103 -1 52 26 88 48 104 68 
87 21 31 85 21 21 31 83 77 27 82 27 83 87 83 107 21 82 77 93 31 -1 83 83 31 83 77 -1 31 72 87 27 83 -1 72 83 83 107 27 21 21 27 87 21 83 31 87 31 27 27 43 87 31 85 82 31 48 83 72 85 87 87 83 107 72 107 83 87 31 27 83 31 27 43 87 39 87 21 83 83 31 87 72 -1 68 27 87 -1 83 27 72 96 83 27 83 21 39 72 27 21 83 21 87 39 102 77 102 27 27 93 
78 69 71 85 16 12 64 70 -1 69 63 19 -1 76 19 12 12 95 70 8 8 77 57 50 20 32 20 72 90 64 41 20 8 72 -1 12 64 80 76 31 77 20 12 20 64 42 66 70 42 70 8 66 70 12 61 70 64 32 70 64 78 19 8 12 -1 12 8 71 15 12 -1 12 64 43 76 57 70 8 70 70 71 42 20 32 64 12 64 102 76 8 12 50 78 19 35 20 64 65 20 16 70 16 70 12 70 26 102 15 19 64 
103 69 71 77 77 12 94 83 77 69 63 77 -1 77 77 12 77 95 77 77 12 77 83 50 20 83 77 83 83 63 81 20 83 83 12 -1 83 94 77 77 77 20 12 20 83 42 85 58 42 81 15 85 83 12 81 71 48 83 20 85 81 81 77 12 34 12 65 71 94 12 34 12 20 43 94 83 90 -1 42 77 71 77 20 -1 94 12 85 81 83 69 12 50 63 77 -1 20 94 65 94 77 83 77 103 94 45 77 77 15 77 94 
92 44 68 85 80 53 84 44 44 48 92 48 48 68 92 68 53 92 84 44 44 53 92 84 68 44 84 48 57 64 92 68 44 83 64 83 -1 80 60 68 53 52 48 64 -1 48 84 84 44 48 64 84 44 44 92 84 48 44 72 64 53 92 44 92 44 48 44 88 44 48 92 68 64 92 84 92 84 44 92 44 48 48 72 44 -1 53 64 57 53 44 68 64 -1 52 68 60 84 92 94 92 53 92 92 44 52 92 88 48 48 68 
103 95 80 -1 80 103 94 85 26 80 107 98 80 103 107 107 80 95 26 80 26 77 94 107 80 94 3 107 80 107 107 80 94 107 80 94 80 -1 26 80 77 107 80 26 80 80 85 80 80 94 107 85 80 85 94 26 80 80 26 85 94 94 107 107 85 107 107 80 94 107 85 80 107 80 94 80 107 26 80 95 -1 94 26 94 94 3 85 94 80 107 85 96 107 107 -1 3 94 107 94 80 85 80 103 94 107 26 38 -1 95 94 
78 60 13 26 77 60 76 11 19 11 63 -1 26 11 19 26 77 95 26 11 26 77 61 63 26 60 -1 11 88 63 41 26 60 27 76 77 60 26 -1 31 77 11 78 26 60 31 76 76 11 100 19 76 41 60 106 26 19 76 100 100 -1 19 76 60 100 26 11 76 90 11 76 13 26 43 76 100 -1 11 60 11 31 60 106 11 76 100 13 76 76 11 76 96 63 100 81 60 13 11 11 76 -1 77 106 13 106 26 -1 63 11 100 
103 21 31 31 21 103 96 97 31 31 73 77 31 96 97 68 21 95 31 93 31 -1 75 88 31 103 31 31 31 103 103 -1 103 21 31 77 68 80 31 -1 21 31 45 21 68 31 85 31 103 96 96 93 31 103 75 31 103 75 31 86 81 75 75 103 68 97 31 104 31 103 52 31 31 45 96 -1 96 21 103 40 31 77 31 33 68 31 75 33 31 31 31 96 75 75 103 31 -1 96 31 21 93 21 103 -1 75 31 103 31 104 75 
101 16 77 77 16 16 94 79 77 77 82 77 16 77 99 16 -1 95 77 77 43 16 81 50 43 16 77 33 39 63 16 39 77 21 77 77 53 77 77 21 -1 43 81 16 53 73 99 58 77 81 43 108 43 16 82 77 77 77 43 77 81 81 77 16 50 16 77 99 16 16 79 16 82 43 63 39 63 -1 79 -1 16 77 79 77 68 16 43 81 53 77 16 50 63 77 77 79 39 79 77 16 79 16 79 16 108 77 82 16 79 68 
30 30 13 26 43 20 31 11 20 11 73 -1 20 11 19 20 43 95 26 11 -1 43 57 50 20 11 20 11 31 64 -1 20 52 27 20 20 52 107 11 31 43 -1 20 -1 52 31 66 58 11 11 43 93 -1 20 82 13 19 52 20 86 38 19 20 107 50 20 11 104 31 11 52 20 20 43 50 86 13 11 30 11 31 30 20 11 68 20 43 81 31 11 20 50 78 52 81 20 13 11 11 43 11 30 70 13 30 26 38 30 11 93 
78 69 45 85 80 12 94 78 20 48 73 48 -1 81 78 12 12 73 78 56 12 81 81 50 20 78 20 45 45 63 81 45 48 87 12 12 48 80 78 45 81 20 -1 20 48 -1 85 45 -1 81 15 85 45 12 81 45 48 87 20 85 78 81 20 12 34 12 65 71 15 12 78 12 20 45 63 104 78 81 -1 78 48 -1 20 35 48 12 85 81 45 48 12 50 78 45 81 20 97 45 20 78 81 78 78 48 45 26 78 48 104 68 
41 16 31 26 16 16 86 41 20 41 73 41 20 86 99 50 -1 73 26 20 -1 16 86 50 20 16 20 31 31 64 41 20 20 21 20 20 64 26 26 21 16 -1 20 -1 64 73 86 58 41 58 -1 86 41 16 82 26 64 72 20 86 95 20 20 16 50 20 20 71 31 16 52 20 20 -1 50 86 86 16 41 40 16 41 20 32 68 86 -1 86 50 20 20 50 63 52 98 20 86 72 20 16 58 16 87 16 41 26 82 41 41 86 
103 32 68 85 80 53 64 32 32 48 63 48 48 68 32 68 53 95 66 32 32 53 57 64 68 32 32 48 57 64 107 68 -1 83 64 83 -1 80 60 68 53 52 48 64 -1 48 85 68 -1 48 64 85 32 -1 82 68 48 32 72 64 53 32 32 53 -1 48 32 88 -1 48 52 68 64 48 84 57 88 32 48 32 48 48 72 32 36 53 64 57 53 32 68 64 36 52 68 60 64 65 94 32 53 53 103 32 52 63 88 48 48 68 
78 104 31 31 80 42 31 97 31 31 73 97 42 31 97 42 73 73 31 97 31 39 97 73 31 97 31 31 31 73 104 -1 52 31 42 42 48 80 31 31 73 31 -1 73 48 -1 71 31 42 97 73 108 31 42 97 31 48 31 31 31 78 97 31 73 97 97 97 71 31 42 52 -1 97 -1 31 104 31 81 42 97 31 42 31 97 68 31 73 81 31 31 31 97 78 31 68 31 97 -1 31 97 97 73 104 39 -1 31 104 31 104 68 
78 89 71 85 99 76 66 66 66 89 76 66 85 76 99 85 99 76 66 66 66 87 87 66 66 66 66 85 87 76 87 85 66 87 66 85 84 85 76 85 99 66 85 86 85 71 -1 76 66 76 66 -1 76 85 82 66 85 87 76 66 76 87 76 76 85 66 -1 -1 90 89 76 67 85 71 76 86 -1 66 76 66 71 87 76 66 76 -1 85 -1 67 -1 76 66 76 51 87 85 76 99 89 -1 85 99 87 76 67 76 76 66 51 66 
78 95 -1 58 80 74 28 70 58 58 74 13 58 2 78 68 58 74 55 13 58 39 57 74 31 57 58 31 -1 74 58 2 57 31 70 58 84 80 76 31 58 58 45 58 68 31 76 -1 58 58 74 76 31 88 82 2 72 2 -1 28 74 57 57 74 72 58 74 88 2 13 58 2 58 45 -1 57 74 13 70 70 31 58 13 57 74 70 13 57 -1 55 28 74 74 100 28 58 13 58 58 76 58 58 70 13 88 74 88 74 13 68 
103 69 68 80 80 103 103 11 44 -1 107 9 42 103 56 107 80 107 66 56 42 103 97 66 80 44 38 9 80 64 107 80 44 27 42 42 44 80 11 103 77 11 -1 41 -1 42 66 58 -1 9 64 66 44 44 61 66 -1 44 49 64 53 56 44 107 44 -1 65 80 44 9 78 80 27 45 107 103 103 11 42 11 -1 42 103 44 44 27 103 81 53 9 42 64 44 27 103 42 97 65 11 97 49 103 103 -1 45 107 103 -1 11 68 
81 69 13 100 80 69 94 97 58 -1 82 9 58 -1 97 58 81 82 70 11 58 81 97 74 58 81 58 9 58 72 81 13 103 27 70 81 48 94 100 96 81 11 81 58 48 97 76 58 9 -1 58 100 70 100 81 13 48 13 -1 86 81 81 76 76 72 97 97 71 13 9 58 13 58 97 58 86 13 81 70 82 48 -1 13 97 55 100 13 81 58 9 72 96 97 100 81 58 13 -1 11 97 -1 81 70 13 81 58 82 27 11 100 
43 43 68 85 43 15 64 66 -1 89 63 19 15 86 19 -1 43 63 66 8 8 43 57 -1 20 32 20 72 88 64 43 20 8 43 8 15 64 107 19 96 43 43 15 -1 64 73 66 74 64 58 -1 66 32 15 61 66 64 32 20 64 63 19 8 23 -1 15 8 88 15 15 34 15 64 43 23 86 62 8 19 43 31 77 20 32 68 64 43 86 23 8 15 -1 63 19 68 20 91 72 20 43 85 43 70 15 43 63 88 15 19 64 
108 89 71 85 99 76 66 66 66 89 76 108 85 76 93 85 99 108 66 93 66 87 93 66 93 66 66 93 87 76 108 93 93 87 66 85 84 85 76 93 108 93 85 86 85 108 -1 76 66 100 66 -1 93 85 93 66 93 87 100 66 76 93 76 76 85 66 46 46 109 89 76 67 93 108 76 93 46 108 76 108 71 87 108 66 76 46 85 46 67 46 76 66 76 -1 87 108 76 99 108 46 93 99 87 76 108 76 76 93 -1 93 
41 32 31 85 80 103 31 70 32 31 73 41 31 31 32 68 43 95 70 93 31 39 57 50 31 32 31 31 31 64 41 -1 -1 31 70 83 44 80 41 31 43 -1 45 41 32 31 76 31 44 70 32 93 -1 44 82 31 93 32 70 85 32 93 32 76 44 31 32 104 31 41 -1 31 31 43 76 93 70 32 70 70 31 41 31 32 68 70 43 57 31 32 31 50 78 -1 68 31 39 45 31 32 93 41 70 32 -1 31 102 31 104 93 
78 16 68 85 16 -1 85 100 44 48 63 60 5 86 60 5 5 95 85 100 12 16 88 88 20 60 60 85 88 63 81 68 44 85 12 12 44 85 60 103 16 20 12 16 -1 42 85 88 44 100 15 85 44 -1 81 68 48 88 100 85 -1 81 88 5 44 12 85 88 44 5 85 12 64 43 63 86 88 16 60 95 48 60 106 44 44 -1 85 81 -1 69 85 50 44 100 68 60 85 100 69 16 -1 16 85 5 88 63 88 15 60 68 
81 81 82 82 81 82 94 82 61 61 82 61 82 82 61 82 81 82 82 61 82 81 61 82 82 61 82 82 61 82 81 82 61 82 61 81 92 94 106 75 82 82 81 82 82 97 82 82 61 81 61 93 82 81 -1 82 61 61 82 82 81 -1 61 82 82 97 61 106 82 61 82 82 82 82 82 61 82 81 61 82 82 61 -1 61 82 82 82 81 106 61 82 96 61 61 81 82 82 61 82 97 81 81 106 82 75 82 82 81 82 75 
78 89 -1 26 80 68 84 66 66 89 82 13 71 2 78 68 77 82 -1 13 26 39 57 66 31 57 18 31 31 84 41 2 57 31 70 71 84 26 26 31 77 13 45 26 68 31 66 2 66 13 66 66 31 68 82 -1 19 2 47 66 38 57 57 84 66 66 18 71 2 89 18 2 57 45 84 57 13 26 70 66 31 49 13 57 -1 70 13 57 47 18 68 96 84 31 68 26 13 45 13 66 38 77 70 13 45 26 38 31 13 68 
103 25 19 85 80 103 64 19 19 48 64 19 48 19 19 64 64 64 66 -1 19 77 61 64 20 19 20 48 64 64 107 80 19 48 64 48 48 80 19 103 77 19 48 64 48 48 85 72 -1 48 64 93 93 48 61 19 -1 72 72 64 25 19 19 64 -1 48 19 80 48 19 64 80 64 48 64 93 19 19 19 19 48 48 72 19 48 64 64 72 53 19 72 64 48 19 103 20 19 19 19 19 85 103 103 48 48 64 38 48 19 64 
103 32 -1 72 80 88 28 83 32 72 82 13 71 2 32 68 32 82 55 32 72 75 -1 88 31 32 72 72 -1 72 87 2 -1 83 32 83 44 80 76 75 77 52 87 72 32 31 87 2 44 13 32 87 32 88 61 2 72 -1 72 28 32 22 -1 76 72 97 32 88 2 13 52 2 -1 45 28 -1 62 32 92 82 31 87 72 -1 55 72 75 -1 -1 32 28 50 22 75 28 72 13 22 72 87 72 103 87 32 75 72 88 72 104 75 
78 95 47 26 43 20 47 70 20 49 82 41 20 49 78 20 43 95 70 20 -1 39 72 74 20 70 20 72 47 72 41 20 20 72 70 20 72 26 100 31 43 20 20 20 72 31 76 -1 49 -1 20 100 70 100 82 47 72 72 -1 72 78 81 20 74 72 20 20 88 31 20 -1 20 -1 43 47 72 70 20 70 70 31 49 20 70 74 70 43 72 47 20 72 50 78 100 81 20 49 49 20 97 -1 43 70 49 70 26 82 72 41 100 
85 66 86 85 86 85 -1 66 66 85 64 66 85 86 64 64 86 95 66 64 66 77 86 66 31 66 66 85 6 64 86 28 64 85 64 85 64 85 100 86 77 86 85 86 64 31 66 28 64 86 64 66 85 85 82 66 64 28 72 -1 85 64 66 64 -1 66 -1 66 109 85 85 85 64 86 6 86 66 66 85 66 31 87 72 66 74 -1 -1 86 28 66 85 64 64 109 6 85 6 66 94 66 85 86 85 86 86 64 82 66 66 -1 
78 25 38 95 25 53 74 25 32 38 63 38 53 38 25 53 25 95 38 25 95 81 81 63 95 -1 38 85 88 63 81 95 25 87 78 81 53 94 -1 81 81 38 78 95 53 78 76 74 53 81 63 76 32 -1 81 38 25 32 78 85 -1 81 76 -1 53 107 25 88 32 25 78 53 95 63 63 57 38 81 -1 95 53 -1 63 25 74 53 85 81 53 32 76 63 63 100 81 -1 38 25 38 25 38 78 78 32 81 63 38 63 38 68 
81 81 57 81 81 69 94 97 19 19 82 19 81 19 19 50 81 82 66 -1 19 81 -1 50 20 19 81 93 57 64 81 97 19 87 19 81 92 94 19 75 81 19 81 20 32 97 87 57 56 81 19 93 93 81 -1 57 19 22 81 64 81 -1 19 81 56 97 19 87 94 19 97 97 97 97 81 22 19 81 19 82 56 -1 54 57 92 64 75 81 57 19 97 97 22 19 81 81 97 -1 19 97 81 81 87 94 75 81 82 81 19 75 
78 32 57 26 77 76 57 66 -1 89 76 19 20 76 19 50 77 76 66 8 8 77 57 50 20 32 20 72 57 76 41 20 8 83 8 77 44 107 76 75 77 20 20 20 32 31 76 57 44 76 8 76 32 88 61 57 19 -1 20 66 76 19 -1 76 34 66 8 76 32 89 76 57 57 43 76 57 -1 8 76 66 31 77 20 57 76 76 75 57 57 8 76 50 57 19 57 20 76 57 20 76 76 77 76 32 75 76 76 76 19 75 
78 16 74 95 16 -1 74 60 50 69 -1 60 5 76 60 5 5 10 66 50 12 16 92 -1 20 60 105 107 74 -1 107 107 60 107 12 12 92 107 60 103 16 107 12 16 53 73 76 74 107 76 23 76 76 5 82 84 64 76 74 64 -1 81 76 -1 29 107 23 76 15 5 76 12 64 10 -1 92 -1 16 60 82 107 60 10 35 74 12 76 76 23 69 76 50 -1 107 74 60 74 92 69 16 53 16 76 5 107 -1 60 -1 60 64 
78 44 68 85 50 34 59 66 34 48 63 56 34 82 56 50 50 63 66 56 72 50 72 50 72 44 72 72 59 -1 50 68 44 72 -1 34 44 85 100 68 50 50 34 50 -1 97 85 72 44 72 -1 85 44 44 82 66 -1 72 72 -1 53 56 34 29 -1 34 59 85 44 34 34 34 -1 50 50 72 63 34 70 82 48 42 72 44 44 -1 59 72 50 34 72 50 44 56 59 72 59 72 72 85 85 50 70 44 52 63 82 48 56 59 
103 69 71 85 80 12 66 66 66 48 107 48 -1 97 97 12 12 95 66 56 12 16 97 66 20 66 20 107 90 107 107 20 48 107 12 12 48 107 26 97 16 20 12 20 48 97 66 58 -1 97 15 66 31 12 97 66 48 97 20 66 107 97 66 107 34 -1 -1 66 15 12 34 12 97 97 66 97 66 35 42 66 48 42 20 35 48 12 66 66 66 48 12 97 97 107 35 20 97 -1 20 97 66 16 103 48 97 107 82 -1 48 66 
78 25 55 26 77 63 59 -1 -1 11 63 7 65 11 19 50 77 63 -1 8 8 77 97 -1 20 7 18 85 59 63 107 20 8 83 8 65 44 107 11 31 77 11 65 20 32 97 -1 74 65 97 8 46 32 85 61 18 19 32 20 -1 25 19 8 23 59 -1 -1 46 32 11 7 65 20 43 23 86 46 8 70 7 65 77 20 7 55 46 59 46 23 8 65 50 63 19 59 20 59 7 11 46 7 77 70 32 67 26 88 65 11 59 
104 104 71 85 80 71 88 66 66 89 73 108 71 71 99 71 99 73 66 66 71 87 88 88 71 66 66 85 88 76 104 71 88 87 71 71 88 80 76 104 99 104 71 71 88 71 -1 88 80 71 88 46 104 88 106 71 80 88 88 66 88 87 76 76 85 66 46 -1 71 71 76 -1 88 71 76 104 46 66 71 108 71 87 106 88 71 46 85 46 -1 46 71 88 76 51 71 71 71 71 71 46 85 99 104 104 -1 76 88 104 104 104 
103 32 -1 90 80 15 94 32 32 31 63 13 15 2 32 -1 15 95 55 32 31 39 57 50 31 32 31 31 31 64 94 -1 -1 31 15 94 44 94 90 31 16 31 15 31 -1 31 90 2 44 13 15 109 31 44 82 2 48 2 31 109 32 94 32 15 44 15 32 71 -1 15 52 2 90 45 84 109 90 32 32 32 31 94 13 32 -1 90 13 57 31 32 -1 50 44 109 -1 31 13 45 94 16 53 16 103 32 45 31 82 15 13 -1 
30 -1 13 85 16 -1 98 11 89 -1 63 -1 -1 11 19 5 1 95 89 11 12 16 61 63 20 1 20 9 90 63 1 20 25 27 12 12 48 107 11 103 16 11 12 16 48 42 89 13 9 9 15 89 41 5 61 89 19 13 20 85 25 19 89 5 34 12 11 71 15 -1 11 12 20 43 63 86 13 11 42 11 48 30 13 11 68 12 13 89 53 -1 12 50 63 19 98 1 13 11 -1 16 11 16 103 5 30 63 38 -1 11 68 
78 25 52 85 80 34 76 -1 34 11 76 7 34 76 78 34 25 76 -1 11 58 52 92 66 52 7 18 85 52 64 52 52 52 83 -1 34 92 85 76 52 79 52 78 52 52 52 76 58 78 58 34 76 -1 85 82 18 64 52 -1 85 78 97 76 76 34 34 7 76 52 11 -1 34 58 52 76 86 -1 11 -1 7 52 58 58 7 55 -1 85 102 76 18 76 50 78 52 103 58 76 7 11 76 7 78 -1 102 52 26 102 76 11 85 
78 69 -1 80 80 12 31 97 20 69 73 13 -1 2 97 12 12 73 55 13 12 16 57 88 20 57 20 31 31 63 104 2 57 31 12 12 68 80 13 31 16 20 12 20 68 -1 67 2 80 13 15 67 31 12 82 2 80 2 20 85 53 97 57 12 34 12 65 -1 2 12 34 -1 20 45 47 57 13 35 42 82 -1 42 13 35 55 12 13 57 67 67 12 50 57 31 35 20 13 45 20 67 85 16 104 12 45 26 88 15 104 68 
41 95 57 26 43 20 57 97 20 27 82 27 20 82 97 20 43 82 26 20 -1 33 57 64 20 57 20 -1 57 64 41 20 57 27 64 20 64 107 26 31 82 20 20 20 64 97 85 58 27 58 64 93 31 64 82 57 64 -1 -1 64 95 97 57 64 -1 97 20 88 90 20 58 20 -1 43 58 57 90 20 70 82 31 58 -1 57 90 27 43 57 57 20 -1 64 57 27 90 20 97 -1 20 97 58 43 70 57 75 26 82 27 82 64 
43 43 45 43 43 43 45 97 43 43 -1 43 43 82 97 50 43 10 43 43 43 43 97 50 43 43 43 45 45 63 43 45 43 43 43 43 92 80 43 45 43 43 45 -1 48 -1 71 45 45 97 43 108 43 43 82 45 48 45 43 86 63 97 43 10 50 97 43 71 45 43 52 45 43 -1 63 86 63 43 45 82 45 45 10 97 68 86 43 86 45 43 43 50 63 45 68 17 97 45 43 43 58 43 104 43 45 63 82 63 104 68 
78 63 47 76 63 63 -1 66 50 58 63 76 63 76 63 50 63 63 66 50 58 63 92 -1 31 63 76 107 6 63 107 28 84 87 76 94 84 94 76 96 63 50 63 50 84 31 76 -1 107 58 23 76 76 63 82 84 64 28 47 6 63 81 76 -1 50 66 23 76 84 63 76 47 58 63 -1 57 -1 50 63 66 31 63 63 57 -1 59 59 76 23 76 76 50 63 76 6 63 6 96 94 76 58 63 76 63 76 63 76 63 76 59 
103 104 57 86 39 103 57 83 57 93 82 86 86 86 93 109 39 82 57 93 39 39 -1 88 39 57 39 93 57 72 104 39 57 39 57 83 92 80 100 -1 39 86 104 86 57 104 86 57 103 86 86 93 93 86 61 57 93 -1 72 86 57 22 57 92 72 97 86 104 109 86 86 57 57 86 57 -1 62 39 92 108 39 61 72 57 109 86 -1 57 57 57 57 96 22 -1 103 39 39 22 39 97 93 39 104 39 -1 92 88 93 104 -1 
78 60 13 38 63 63 74 70 62 13 63 13 90 -1 78 63 63 63 70 13 38 63 62 63 31 60 38 85 88 63 107 13 62 87 70 90 84 107 -1 96 63 13 78 86 88 31 -1 74 103 13 62 46 70 88 82 13 19 62 70 66 38 19 -1 -1 63 66 46 46 90 13 -1 13 90 63 -1 62 -1 13 70 70 31 49 13 62 74 46 13 46 -1 46 -1 96 63 51 74 60 13 49 13 46 38 63 70 13 67 63 38 63 13 90 
81 16 13 26 16 16 94 11 -1 11 63 -1 35 11 19 16 -1 95 26 8 8 -1 81 50 20 11 -1 11 31 63 81 20 8 21 8 -1 44 26 11 21 -1 11 81 16 32 81 66 13 11 81 8 108 32 16 81 26 19 32 20 66 81 81 8 16 34 35 8 66 32 11 11 35 20 43 50 39 13 -1 81 40 16 -1 13 35 55 26 13 81 50 8 35 50 63 19 35 16 13 11 11 16 11 16 87 13 81 26 38 69 11 66 
-1 25 45 85 80 42 74 70 19 48 63 19 42 76 -1 42 99 95 70 14 42 81 92 63 42 14 60 85 45 63 0 45 25 83 70 42 92 80 60 103 79 30 -1 41 48 42 76 70 42 70 19 76 70 60 61 70 19 92 70 85 -1 19 76 60 70 42 70 71 32 42 -1 42 70 45 63 92 70 81 -1 70 48 42 42 70 92 70 85 81 60 70 42 97 -1 19 81 60 97 14 19 14 60 0 70 0 30 63 60 30 19 85 
78 95 82 95 40 40 66 -1 66 11 82 7 82 82 25 40 40 95 66 11 82 40 97 66 82 7 77 82 82 82 95 82 25 83 70 77 44 95 11 40 -1 11 78 40 32 97 66 70 11 82 43 108 70 95 82 66 19 82 70 66 95 82 66 82 82 66 7 108 32 11 7 82 82 82 66 108 70 40 70 -1 40 77 -1 7 66 70 82 66 106 11 82 96 78 100 77 -1 82 7 11 40 7 40 70 82 108 77 82 66 -1 66 
103 16 31 37 -1 16 31 48 31 48 73 48 71 31 56 68 4 95 31 56 31 16 57 66 31 16 31 31 31 64 107 -1 48 31 71 71 48 -1 31 31 16 31 48 16 48 31 71 31 -1 48 31 71 31 48 82 31 48 31 31 31 53 56 31 107 48 48 65 71 31 48 52 -1 31 45 31 39 31 16 48 40 -1 48 31 33 68 31 31 33 31 48 31 96 48 31 37 31 39 45 31 16 49 16 103 48 45 31 82 37 48 68 
30 30 49 77 77 42 94 60 77 49 63 77 42 49 60 42 77 95 77 61 41 77 61 63 41 60 77 49 87 63 -1 45 60 87 42 77 48 94 60 77 77 30 -1 41 48 42 87 58 42 -1 77 87 41 60 61 49 48 87 49 87 -1 -1 77 60 42 42 77 87 94 30 58 42 58 45 63 61 49 -1 42 77 48 -1 49 77 94 42 87 -1 60 49 42 77 61 61 -1 60 49 49 94 77 49 30 87 94 30 63 60 30 77 94 
103 95 13 26 43 20 96 79 20 13 -1 13 20 -1 97 20 43 10 26 13 -1 39 61 63 20 79 20 72 31 63 41 20 20 72 20 20 72 26 106 31 79 20 20 20 72 31 76 13 103 13 20 108 31 106 -1 13 72 72 20 72 63 54 20 10 72 20 20 106 13 13 58 13 -1 10 63 72 13 13 42 -1 31 49 -1 72 55 20 13 72 106 20 72 96 63 72 98 20 13 72 20 97 49 43 106 13 106 26 -1 63 79 68 
103 25 57 77 33 35 57 -1 32 11 82 7 35 11 25 35 33 95 66 11 32 33 57 66 32 7 77 33 57 64 25 33 -1 -1 32 -1 44 94 11 33 77 11 35 32 32 97 66 57 44 97 32 66 32 44 61 57 19 -1 70 66 25 57 57 35 44 35 7 88 32 11 7 35 57 97 57 57 62 35 70 7 33 77 72 -1 68 33 75 33 57 32 35 50 57 33 35 79 97 7 11 97 7 33 70 32 52 77 88 33 11 68 
92 68 55 55 80 68 74 66 68 48 74 55 68 55 68 68 68 74 55 68 68 68 92 74 68 68 55 68 68 74 94 68 68 68 64 94 -1 94 76 68 68 68 48 68 36 68 76 74 44 55 68 76 68 44 82 -1 48 55 74 74 74 92 76 74 44 48 55 71 -1 68 55 55 90 68 -1 109 74 55 92 66 68 94 55 68 -1 90 55 57 74 55 68 68 36 109 68 68 74 68 94 76 53 68 70 68 68 74 76 68 55 68 
78 69 31 -1 16 12 59 70 20 27 63 27 -1 86 78 12 12 95 70 64 12 33 86 64 20 60 3 -1 90 64 107 27 53 27 12 12 53 3 100 31 16 20 12 86 53 31 -1 70 27 100 64 46 70 -1 82 70 64 72 70 -1 53 64 76 12 -1 12 46 46 90 12 -1 12 27 86 59 86 46 26 70 70 31 42 20 33 90 -1 -1 46 53 46 -1 64 78 27 35 3 59 65 20 46 -1 16 70 12 67 26 88 27 51 59 
103 43 13 85 43 43 59 13 43 13 73 13 85 -1 19 50 43 73 66 13 43 43 75 50 43 13 43 85 59 64 43 13 75 87 64 85 64 85 13 75 43 43 85 -1 64 73 85 13 103 13 43 85 43 85 82 13 64 75 43 -1 85 75 75 76 59 66 59 85 13 13 85 13 43 43 59 -1 13 13 85 82 31 87 13 75 55 -1 -1 -1 75 85 85 50 75 75 59 43 13 49 13 43 85 43 87 13 75 43 82 85 13 59 
81 81 57 85 33 103 57 66 57 33 76 81 81 86 99 68 33 95 66 81 72 33 57 66 33 57 81 33 57 72 81 33 57 -1 102 81 57 94 76 33 81 81 81 86 57 81 -1 57 81 81 86 46 57 81 81 57 72 -1 72 86 81 81 57 76 72 66 46 46 57 89 102 57 57 86 76 57 46 81 81 66 33 -1 72 33 57 46 -1 -1 57 46 57 86 57 33 81 81 86 57 94 46 81 33 -1 102 102 76 102 33 51 75 
78 53 47 85 53 53 28 66 50 31 63 76 53 76 57 50 53 63 66 50 31 39 57 -1 31 57 76 31 -1 63 104 28 57 83 76 83 53 80 76 31 53 31 45 50 53 31 67 -1 53 58 23 67 31 -1 106 47 53 -1 47 28 53 57 57 23 50 66 23 -1 31 53 76 67 57 45 23 57 -1 50 60 106 31 60 106 57 74 53 75 57 -1 67 28 50 57 75 28 60 28 57 31 67 53 53 106 53 67 63 -1 63 104 75 
69 69 55 26 69 69 66 11 -1 -1 69 9 69 11 19 50 69 95 -1 8 8 77 57 50 20 32 18 9 31 64 69 20 8 27 8 69 44 107 11 31 77 11 48 20 32 31 -1 55 9 9 8 46 32 69 61 18 19 32 20 66 32 19 8 69 34 48 8 46 32 -1 18 67 20 43 76 57 46 8 70 11 48 49 20 32 55 46 85 46 67 -1 69 50 69 19 98 20 13 49 69 46 49 69 70 32 67 26 38 69 11 66 
78 69 68 85 16 12 28 76 20 69 76 69 -1 76 97 12 12 76 76 20 12 16 57 76 20 68 20 72 -1 72 41 28 68 72 12 12 68 85 76 31 16 20 12 20 68 31 76 28 42 72 15 76 31 85 82 68 72 28 72 85 76 97 76 76 72 12 65 71 -1 12 76 12 -1 43 76 57 -1 35 42 82 31 42 72 35 68 -1 85 57 28 69 -1 50 76 72 68 20 28 72 20 76 85 16 76 12 45 76 76 15 69 68 
103 50 96 85 50 50 96 97 50 89 63 96 50 96 97 50 50 63 66 50 50 96 97 50 50 50 50 72 96 64 50 96 50 96 50 50 64 96 96 96 50 50 50 50 64 97 66 74 64 96 -1 66 50 50 96 96 64 50 50 64 63 97 50 50 50 97 50 88 50 50 50 50 64 50 50 96 96 50 97 96 96 77 96 50 68 64 50 86 50 50 50 -1 63 50 96 50 -1 96 50 97 85 50 103 96 96 63 88 50 96 64 
78 63 57 85 63 63 74 78 44 48 63 61 63 76 78 63 63 63 78 61 63 63 -1 63 57 63 105 107 57 63 78 57 44 83 78 63 -1 107 63 75 63 78 78 63 36 78 76 74 44 97 63 76 78 44 61 84 48 22 78 64 63 22 57 -1 44 97 63 76 44 63 78 57 57 63 63 22 63 63 -1 78 48 61 63 57 36 78 75 57 57 69 76 63 -1 75 68 63 97 22 69 78 53 78 78 63 75 63 63 63 104 75 
52 25 31 85 80 100 109 100 19 27 82 19 85 19 19 107 33 82 70 -1 19 33 75 50 31 19 100 -1 31 64 52 27 52 27 19 77 52 107 100 75 77 52 45 52 52 31 51 100 27 100 19 -1 -1 100 61 31 19 75 100 109 100 19 19 107 56 107 19 51 109 19 52 31 27 45 76 -1 51 19 19 100 31 61 72 33 109 27 75 33 75 19 72 50 75 -1 109 20 75 19 19 19 -1 33 70 52 52 100 100 27 51 -1 
103 81 68 37 80 103 -1 83 68 81 74 98 35 103 68 68 77 95 37 81 98 77 81 74 68 68 37 68 6 64 81 68 68 83 35 -1 68 -1 81 103 77 81 81 98 68 68 87 28 103 81 68 87 68 68 81 68 103 28 81 6 81 81 57 74 59 35 59 71 -1 98 103 35 90 68 6 103 74 35 81 77 37 -1 98 35 68 35 59 81 28 98 68 96 68 109 -1 37 6 81 -1 77 81 103 103 -1 81 37 103 37 98 68 
30 -1 31 -1 16 16 31 79 20 69 17 41 20 82 25 20 1 -1 26 20 -1 16 72 63 20 1 3 31 31 63 1 20 20 21 20 20 60 3 60 31 79 20 20 20 60 31 85 58 42 58 20 108 31 60 82 26 20 72 20 85 -1 81 20 60 72 20 20 71 31 1 58 20 20 17 63 39 60 16 60 -1 31 60 20 79 68 3 43 81 60 20 20 50 63 20 37 -1 39 72 20 16 58 16 70 16 30 26 60 30 79 68 
103 39 13 85 39 103 -1 97 91 13 82 13 97 -1 97 91 39 82 55 13 39 39 97 74 39 97 38 39 6 64 41 39 103 39 64 94 84 94 13 -1 39 13 97 86 64 97 76 13 97 13 91 76 39 85 82 13 19 13 49 6 38 97 76 74 59 97 59 71 13 13 76 13 97 97 6 39 13 13 97 82 39 49 13 97 74 59 13 86 28 13 28 -1 97 75 6 39 -1 -1 13 97 49 39 103 13 75 74 82 97 13 59 
78 25 45 72 99 65 96 -1 19 49 73 7 65 49 -1 65 99 73 66 14 72 96 -1 66 45 7 72 72 45 72 81 45 25 72 65 65 92 107 11 96 79 11 45 72 65 -1 99 58 65 -1 72 99 45 100 61 45 19 22 49 66 25 -1 57 92 72 -1 7 71 45 11 7 45 -1 45 96 22 49 11 14 7 45 49 72 7 68 65 49 57 57 49 72 96 22 19 81 72 -1 -1 11 -1 7 99 70 49 45 72 82 65 11 75 
103 69 13 26 43 69 94 11 20 11 82 -1 20 11 19 20 43 95 26 11 -1 77 61 50 20 11 20 11 31 69 41 20 20 27 20 94 94 94 11 31 77 11 20 20 94 31 89 58 11 11 20 108 31 69 82 13 19 72 20 94 38 19 20 69 72 20 11 71 94 -1 11 20 20 43 94 39 13 11 19 11 31 94 20 11 94 20 13 94 31 69 20 50 69 19 -1 20 13 11 -1 19 11 43 103 94 108 26 38 69 11 94 
78 16 71 85 16 16 97 97 19 89 63 19 16 76 -1 16 -1 95 66 14 43 16 97 66 43 14 77 85 87 63 16 97 25 21 16 77 92 80 76 21 16 43 78 16 32 97 -1 76 97 97 43 46 32 16 97 66 19 87 97 66 25 97 76 16 85 97 46 46 16 16 76 67 97 43 76 97 46 16 14 40 16 77 97 97 76 46 43 46 67 46 76 97 78 19 77 16 97 -1 19 -1 85 16 87 16 67 63 76 97 51 66 
78 25 49 85 53 53 85 -1 58 49 63 7 85 49 25 53 53 95 38 93 58 53 93 66 58 7 38 85 58 85 81 58 25 83 70 83 53 85 -1 93 79 11 81 58 53 97 85 58 49 -1 85 93 93 -1 81 38 85 72 -1 85 38 81 76 53 85 66 7 85 53 11 7 85 58 58 58 93 38 11 60 7 49 49 49 7 53 -1 85 81 53 49 85 85 53 -1 81 58 49 7 11 85 -1 53 70 49 93 38 38 85 11 93 
-1 16 103 77 16 16 103 25 77 69 63 77 16 103 78 16 -1 95 77 77 43 16 92 50 43 16 77 33 39 63 0 39 103 21 16 77 92 80 77 21 16 30 78 16 53 73 99 58 103 81 43 99 41 16 81 77 103 103 43 86 78 81 77 16 50 16 77 99 16 16 78 16 43 43 63 39 63 16 0 40 16 30 43 33 68 16 43 33 53 69 16 50 78 33 103 16 39 99 43 16 53 -1 103 0 30 63 103 30 77 68 
103 104 87 85 103 103 103 70 70 103 106 70 70 103 78 103 103 106 70 70 70 87 87 106 70 70 70 85 87 70 104 70 103 87 70 103 92 103 106 103 79 70 78 87 103 104 87 70 103 70 70 87 70 85 106 70 103 87 70 85 78 87 76 76 70 103 70 104 103 103 -1 104 70 104 76 104 70 87 70 70 103 87 106 70 70 70 87 -1 106 70 76 103 78 70 103 70 103 70 103 87 70 103 -1 -1 -1 70 -1 103 104 104 
-1 16 13 94 16 -1 94 13 32 48 63 13 5 -1 32 5 5 63 102 13 12 39 57 63 39 32 20 39 39 63 0 39 -1 39 12 94 44 94 13 -1 16 13 48 16 32 39 76 13 -1 13 15 76 32 5 82 13 48 32 49 86 32 94 32 5 44 48 32 104 32 5 102 12 57 43 63 39 13 13 0 82 48 94 13 32 68 12 13 102 53 32 12 96 63 52 -1 16 13 49 94 16 49 0 -1 -1 102 63 102 48 13 68 
30 30 45 85 30 103 45 70 52 108 73 108 45 86 97 107 30 73 70 93 41 75 75 88 45 30 41 45 45 107 -1 45 52 102 70 45 52 107 106 75 108 30 45 41 52 -1 67 88 45 81 43 108 -1 88 75 45 48 75 70 86 81 75 75 107 52 97 67 -1 45 30 52 45 75 45 76 -1 67 81 30 108 45 30 106 52 68 67 75 102 67 67 45 96 75 52 81 30 75 45 108 67 93 30 -1 102 -1 107 102 30 -1 75 
78 63 31 26 63 63 74 38 26 38 63 38 26 76 63 63 63 63 26 26 26 77 92 63 26 63 -1 107 31 63 107 26 26 77 26 77 92 26 26 31 77 26 26 26 63 31 76 74 107 58 63 76 31 63 82 26 64 72 26 64 63 81 76 -1 63 107 26 76 31 63 26 26 26 63 63 92 63 26 63 77 31 63 26 77 74 26 43 76 63 26 76 63 63 100 37 26 74 72 26 63 38 63 70 63 107 -1 38 63 38 64 
103 60 82 38 77 88 88 38 82 38 82 38 82 82 38 82 77 82 38 38 82 77 88 88 82 60 38 82 88 63 104 82 88 102 102 77 88 38 -1 103 82 38 78 82 88 104 76 88 103 82 88 76 102 88 82 38 38 88 82 82 38 82 76 60 82 82 88 88 82 38 102 88 82 82 76 88 38 38 60 82 82 60 -1 88 76 88 82 102 -1 38 76 88 63 100 103 60 82 82 38 76 38 103 -1 102 102 38 -1 63 38 88 
30 30 31 37 80 15 74 66 50 27 63 69 15 69 97 -1 15 63 66 56 15 33 92 63 31 30 37 -1 31 63 -1 27 48 27 15 15 48 -1 63 31 16 30 48 41 48 31 66 74 -1 27 15 93 31 15 81 31 48 72 72 66 63 81 76 -1 48 -1 65 104 15 -1 76 15 27 63 63 93 63 69 30 66 37 30 63 33 68 27 85 33 63 69 15 50 63 27 37 30 97 65 69 97 85 30 103 48 30 63 63 -1 69 68 
104 69 13 95 77 69 96 11 19 11 82 -1 69 11 19 69 77 95 38 11 41 77 104 66 41 11 38 11 104 63 104 104 104 27 19 77 48 95 11 104 79 11 104 41 48 104 51 13 11 11 19 -1 104 60 82 13 19 104 41 66 38 19 19 60 56 48 11 104 13 11 11 104 82 104 76 104 13 11 19 -1 48 77 79 11 55 51 13 51 104 11 69 96 104 51 98 79 13 11 11 51 11 77 104 13 -1 38 38 69 -1 93 
103 68 68 85 80 68 59 66 66 93 64 93 68 68 93 68 68 95 66 93 68 75 75 66 68 68 66 93 59 64 104 68 68 93 64 94 68 94 100 75 68 93 68 86 68 68 66 68 68 100 64 93 93 68 75 68 64 75 100 -1 68 75 75 64 59 66 59 104 -1 68 85 68 64 68 59 -1 90 66 85 66 68 94 68 68 68 59 59 75 75 66 68 64 75 -1 68 68 59 75 94 66 93 68 104 68 75 64 88 68 93 -1 
