90
4 15
-1 62 60 63 62 62 66 -1 7 58 62 84 -1 62 84 35 36 62 12 88 68 67 88 61 58 62 88 63 88 42 62 84 12 32 62 -1 7 66 42 66 61 61 7 66 62 62 63 12 88 62 62 61 60 62 66 61 35 61 35 66 12 -1 -1 -1 88 84 -1 7 32 84 88 61 61 8 66 8 61 61 61 61 8 84 84 62 -1 12 8 35 -1 35 
62 -1 62 63 49 -1 -1 48 48 58 5 49 62 70 84 58 73 62 46 50 68 45 50 46 52 44 50 46 50 6 50 57 68 10 44 62 62 10 70 59 85 62 48 72 -1 44 44 29 -1 -1 -1 44 44 62 50 52 52 48 44 46 63 57 -1 -1 63 10 6 62 -1 58 -1 10 44 48 50 10 58 6 49 45 49 50 84 62 6 63 73 62 48 48 
60 62 -1 55 49 33 84 42 42 21 33 38 60 -1 -1 56 55 38 53 81 78 -1 33 55 55 33 33 55 55 42 38 55 33 -1 13 60 47 33 -1 59 47 33 38 55 34 21 53 33 42 38 38 55 55 -1 55 -1 55 33 21 13 -1 41 53 60 60 53 33 21 33 53 13 33 41 55 21 33 33 63 14 38 21 -1 81 60 14 55 33 38 53 60 
63 63 55 -1 63 63 63 60 60 55 55 55 60 55 55 56 55 55 60 71 68 55 55 55 55 55 55 55 55 60 55 55 60 55 55 60 55 66 55 59 85 55 60 55 55 55 63 60 60 63 63 55 55 55 55 -1 55 55 55 55 -1 55 63 -1 60 55 63 60 63 55 63 55 55 55 85 55 55 63 83 55 55 55 75 60 63 63 64 77 63 60 
62 49 49 63 -1 49 49 62 80 74 62 49 62 59 78 58 50 49 49 50 68 67 50 54 52 49 50 50 50 49 50 62 68 50 49 62 49 50 49 59 78 49 49 59 49 49 49 49 49 -1 -1 49 49 62 50 50 52 62 49 50 63 62 50 49 50 62 49 62 49 62 49 50 49 49 50 49 49 49 49 49 49 50 84 62 49 63 50 49 50 49 
62 -1 33 63 49 -1 1 48 75 51 -1 49 33 70 33 66 75 62 46 37 68 33 33 46 52 10 50 46 50 6 50 57 33 10 44 47 47 10 70 66 47 33 48 71 1 44 44 33 1 1 1 25 44 62 66 33 52 33 44 66 63 71 1 1 63 10 10 62 1 41 1 10 44 48 50 10 33 6 49 41 71 33 75 62 6 63 33 71 48 48 
66 -1 84 63 49 1 -1 42 42 58 66 84 47 44 84 66 77 62 46 66 68 45 47 46 52 44 50 46 50 -1 50 84 68 47 44 47 77 66 42 66 47 72 29 66 -1 44 44 29 1 1 1 44 44 46 66 52 52 29 44 66 42 77 1 1 88 84 -1 62 1 84 1 66 44 48 66 66 58 -1 84 45 58 84 84 52 -1 63 42 77 77 48 
-1 48 42 60 62 48 42 -1 -1 67 62 36 0 42 84 35 36 36 12 80 75 67 47 61 55 62 88 64 36 42 42 36 12 47 42 0 -1 66 42 66 47 36 -1 75 42 67 63 36 42 36 62 55 60 62 66 36 35 42 80 66 42 0 0 0 8 73 0 -1 32 84 42 61 41 8 42 8 42 36 36 36 8 86 75 60 0 12 8 36 0 35 
7 48 42 60 80 75 42 -1 -1 80 75 80 7 42 42 80 73 75 12 80 75 80 86 86 80 75 80 64 73 42 42 73 86 86 80 7 7 75 42 75 86 73 -1 75 80 80 64 36 42 80 42 64 60 73 80 64 60 42 80 75 42 7 7 7 -1 73 7 7 75 80 42 80 64 -1 86 -1 42 36 75 42 -1 86 75 60 7 86 -1 75 64 75 
58 58 21 55 74 51 58 67 80 -1 51 78 67 21 78 58 55 67 58 81 78 -1 33 55 58 51 58 55 55 58 74 55 33 21 58 58 55 81 21 69 78 69 38 55 58 21 58 78 58 78 74 -1 55 21 58 51 55 33 -1 74 21 78 67 85 86 51 58 21 78 58 21 76 51 86 -1 78 58 58 -1 58 21 -1 81 78 69 74 81 58 81 80 
62 5 33 55 62 -1 66 62 75 51 -1 62 33 33 33 66 75 62 33 37 75 33 33 66 52 -1 33 46 75 47 62 57 33 -1 44 47 47 -1 33 66 47 33 75 71 25 44 44 33 5 5 62 25 44 62 66 33 66 33 44 66 33 71 -1 5 75 -1 -1 62 5 41 5 -1 41 65 66 -1 33 66 75 41 71 33 75 62 65 86 33 71 37 75 
84 49 38 55 49 49 84 36 80 78 62 -1 67 38 78 80 36 -1 67 80 78 80 38 55 80 49 70 38 36 42 38 84 38 38 38 84 17 80 -1 84 78 17 38 75 49 79 38 36 42 -1 38 78 83 38 80 38 55 84 80 38 38 41 17 49 80 84 84 17 49 84 38 80 41 80 38 17 38 36 -1 38 -1 38 84 78 -1 78 80 17 70 80 
-1 62 60 60 62 33 47 0 7 67 33 67 -1 60 60 35 47 67 -1 88 68 67 33 85 60 33 68 46 47 47 85 84 -1 32 46 0 47 66 60 59 47 33 60 59 46 67 18 -1 60 62 62 60 60 46 66 60 60 33 35 46 -1 0 0 0 60 84 0 -1 32 84 88 61 41 86 85 67 33 47 47 41 67 60 84 60 0 -1 85 67 0 35 
62 70 -1 55 59 70 44 42 42 21 33 38 60 -1 2 66 55 62 53 59 68 2 33 53 55 44 59 53 59 42 38 55 33 2 -1 60 47 66 2 59 47 33 38 59 34 21 53 33 70 70 59 55 44 -1 59 2 55 33 44 -1 2 41 53 53 60 53 59 21 53 53 -1 59 59 65 59 59 33 88 14 38 21 2 81 60 14 74 33 59 53 70 
84 84 -1 55 78 33 84 84 42 78 33 78 60 2 -1 56 55 78 53 81 78 2 33 55 55 33 33 55 55 84 38 84 33 2 13 60 47 33 2 84 78 33 38 55 84 21 53 33 84 78 38 55 55 2 55 2 55 84 78 13 2 78 53 60 60 84 84 21 78 84 13 78 41 84 78 78 78 84 -1 38 21 2 84 78 -1 78 33 78 53 60 
35 58 56 56 58 66 66 35 80 58 66 80 35 66 56 -1 56 87 35 66 75 58 47 56 58 58 58 56 56 47 56 56 35 47 58 -1 77 66 76 87 47 69 60 56 58 58 58 35 88 58 58 56 56 69 58 56 -1 56 -1 66 35 77 35 77 60 66 -1 87 57 58 88 87 58 56 58 66 58 -1 58 58 58 58 75 56 35 77 47 -1 77 35 
36 73 55 55 50 75 77 36 73 55 75 36 47 55 55 56 -1 36 47 28 75 55 28 55 55 55 28 55 -1 47 55 -1 47 47 55 47 -1 75 79 59 47 79 36 55 55 79 55 36 73 36 28 55 55 55 28 -1 55 31 79 28 55 55 36 55 55 73 75 36 28 79 28 55 55 -1 55 -1 79 36 75 -1 73 55 75 55 31 55 73 36 28 75 
62 62 38 55 49 62 62 36 75 67 62 -1 67 62 78 87 36 -1 67 80 75 67 41 61 55 62 62 72 36 47 38 36 41 41 62 47 -1 62 11 87 47 -1 36 75 62 67 62 36 62 11 62 72 62 62 61 36 87 62 69 72 67 41 -1 62 75 41 62 -1 62 41 38 87 41 36 38 -1 38 36 11 41 11 82 75 62 11 67 41 -1 62 75 
12 46 53 60 49 46 46 12 12 58 33 67 -1 53 53 35 47 67 -1 59 68 67 33 46 52 46 59 46 59 47 46 68 12 32 46 12 47 66 46 59 47 33 60 59 46 46 -1 12 46 46 46 46 46 46 46 46 52 68 46 46 12 12 12 46 46 53 12 12 46 53 46 59 46 65 59 59 33 63 47 46 58 53 84 60 12 12 85 59 12 35 
88 50 81 71 50 37 66 80 80 81 37 80 88 59 81 66 28 80 59 -1 68 80 26 54 80 37 -1 88 26 66 50 28 68 26 59 88 88 -1 70 59 71 71 80 71 80 80 59 33 88 80 26 81 68 88 26 71 66 68 80 26 81 71 37 88 88 37 37 80 26 80 26 -1 59 80 59 37 71 88 76 76 -1 -1 81 62 80 86 81 71 -1 80 
68 68 78 68 68 68 68 75 75 78 75 78 68 68 78 75 75 75 68 68 -1 78 68 68 68 75 68 68 68 68 68 68 68 68 68 89 75 75 78 68 78 75 75 75 68 68 68 78 68 68 68 78 68 68 68 75 68 68 78 68 83 68 68 68 75 75 75 75 -1 68 68 75 75 75 78 -1 78 68 -1 75 75 78 75 78 68 78 75 75 68 75 
67 45 -1 55 67 33 45 67 80 -1 33 80 67 2 2 58 55 67 67 80 78 -1 33 55 55 45 80 55 55 42 38 55 33 2 13 60 67 80 2 59 78 33 38 55 45 -1 45 33 89 80 67 9 45 2 58 2 55 33 9 13 2 80 67 60 60 53 33 -1 33 53 13 80 45 80 9 67 33 45 9 45 -1 2 81 60 14 67 33 67 53 80 
88 50 33 55 50 33 47 47 86 33 33 38 33 33 33 47 28 41 33 26 68 33 -1 54 55 33 -1 50 26 47 50 57 33 -1 33 47 47 26 33 59 47 33 38 59 33 33 59 33 57 50 26 33 57 33 26 33 55 33 54 26 33 41 33 50 86 33 33 33 26 41 26 26 41 86 59 33 33 88 76 41 26 26 75 57 57 86 33 41 26 47 
61 46 55 55 54 46 46 61 86 55 66 55 85 53 55 56 55 61 46 54 68 55 54 -1 55 46 54 46 54 61 46 55 68 55 46 61 55 66 55 59 61 61 55 55 46 46 -1 61 61 46 54 55 55 46 -1 -1 55 61 54 46 55 -1 53 46 46 53 54 85 46 53 54 61 46 55 85 55 58 61 61 55 58 55 75 55 61 -1 85 71 53 61 
58 52 55 55 52 52 52 55 80 58 52 80 60 55 55 58 55 55 52 80 68 55 55 55 -1 52 58 55 55 57 55 55 55 55 52 58 55 66 55 69 76 69 60 55 52 52 52 55 57 52 52 55 -1 55 58 -1 52 52 -1 55 52 55 57 55 55 55 58 55 57 58 52 55 52 55 58 55 58 58 58 58 58 55 75 52 57 55 55 58 55 80 
62 44 33 55 49 10 44 62 75 51 -1 49 33 44 33 58 55 62 46 37 75 45 33 46 52 -1 33 46 55 44 46 55 33 10 44 47 47 10 33 59 47 33 44 55 -1 44 44 33 44 44 44 -1 44 46 58 51 52 33 44 46 52 71 10 44 46 10 10 62 44 58 44 10 44 65 51 10 33 44 51 45 58 51 75 52 44 46 33 71 37 75 
88 50 33 55 50 50 50 88 80 58 33 70 68 59 33 58 28 62 59 -1 68 80 -1 54 58 33 -1 50 -1 68 50 28 68 22 59 88 28 19 70 59 47 33 70 59 50 50 59 33 70 50 -1 72 68 88 -1 28 55 68 54 -1 88 54 50 50 88 88 54 62 -1 58 -1 19 59 28 59 28 33 88 68 28 19 19 81 62 68 54 33 59 -1 70 
63 46 55 55 50 46 46 64 64 55 46 38 46 53 55 56 55 72 46 88 68 55 50 46 55 46 50 -1 55 42 -1 55 68 55 46 64 55 66 30 59 61 72 38 55 46 46 -1 46 88 38 30 55 55 46 46 -1 55 55 46 46 64 46 50 46 -1 53 59 46 46 53 38 55 -1 55 30 55 38 63 38 38 64 55 75 55 38 46 64 56 64 64 
88 50 55 55 50 50 50 36 73 55 75 36 47 59 55 56 -1 36 59 26 68 55 26 54 55 55 -1 55 -1 47 50 16 68 26 59 47 16 26 70 59 47 79 36 55 50 79 59 36 70 50 26 55 55 88 26 16 55 31 54 26 55 54 50 50 88 73 54 36 26 58 26 26 59 16 59 16 79 36 68 16 26 26 75 55 31 54 73 36 26 75 
42 6 42 60 49 6 -1 42 42 58 47 42 47 42 84 47 47 47 47 66 68 42 47 61 57 44 68 42 47 -1 42 57 47 47 44 47 47 66 42 66 47 47 -1 57 6 44 44 -1 42 6 6 44 57 62 66 57 57 -1 44 66 42 57 57 6 42 84 6 42 57 84 6 61 44 42 42 42 42 6 47 42 42 42 84 57 6 47 42 77 48 47 
62 50 38 55 50 50 50 42 42 74 62 38 85 38 38 56 55 38 46 50 68 38 50 46 55 46 50 -1 50 42 -1 55 38 38 38 60 38 50 -1 74 76 72 38 55 46 79 27 38 42 38 -1 55 55 38 50 27 55 62 74 74 38 46 50 46 27 53 74 62 46 53 38 76 27 42 -1 38 38 50 38 38 38 38 81 62 38 74 64 38 50 48 
84 57 55 55 62 57 84 36 73 55 57 84 84 55 84 56 -1 36 68 28 68 55 57 55 55 55 28 55 16 57 55 -1 57 57 57 84 16 57 79 84 61 57 57 55 57 79 68 36 57 84 62 55 57 62 28 16 55 -1 79 28 57 57 57 84 55 84 84 62 57 84 57 61 55 16 55 16 57 36 84 16 84 84 84 57 -1 55 57 36 57 57 
12 68 33 60 68 33 68 12 86 33 33 38 -1 33 33 35 47 41 12 68 68 33 33 68 55 33 68 68 68 47 38 57 -1 -1 33 12 47 33 33 68 47 33 60 55 68 33 68 12 57 68 68 33 57 33 68 33 55 33 76 68 12 12 12 12 60 33 12 12 -1 41 68 33 41 86 85 33 33 47 68 41 33 33 75 60 12 12 33 41 12 35 
32 10 -1 55 50 10 47 47 86 21 -1 38 32 2 2 47 47 41 32 26 68 2 -1 55 55 10 22 55 26 47 38 57 -1 -1 13 47 47 10 2 69 47 -1 38 55 25 21 53 -1 57 10 26 25 57 2 26 2 55 -1 76 13 2 41 10 60 86 10 10 21 32 41 13 10 41 86 86 10 -1 47 76 41 21 2 75 57 57 86 -1 41 26 47 
62 44 13 55 49 44 44 42 80 58 44 38 46 -1 13 58 55 62 46 59 68 13 33 46 52 44 59 46 59 44 38 57 33 13 -1 58 77 44 13 59 76 72 38 59 -1 44 44 33 44 44 44 44 44 13 58 13 52 52 44 13 13 46 44 44 46 53 44 21 44 53 13 44 44 48 59 44 58 44 14 45 58 13 81 52 44 46 33 58 53 48 
-1 62 60 60 62 47 47 0 7 58 47 84 0 60 60 -1 47 47 12 88 89 60 47 61 58 47 88 64 47 47 60 84 12 47 58 -1 47 66 60 87 47 47 60 89 58 58 63 -1 89 62 62 56 60 60 58 56 15 47 15 66 -1 0 0 0 60 84 0 7 32 58 88 61 47 89 58 89 47 15 47 58 89 60 84 60 0 12 47 15 0 -1 
7 62 47 55 49 47 77 -1 7 55 47 17 47 47 47 77 -1 -1 47 88 75 67 47 55 55 47 28 55 16 47 38 16 47 47 77 47 -1 47 17 87 47 17 7 55 77 79 77 -1 42 17 62 55 55 62 28 16 55 31 77 28 42 77 17 77 8 41 7 7 28 41 88 77 41 16 85 16 47 -1 17 16 8 47 75 62 7 47 8 17 77 47 
66 10 33 66 50 10 66 66 75 81 -1 80 66 66 33 66 75 62 66 -1 75 80 26 66 66 10 19 66 26 66 50 57 33 10 44 66 47 -1 33 66 47 33 66 66 25 44 66 33 88 10 26 25 44 62 66 33 66 33 66 66 33 66 10 66 88 10 -1 62 26 41 26 10 66 65 66 10 33 66 75 41 19 19 75 62 65 66 33 66 19 75 
42 70 -1 55 49 70 42 42 42 21 33 -1 60 2 2 76 79 11 46 70 78 2 33 55 55 33 70 30 70 42 -1 79 33 2 13 60 17 33 -1 59 76 79 -1 55 70 79 30 33 42 11 30 55 55 2 70 2 55 33 76 13 2 76 17 60 30 53 33 17 70 53 -1 76 30 42 30 17 -1 88 11 -1 11 2 81 60 11 74 33 17 70 48 
66 59 59 59 59 66 66 66 75 69 66 84 59 59 84 87 59 87 59 59 68 59 59 59 69 59 59 59 59 66 74 84 68 69 59 87 87 66 59 -1 69 69 59 59 59 59 59 69 70 84 59 72 59 69 59 59 87 84 69 -1 59 69 69 59 59 69 59 87 59 -1 59 87 59 69 59 59 69 87 69 69 69 59 84 69 69 74 69 -1 59 75 
61 85 47 85 78 47 47 47 86 78 47 78 47 47 78 47 47 47 47 71 78 78 47 61 76 47 47 61 47 47 76 61 47 47 76 47 47 47 76 69 -1 61 47 71 76 79 61 -1 61 78 62 78 61 47 61 61 47 61 76 85 47 -1 61 85 86 61 61 47 61 61 76 61 61 86 85 78 -1 61 -1 76 71 78 78 78 61 -1 85 71 61 47 
61 62 33 55 49 33 72 36 73 69 33 17 33 33 33 69 79 -1 33 71 75 33 33 61 69 33 33 72 79 47 72 57 33 -1 72 47 17 33 79 69 61 -1 79 72 72 79 61 33 57 17 62 72 57 65 61 33 55 33 69 72 33 -1 17 61 72 -1 33 17 33 -1 79 61 -1 65 72 17 33 61 17 -1 17 33 75 62 65 61 33 17 61 75 
7 48 38 60 49 48 29 -1 -1 38 75 38 60 38 38 60 36 36 60 80 75 38 38 55 60 44 70 38 36 -1 38 57 60 38 38 60 7 66 -1 59 47 79 -1 75 29 79 63 29 -1 38 38 55 60 38 66 38 60 29 76 38 -1 7 7 60 8 73 7 7 48 53 38 76 38 8 38 8 38 29 38 38 8 38 75 60 7 60 8 36 48 48 
66 72 55 55 59 71 66 75 75 55 71 75 59 59 55 56 55 75 59 71 75 55 59 55 55 55 59 55 55 57 55 55 55 55 59 89 55 66 55 59 71 72 75 -1 72 72 59 55 89 72 59 55 55 55 55 -1 55 55 55 -1 55 71 71 55 55 71 59 75 59 59 59 -1 -1 55 59 -1 71 71 75 55 71 55 75 55 82 55 75 71 59 75 
62 -1 34 55 49 1 -1 42 80 58 25 49 46 34 84 58 55 62 46 80 68 45 33 46 52 -1 50 46 50 6 46 57 68 25 -1 58 77 25 70 59 76 72 29 72 -1 -1 -1 29 1 1 1 25 -1 46 58 52 52 52 -1 46 52 46 1 1 46 25 6 45 1 58 1 25 -1 48 58 25 58 6 58 45 58 58 84 52 6 46 33 58 48 48 
62 44 21 55 49 44 44 67 80 21 44 79 67 21 21 58 79 67 46 80 68 -1 33 46 52 44 50 46 79 44 79 79 33 21 44 58 79 44 79 59 79 79 79 72 -1 -1 44 33 44 44 44 21 44 21 58 21 52 52 44 46 21 79 44 44 46 79 44 21 44 58 44 79 44 79 21 79 79 44 21 -1 21 21 79 52 44 46 33 58 48 80 
63 44 53 63 49 44 44 63 64 58 44 38 18 53 53 58 55 62 -1 59 68 45 59 -1 52 44 59 -1 59 44 27 68 68 53 44 63 77 66 30 59 61 61 63 59 -1 44 -1 18 44 44 30 44 44 -1 23 23 52 68 44 -1 63 23 53 -1 27 53 59 18 -1 53 44 59 27 65 59 59 58 63 68 45 58 53 75 52 44 23 64 59 53 48 
12 29 33 60 49 33 29 36 36 78 33 36 -1 33 33 35 36 36 12 33 78 33 33 61 55 33 33 46 36 -1 38 36 12 -1 33 -1 -1 33 33 69 -1 33 29 55 29 33 18 -1 42 29 29 33 57 33 33 33 35 29 35 33 12 40 12 12 60 33 12 12 32 41 29 33 41 36 85 33 33 36 40 36 89 33 75 60 12 12 33 35 12 35 
88 -1 42 60 49 1 1 42 42 58 5 42 60 70 84 88 73 62 46 88 68 89 57 61 57 44 70 88 70 42 42 57 57 57 44 89 42 88 42 70 61 57 -1 89 1 44 44 42 -1 1 1 44 57 88 70 57 57 -1 44 70 42 57 1 1 88 73 6 42 1 84 -1 61 44 -1 42 89 42 88 42 42 89 86 84 57 57 63 73 88 -1 -1 
62 -1 38 63 -1 1 1 36 80 78 5 -1 62 70 78 58 36 11 46 80 68 80 50 46 52 44 50 38 50 6 38 84 68 10 44 62 17 10 11 84 78 17 38 72 1 44 44 29 1 -1 1 44 44 62 50 38 52 48 44 46 63 41 1 1 63 84 6 17 1 84 1 80 44 48 38 17 38 6 11 38 11 38 84 62 11 63 73 17 48 48 
62 -1 38 63 -1 1 1 62 42 74 62 38 62 59 38 58 28 62 46 26 68 67 26 54 52 44 -1 30 26 6 -1 62 68 26 44 62 62 26 30 59 62 62 38 59 1 44 30 29 1 1 -1 44 44 62 26 30 52 62 44 26 63 62 -1 1 30 62 6 62 1 62 1 26 30 48 30 62 38 6 83 38 26 26 75 62 6 63 33 62 26 48 
61 44 55 55 49 25 44 55 64 -1 25 78 60 55 55 56 55 72 46 81 78 9 33 55 55 -1 72 55 55 44 55 55 33 25 44 56 55 25 55 72 78 72 55 55 25 21 44 33 44 44 44 -1 55 55 55 -1 55 55 9 72 55 55 25 55 55 25 25 21 44 58 44 25 -1 55 9 25 58 44 9 55 21 9 81 55 44 55 81 56 55 75 
60 44 55 55 49 44 44 60 60 55 44 83 60 44 55 56 55 62 46 68 68 45 57 55 -1 44 68 55 55 57 55 57 57 57 44 60 55 44 55 59 61 57 60 55 -1 44 44 57 57 44 44 55 -1 46 55 -1 -1 -1 24 46 -1 57 57 60 60 84 44 60 57 58 44 55 44 55 55 55 57 44 83 45 58 55 84 -1 57 55 57 56 57 57 
62 62 -1 55 62 62 46 62 73 21 62 38 46 -1 2 69 55 62 46 88 68 2 33 46 55 46 88 46 88 62 38 62 33 2 13 60 62 62 2 69 47 65 38 55 46 21 -1 33 88 62 62 55 46 -1 46 2 55 62 69 13 2 46 -1 46 88 -1 59 62 46 -1 13 62 46 65 59 62 33 88 14 38 21 2 81 62 65 46 33 62 -1 88 
66 50 55 55 50 66 66 66 80 58 66 80 66 59 55 58 28 61 46 26 68 58 26 -1 58 58 -1 46 26 66 50 28 68 26 58 58 28 66 70 59 61 61 66 55 58 58 23 33 70 50 26 55 55 46 -1 23 55 61 -1 26 55 23 50 46 88 66 -1 58 26 58 26 26 58 28 58 66 58 58 58 58 58 26 75 55 66 23 85 58 26 80 
61 52 -1 -1 50 33 52 36 64 51 33 38 60 2 2 56 -1 36 46 71 75 2 33 -1 -1 51 28 -1 16 57 27 16 33 2 13 56 16 33 2 59 61 33 38 -1 52 21 23 33 57 38 30 -1 -1 2 23 -1 -1 52 24 43 2 23 53 3 27 53 54 21 46 53 13 43 27 16 30 16 33 36 14 16 21 2 75 52 14 23 33 56 53 75 
35 52 55 55 52 52 52 35 60 55 66 55 60 55 55 -1 55 87 52 66 68 55 55 55 52 52 55 55 55 57 55 55 55 55 52 15 55 66 55 87 47 55 60 55 52 52 52 35 57 52 52 55 -1 55 55 -1 -1 52 15 55 52 55 57 55 55 55 15 55 57 58 52 55 52 55 55 55 58 15 83 55 58 55 75 52 57 55 55 15 77 35 
61 48 33 55 62 33 29 42 42 33 33 84 33 33 84 56 31 62 68 68 68 33 33 61 52 33 68 55 31 -1 62 -1 33 -1 52 47 31 33 33 84 61 33 29 55 52 52 68 29 -1 48 62 55 -1 62 61 52 52 -1 52 68 52 -1 -1 48 60 84 29 62 -1 84 48 61 41 48 62 31 33 61 61 31 71 33 84 52 -1 61 33 62 48 48 
35 44 21 55 49 44 44 80 80 -1 44 80 35 44 78 -1 79 69 46 80 78 9 54 54 -1 44 54 46 54 44 74 79 76 76 44 15 77 66 76 69 76 69 76 55 -1 44 44 35 44 44 44 9 24 69 -1 24 15 52 -1 46 35 54 44 44 80 69 15 21 44 -1 44 76 44 79 9 79 -1 15 9 -1 -1 9 81 52 69 54 76 15 54 80 
66 46 13 55 50 66 66 66 75 74 66 38 46 -1 13 66 28 72 46 26 68 13 26 46 55 46 -1 46 26 66 74 28 68 13 13 66 28 66 13 -1 85 72 38 -1 46 46 -1 33 70 46 26 72 46 13 26 43 55 68 46 -1 13 46 50 46 46 53 -1 21 26 39 13 43 -1 28 -1 43 71 63 74 72 26 13 75 52 66 74 85 39 26 75 
12 63 -1 -1 63 63 42 42 42 21 33 38 -1 2 2 35 55 67 12 81 83 2 33 55 52 52 88 64 55 42 38 57 12 2 13 -1 42 33 2 59 47 33 -1 55 52 21 63 12 42 63 63 55 -1 2 55 2 52 52 35 13 -1 12 83 -1 -1 53 12 12 32 53 13 33 52 42 85 42 33 63 83 38 21 2 81 -1 12 12 64 35 64 35 
-1 57 41 55 62 71 77 0 7 78 71 41 0 41 78 77 55 41 12 71 68 80 41 -1 55 71 54 46 54 57 46 57 12 41 46 0 77 66 76 69 -1 -1 7 71 46 79 23 40 57 41 62 55 57 46 23 23 55 -1 54 46 12 -1 0 0 88 41 0 7 57 41 57 -1 41 57 85 41 40 -1 40 41 71 71 84 57 0 23 41 71 0 35 
-1 -1 53 63 50 1 1 0 7 67 -1 17 0 53 53 35 36 -1 12 37 68 67 33 53 57 10 50 50 50 57 50 57 12 10 44 0 17 10 17 69 61 17 7 71 1 44 53 12 1 1 -1 25 57 -1 50 53 57 -1 44 50 83 0 -1 0 83 10 0 -1 1 53 1 10 41 48 50 10 33 6 83 41 17 53 75 -1 0 12 33 17 0 35 
-1 -1 60 -1 49 1 1 0 7 85 5 49 0 53 60 77 55 62 46 88 68 60 50 46 55 44 50 46 50 6 46 84 12 60 44 0 77 66 60 59 85 61 60 55 1 44 -1 12 1 1 1 55 60 46 46 3 55 48 44 46 -1 0 0 -1 60 53 0 7 1 53 1 61 44 48 85 8 85 -1 83 45 8 60 84 60 0 -1 85 77 0 35 
88 63 60 60 50 63 88 8 -1 86 75 80 60 60 60 60 55 75 46 88 75 60 86 46 55 46 88 -1 88 42 27 55 60 86 46 60 8 88 30 59 86 72 8 55 46 46 27 60 88 63 30 55 60 88 88 27 55 60 80 46 -1 88 83 60 -1 73 88 8 46 88 88 80 27 8 30 8 86 88 83 38 8 86 75 60 88 86 -1 88 -1 60 
84 10 53 55 62 10 84 73 73 51 -1 84 84 53 84 66 73 41 53 37 75 53 33 53 55 10 88 53 73 84 53 84 33 10 53 84 41 10 53 69 61 -1 73 71 25 79 53 33 73 84 62 25 84 -1 66 53 55 84 69 53 53 41 10 53 73 -1 10 41 53 41 53 10 41 -1 59 10 33 61 84 41 71 53 84 62 -1 86 73 41 53 73 
-1 6 33 63 49 10 -1 0 7 58 -1 84 0 59 84 -1 75 62 12 37 75 33 33 54 58 10 54 59 54 6 74 84 12 10 44 0 7 -1 33 59 61 33 7 59 6 44 59 12 6 6 6 25 44 59 -1 54 15 29 15 -1 12 0 0 0 88 10 -1 7 6 58 6 10 59 65 59 10 33 6 58 58 37 37 75 62 0 12 33 15 0 35 
7 62 21 60 62 62 62 -1 7 21 62 17 -1 21 21 87 36 -1 12 80 75 -1 33 85 55 62 62 46 36 42 62 62 12 21 21 7 7 62 17 87 47 17 7 75 45 21 18 12 42 17 62 21 60 62 58 21 55 62 21 21 12 7 -1 7 8 41 7 -1 32 41 62 62 41 8 21 17 33 36 17 41 21 21 75 62 7 12 8 17 7 75 
32 -1 33 63 49 1 1 32 75 78 5 49 32 53 78 57 28 62 46 26 -1 33 26 46 57 44 -1 46 26 57 46 57 -1 32 44 32 28 26 70 59 61 33 48 59 1 44 -1 32 1 1 1 44 57 46 26 46 57 -1 44 26 32 57 1 1 46 53 6 32 -1 53 1 26 44 48 59 20 33 6 20 28 26 26 75 57 57 32 33 59 26 48 
84 58 53 55 62 41 84 84 80 58 41 84 84 53 84 58 79 41 53 80 68 53 41 53 58 58 58 53 58 84 53 84 41 41 53 58 41 41 53 -1 61 -1 53 59 58 58 53 41 84 84 62 58 58 -1 58 53 58 84 -1 39 53 41 53 53 88 41 58 41 53 -1 53 61 41 65 58 41 58 58 58 41 58 53 84 62 -1 53 41 39 53 80 
88 -1 13 63 49 1 1 42 42 21 5 38 88 -1 13 88 28 38 46 26 68 13 26 54 52 44 -1 38 26 6 38 57 68 13 13 88 88 26 -1 59 76 79 38 59 1 44 44 29 -1 1 1 44 44 13 26 13 52 48 44 13 13 57 1 1 88 53 6 62 1 53 -1 26 44 48 38 89 38 88 38 38 26 13 81 62 6 63 73 88 -1 48 
61 10 33 55 50 10 66 61 80 76 -1 80 61 59 78 87 55 87 59 -1 75 80 26 61 55 10 19 55 26 61 76 61 33 10 44 61 77 10 76 87 61 61 76 -1 25 79 59 33 61 80 26 25 55 62 26 43 55 61 76 43 33 -1 10 61 80 10 10 62 26 61 26 -1 43 65 59 10 -1 61 76 76 -1 19 75 62 61 61 33 -1 19 80 
61 44 41 55 49 44 44 41 64 51 41 41 41 59 41 58 55 41 46 59 75 45 41 46 52 44 59 -1 59 44 27 55 41 41 44 47 41 66 30 59 61 -1 38 -1 -1 44 27 41 44 44 30 -1 44 46 58 27 52 41 44 -1 52 41 41 44 27 41 59 41 44 41 44 43 -1 65 59 43 41 44 51 41 58 51 75 52 44 74 41 41 59 75 
8 48 55 55 49 48 48 8 -1 86 65 80 86 65 84 56 -1 36 65 80 75 80 86 55 55 65 28 55 16 42 42 16 86 86 48 89 16 65 42 69 86 65 8 55 48 79 65 36 -1 48 48 55 55 65 28 16 55 48 79 28 42 57 48 48 8 -1 65 8 48 65 48 65 65 -1 86 8 79 36 75 16 8 86 75 55 65 86 -1 36 48 48 
66 50 21 85 50 50 66 42 86 -1 66 38 85 59 78 58 55 38 59 59 78 9 59 85 58 51 59 30 59 42 -1 55 85 86 59 58 85 66 30 59 85 72 38 59 58 21 59 85 42 38 30 9 55 59 58 30 55 62 9 -1 85 85 50 85 30 59 59 21 59 58 38 59 59 86 -1 59 38 85 9 38 21 9 81 78 38 -1 85 59 59 75 
8 10 33 55 49 10 66 8 -1 78 -1 17 67 59 78 66 -1 -1 59 37 -1 67 33 55 55 10 28 55 16 42 38 16 33 10 44 89 16 10 17 59 78 17 8 -1 25 79 59 33 89 17 62 25 55 62 66 16 55 31 79 43 42 41 10 8 8 10 10 17 20 41 89 10 43 8 59 -1 33 36 20 16 8 82 -1 62 82 86 8 17 64 -1 
61 58 33 55 49 33 58 42 42 58 33 38 33 33 78 58 79 38 33 71 78 33 33 58 58 33 33 38 79 42 38 57 33 -1 58 47 47 33 -1 69 -1 33 38 71 58 79 58 33 42 38 38 58 57 33 58 33 58 33 -1 71 33 40 33 85 86 33 33 33 33 58 38 -1 41 79 38 33 -1 58 -1 -1 58 33 75 78 38 40 33 71 70 80 
61 6 63 63 49 6 -1 36 36 58 66 36 47 88 84 -1 36 36 63 88 68 45 88 61 58 44 88 63 36 6 50 36 47 47 44 15 -1 66 88 87 61 61 29 71 6 44 63 36 88 6 6 44 44 88 58 36 15 61 15 63 63 -1 6 -1 88 61 6 36 6 58 88 61 44 36 85 36 58 -1 61 36 58 88 84 63 6 63 85 -1 -1 35 
61 49 14 83 49 49 84 36 75 -1 75 -1 47 14 -1 58 75 11 47 76 -1 9 76 61 58 51 68 38 68 47 38 84 68 76 14 47 17 75 11 69 -1 17 38 75 58 21 68 40 42 11 83 9 83 14 58 14 83 61 9 74 83 40 83 83 83 84 58 17 20 58 38 76 51 75 9 20 -1 61 -1 76 11 9 75 -1 11 40 76 17 53 75 
61 45 38 55 49 41 45 36 42 58 41 38 41 38 38 58 -1 41 46 76 75 45 41 55 58 45 28 38 16 42 38 16 41 41 45 58 16 41 -1 69 76 -1 38 55 45 -1 45 36 42 38 38 55 45 38 58 16 55 31 -1 72 38 41 41 45 38 41 58 41 28 41 38 76 41 16 38 16 -1 36 76 -1 58 38 75 78 31 76 41 41 70 75 
8 49 21 55 49 71 58 8 -1 21 71 -1 67 21 21 58 73 11 58 -1 75 -1 26 58 58 58 19 64 26 42 38 84 33 21 58 89 8 19 11 69 71 17 8 71 58 21 58 89 89 11 26 21 58 21 58 21 58 71 -1 26 21 71 17 8 8 71 37 21 26 58 26 -1 58 8 21 8 58 58 11 58 -1 19 75 78 11 86 8 71 19 -1 
84 50 -1 55 50 33 84 86 86 -1 33 38 60 2 2 58 55 82 53 -1 78 2 26 55 55 51 19 55 26 42 38 84 33 2 13 60 47 19 2 59 78 33 38 55 58 21 53 33 86 38 26 9 55 2 26 2 55 33 9 13 2 71 53 60 86 53 37 21 26 53 13 19 51 86 9 82 33 88 9 38 19 -1 -1 60 82 86 -1 71 19 80 
84 84 81 75 84 75 84 75 75 81 75 84 84 81 84 75 75 75 84 81 75 81 75 75 75 75 81 75 75 84 81 84 75 75 81 84 75 75 81 84 78 75 75 75 84 79 75 75 84 84 75 81 84 81 75 75 75 84 81 75 81 84 75 84 75 84 75 75 75 84 81 75 75 75 81 -1 75 84 75 75 75 -1 -1 75 -1 86 81 75 81 75 
62 62 60 60 62 62 52 60 60 78 62 78 60 60 78 56 55 62 60 62 78 60 57 55 52 52 62 55 55 57 62 57 60 57 52 60 62 62 60 69 78 62 60 55 52 52 52 60 57 62 62 55 -1 62 55 52 52 52 52 52 -1 57 -1 60 60 62 62 62 57 62 62 62 52 55 78 62 78 63 -1 78 78 60 75 -1 57 60 64 62 62 60 
-1 6 14 63 49 6 -1 0 7 69 65 -1 0 14 -1 35 31 11 12 80 68 14 57 61 57 44 68 38 31 6 38 -1 12 57 44 0 7 65 11 69 61 65 7 82 6 44 44 12 57 11 6 44 57 65 66 14 57 -1 69 66 12 0 0 0 88 -1 0 7 57 -1 6 61 44 65 38 82 38 6 11 31 11 82 -1 57 -1 12 57 17 0 35 
12 63 55 63 63 63 63 12 86 74 86 78 -1 74 78 77 55 67 12 86 78 67 86 -1 55 46 54 46 54 47 74 55 12 86 46 12 47 66 74 74 -1 61 60 55 46 46 23 12 63 63 63 55 55 46 23 23 55 61 54 74 12 23 12 -1 86 86 12 12 32 53 63 61 74 86 -1 86 40 63 40 76 86 86 86 60 12 -1 -1 77 12 35 
8 73 33 64 50 33 42 8 -1 81 33 80 85 33 33 47 73 41 85 81 75 33 33 85 55 33 33 64 73 42 64 57 33 -1 33 47 8 33 33 69 85 33 8 75 33 33 64 33 73 73 33 81 57 33 85 33 55 33 76 85 64 41 33 85 -1 73 33 8 33 41 73 33 41 -1 85 8 33 85 76 41 8 -1 81 64 57 -1 -1 41 64 73 
35 62 38 77 49 71 77 36 75 58 71 17 67 59 78 -1 36 -1 59 71 75 67 41 71 58 71 59 56 36 77 38 36 41 41 58 15 17 66 17 -1 71 17 36 71 58 58 59 35 88 17 62 56 56 62 58 56 15 62 15 39 35 71 17 77 88 41 15 17 59 39 88 -1 41 36 59 17 71 -1 17 41 71 71 75 62 17 77 41 -1 77 35 
-1 48 53 63 50 48 77 0 64 81 37 70 0 53 53 77 28 62 12 -1 68 53 26 53 55 37 -1 64 26 48 50 57 12 26 53 0 77 19 70 59 61 61 48 59 48 48 53 12 -1 48 26 55 57 -1 26 53 77 48 54 26 64 0 0 0 -1 53 0 7 26 53 -1 19 59 48 59 64 70 -1 53 70 19 19 81 62 0 12 64 77 -1 48 
35 48 60 60 49 48 48 35 75 80 75 80 35 70 60 35 75 75 35 80 75 80 47 61 80 75 70 64 75 47 48 57 35 47 48 -1 47 75 48 75 47 75 48 75 48 80 48 35 -1 48 48 75 57 88 80 75 35 48 80 75 35 35 35 35 60 73 35 75 48 80 48 80 75 48 75 -1 80 35 75 75 -1 80 75 60 35 35 73 35 48 -1 
