75
0 52
-1 23 68 23 56 8 68 68 -1 39 8 23 -1 23 23 68 23 68 24 65 73 65 47 12 12 39 65 68 10 51 68 68 63 23 68 68 65 39 42 8 65 23 12 12 12 24 8 8 44 65 73 42 56 65 44 24 24 24 10 39 28 23 10 24 65 12 24 42 -1 73 47 28 23 68 46 
23 -1 3 -1 61 48 14 15 39 38 33 15 23 -1 3 3 23 68 24 -1 15 13 38 -1 23 39 61 15 33 15 -1 61 63 -1 13 68 30 14 13 23 3 23 23 30 48 14 3 23 -1 57 19 29 60 50 13 33 3 30 33 39 33 33 34 30 40 19 21 3 30 54 3 13 23 50 72 
68 3 -1 -1 56 46 46 68 46 56 58 15 23 3 3 3 23 46 55 3 15 40 56 3 56 72 58 15 55 15 68 46 63 3 46 68 68 14 46 23 3 72 46 68 46 14 -1 56 3 46 72 74 56 72 15 46 -1 46 56 72 40 56 58 56 40 40 56 3 -1 73 3 55 -1 68 46 
23 -1 -1 -1 56 15 14 15 39 37 67 15 23 1 -1 -1 23 14 15 1 15 40 40 -1 23 37 65 15 33 15 1 20 67 1 13 68 70 14 40 23 -1 23 67 23 23 14 2 70 1 14 15 29 60 45 15 40 2 15 56 37 40 23 67 24 40 40 67 -1 2 29 -1 13 2 20 46 
56 61 56 56 -1 56 60 56 56 56 58 61 56 56 56 56 61 61 56 61 61 60 56 56 56 61 61 69 60 69 63 61 63 61 60 56 70 70 56 56 60 61 56 61 56 56 56 56 56 57 61 69 -1 61 56 70 -1 56 56 61 52 -1 58 56 61 61 56 56 56 61 56 56 56 58 56 
8 48 46 15 56 -1 46 -1 -1 73 8 15 44 46 45 7 47 46 39 73 73 46 46 39 44 73 73 15 10 15 57 46 63 28 46 10 70 57 46 8 46 39 44 44 -1 44 -1 8 44 73 73 62 56 45 44 46 44 7 73 39 46 73 7 56 46 44 47 7 7 73 46 54 46 -1 46 
68 14 46 14 60 46 -1 46 46 37 60 34 42 14 -1 14 34 -1 34 34 31 14 46 14 45 37 31 55 60 15 34 17 63 60 -1 68 34 14 46 23 60 60 17 34 46 14 -1 45 46 -1 73 37 60 45 14 46 46 49 62 37 -1 31 34 34 60 49 57 14 17 73 46 14 46 49 46 
68 15 68 15 56 -1 46 -1 5 57 62 15 44 54 15 -1 15 68 15 50 15 66 46 15 57 57 62 15 54 15 57 20 63 63 62 68 57 57 46 8 15 23 67 57 5 44 5 8 44 57 15 62 56 50 15 27 44 -1 62 57 40 16 -1 62 40 57 57 -1 -1 29 15 54 50 5 46 
-1 39 46 39 56 -1 46 5 -1 39 -1 39 0 39 47 7 47 46 39 39 73 66 47 39 12 39 39 15 10 15 68 39 66 28 62 10 70 39 46 -1 39 39 12 12 5 47 5 -1 44 73 73 62 60 47 28 28 44 7 10 39 28 47 10 39 53 12 47 7 0 73 47 28 39 5 46 
39 38 56 37 56 73 37 57 39 -1 39 39 47 38 37 72 47 31 39 65 73 38 -1 39 56 -1 25 51 39 51 57 26 63 61 38 47 65 25 22 25 38 72 38 47 56 47 38 22 40 73 72 37 56 72 38 39 22 37 26 37 40 26 51 56 40 26 47 42 73 73 37 37 25 25 72 
8 33 58 67 58 8 60 62 -1 39 -1 28 8 54 45 54 47 68 28 33 73 54 47 39 28 39 58 55 -1 62 62 58 63 28 62 -1 62 62 46 8 55 39 62 12 8 28 8 8 33 73 73 62 60 45 28 28 58 62 -1 39 28 33 -1 62 55 58 28 62 35 54 47 28 39 58 62 
23 15 15 15 61 15 34 15 39 39 28 -1 23 34 15 -1 -1 31 -1 34 -1 34 47 16 16 39 31 15 18 15 34 20 63 28 -1 47 34 15 34 18 15 23 23 16 45 18 34 16 15 34 15 29 60 45 15 18 24 15 47 39 28 16 34 18 40 36 16 15 15 29 15 28 23 20 46 
-1 23 23 23 56 44 42 44 0 47 8 23 -1 23 23 23 23 42 24 65 23 65 47 -1 -1 39 65 23 24 51 43 42 63 23 43 47 65 51 42 23 65 23 -1 -1 -1 24 44 -1 44 65 65 42 56 65 44 24 24 24 47 39 65 23 51 24 65 -1 24 42 0 51 47 54 23 44 46 
23 -1 3 1 56 46 14 54 39 38 54 34 23 -1 -1 54 23 14 34 1 34 -1 38 1 23 37 37 54 54 54 1 17 66 1 -1 47 34 14 -1 23 21 23 38 30 54 14 38 38 1 14 19 37 60 45 -1 71 38 30 62 37 14 33 34 30 40 19 21 3 30 54 3 -1 23 69 46 
23 3 3 -1 56 45 -1 15 47 37 45 15 23 -1 -1 3 23 6 45 3 15 13 38 3 45 37 37 15 45 15 3 17 63 3 6 47 34 -1 13 23 3 23 17 23 45 -1 6 45 3 6 15 37 60 45 13 40 3 37 47 37 6 53 34 45 40 40 21 3 3 51 3 13 3 37 46 
68 3 3 -1 56 7 14 -1 7 72 54 -1 23 54 3 -1 11 31 11 50 -1 40 40 3 16 72 31 -1 54 -1 3 20 63 3 11 68 34 14 40 18 3 23 51 16 54 14 3 16 3 57 -1 29 60 50 -1 27 3 7 62 37 40 16 7 18 40 40 16 3 7 29 3 54 50 20 51 
23 23 23 23 61 47 34 15 47 47 47 -1 23 23 23 11 -1 61 11 23 11 66 47 -1 -1 39 61 15 18 15 43 61 66 61 11 47 34 57 47 23 23 23 23 -1 23 24 70 -1 23 57 15 69 61 61 15 18 24 24 47 39 28 -1 34 24 61 23 -1 66 43 61 47 23 23 20 72 
68 68 46 14 61 46 -1 68 46 31 68 31 42 14 6 31 61 -1 55 65 31 14 42 42 42 31 31 55 55 51 68 -1 66 61 6 68 34 14 42 31 42 61 -1 42 46 14 -1 42 46 -1 73 42 60 61 46 46 46 49 31 74 6 31 34 68 42 49 57 42 -1 51 46 55 46 49 46 
24 24 55 15 56 39 34 15 39 39 28 -1 24 34 45 11 11 55 -1 63 11 66 47 24 -1 39 39 55 -1 15 63 20 63 28 11 28 34 39 55 -1 55 24 24 16 45 -1 55 45 45 57 15 63 60 45 28 -1 24 24 28 39 28 16 63 -1 53 24 -1 66 63 54 55 28 24 20 55 
65 -1 3 1 61 73 34 50 39 65 33 34 65 1 3 50 23 65 63 -1 50 13 38 1 23 65 65 50 33 50 -1 65 63 1 30 68 30 57 13 23 65 23 65 30 48 53 3 65 1 65 -1 50 65 50 13 65 63 30 65 39 65 33 34 30 53 -1 57 3 30 73 3 13 50 50 72 
73 15 15 15 61 73 31 15 73 73 73 -1 23 34 15 -1 11 31 11 50 -1 34 47 15 16 73 31 15 18 15 34 -1 63 61 11 73 34 73 34 18 15 61 31 16 54 18 31 16 15 73 15 29 61 50 15 18 73 15 73 39 28 31 15 18 40 31 16 15 73 73 15 54 50 -1 46 
65 13 40 40 60 46 14 66 66 38 54 34 65 -1 13 40 66 14 66 13 34 -1 38 13 66 37 65 55 54 40 13 61 66 13 13 66 34 14 13 66 -1 40 38 66 48 14 38 66 40 65 19 37 60 64 13 40 66 66 66 41 40 41 34 66 40 40 -1 66 30 54 40 13 41 65 46 
47 38 56 40 56 46 46 46 47 -1 47 47 47 38 38 40 47 42 47 38 47 38 -1 47 56 9 25 55 47 51 63 26 63 63 38 47 70 25 -1 25 38 40 38 47 56 47 38 -1 40 42 53 42 56 47 38 40 -1 56 47 37 40 47 58 56 40 40 47 42 47 51 47 38 25 25 46 
12 -1 3 -1 56 39 14 15 39 39 39 16 -1 1 3 3 -1 42 24 1 15 13 47 -1 -1 39 39 15 24 15 1 61 63 1 13 47 30 14 13 -1 3 -1 12 12 12 24 3 12 1 57 72 42 56 72 13 24 24 24 47 39 40 16 63 24 40 12 16 3 3 61 3 13 -1 39 72 
12 23 56 23 56 44 45 57 12 56 28 16 -1 23 45 16 -1 42 -1 23 16 66 56 -1 -1 39 58 55 18 16 57 61 63 63 16 47 57 57 42 18 23 23 12 12 12 -1 44 12 23 57 53 42 56 45 28 18 -1 -1 56 39 28 16 63 -1 53 12 -1 66 12 61 56 28 23 57 72 
39 39 72 37 61 73 37 57 39 -1 39 39 39 37 37 72 39 31 39 65 73 37 9 39 39 -1 -1 51 39 51 57 26 63 61 37 73 65 -1 22 -1 65 72 51 39 57 37 70 22 39 73 72 37 61 72 71 39 22 37 26 37 37 26 51 39 72 26 39 37 73 73 37 37 -1 -1 72 
65 61 58 65 61 73 31 62 39 25 58 31 65 37 37 31 61 31 39 65 31 65 25 39 58 -1 -1 31 58 69 65 -1 63 61 62 58 65 25 65 25 65 61 31 61 58 58 31 58 65 65 61 37 61 61 69 65 58 37 -1 37 65 -1 58 58 61 -1 58 62 31 61 37 37 25 25 72 
68 15 15 15 69 15 55 15 15 51 55 15 23 54 15 -1 15 55 55 50 15 55 55 15 55 51 31 -1 55 -1 15 20 63 55 15 55 70 51 55 55 55 55 51 16 54 55 55 70 55 55 15 29 60 50 15 -1 70 15 55 51 55 69 15 55 55 55 55 15 15 29 55 55 50 20 51 
10 33 55 33 60 10 60 54 10 39 -1 18 24 54 45 54 18 55 -1 33 18 54 47 24 18 39 58 55 -1 54 33 61 63 -1 18 10 70 71 54 18 55 55 24 18 54 18 55 10 33 60 54 62 60 45 -1 -1 24 24 10 39 -1 33 10 18 55 55 18 62 35 54 55 -1 70 58 55 
51 15 15 15 69 15 15 15 15 51 62 15 51 54 15 -1 15 51 15 50 15 40 51 15 16 51 69 -1 54 -1 15 20 63 69 15 62 34 51 51 18 15 69 51 16 54 15 55 16 15 73 15 -1 69 50 15 27 15 15 62 51 40 69 51 62 40 40 16 15 15 -1 15 51 50 69 51 
68 -1 68 1 63 57 34 57 68 57 62 34 43 1 3 3 43 68 63 -1 34 13 63 1 57 57 65 15 33 15 -1 68 63 1 -1 68 -1 57 13 23 3 23 43 -1 57 57 34 43 1 57 19 57 60 50 13 63 63 -1 62 57 34 33 34 -1 40 19 57 3 -1 73 36 13 23 68 46 
68 61 46 20 61 46 17 20 39 26 58 20 42 17 17 20 61 -1 20 65 -1 61 26 61 61 26 -1 20 61 20 68 -1 63 61 17 68 65 26 42 26 61 61 17 61 46 61 17 58 46 17 20 42 61 61 20 46 58 49 26 61 17 -1 58 61 61 26 61 42 17 61 46 37 26 20 46 
63 63 63 67 63 63 63 63 66 63 63 63 63 66 63 63 66 66 63 63 63 66 63 63 63 63 63 63 63 63 63 63 -1 63 63 66 63 66 63 63 66 63 67 63 63 63 63 66 63 66 63 63 63 63 63 63 63 66 63 63 63 63 63 -1 66 63 -1 66 63 63 63 63 63 63 63 
23 -1 3 1 61 28 60 63 28 61 28 28 23 1 3 3 61 61 28 1 61 13 63 1 63 61 61 55 -1 69 1 61 63 -1 13 28 30 71 13 23 3 61 23 30 48 28 55 61 1 57 19 63 60 61 28 28 63 30 28 61 28 -1 63 -1 61 19 28 3 30 61 3 28 23 69 55 
68 13 46 13 60 46 -1 62 62 38 62 -1 43 -1 6 11 11 6 11 30 11 13 38 13 16 37 62 15 18 15 -1 17 63 13 -1 62 -1 14 13 18 21 23 17 30 46 14 6 16 13 6 15 62 60 65 13 18 62 30 62 37 6 16 -1 30 40 36 16 62 30 54 36 13 70 20 46 
68 68 68 68 56 10 68 68 10 47 -1 47 47 47 47 68 47 68 28 68 73 66 47 47 47 73 58 55 10 62 68 68 66 28 62 -1 68 70 47 10 47 47 47 47 47 47 68 -1 47 68 73 62 60 47 28 28 47 66 10 39 28 47 10 62 53 47 47 62 -1 73 47 28 68 68 62 
65 30 68 70 70 70 34 57 70 65 62 34 65 34 34 34 34 34 34 30 34 34 70 30 57 65 65 70 70 34 -1 65 63 30 -1 68 -1 70 34 30 65 65 65 30 57 65 70 70 30 65 30 62 60 65 34 70 70 30 62 70 34 65 34 30 65 -1 57 62 30 54 -1 34 70 65 70 
39 14 14 14 70 57 14 57 39 25 62 15 51 14 -1 14 57 14 39 57 73 14 25 14 57 -1 25 51 71 51 57 26 66 71 14 70 70 -1 14 25 14 59 51 57 57 14 70 70 57 57 72 -1 60 45 71 70 70 -1 26 -1 14 26 51 57 40 26 57 14 57 51 -1 -1 25 25 51 
42 13 46 40 56 46 46 46 46 22 46 34 42 -1 13 40 47 42 55 13 34 13 -1 13 42 22 65 55 54 51 13 42 63 13 13 47 34 14 -1 23 -1 40 -1 42 46 14 -1 22 40 42 19 42 60 64 13 40 22 46 47 41 40 41 34 56 40 40 21 42 42 51 46 13 41 46 46 
8 23 23 23 56 8 23 8 -1 25 8 18 23 23 23 18 23 31 -1 23 18 66 25 -1 18 -1 25 55 18 18 23 26 63 23 18 10 30 25 23 -1 23 23 23 23 8 18 8 8 23 73 72 37 60 45 28 18 24 24 10 -1 28 23 10 18 40 23 18 23 8 73 23 28 23 25 59 
65 3 3 -1 60 46 60 15 39 38 55 15 65 21 3 3 23 42 55 65 15 -1 38 3 23 65 65 55 55 15 3 61 66 3 21 47 65 14 -1 23 -1 -1 38 65 48 14 38 38 -1 65 15 42 60 64 15 -1 3 48 65 41 -1 41 67 55 -1 -1 21 3 3 61 3 55 41 65 46 
23 23 72 23 61 39 60 23 39 72 39 23 23 23 23 23 23 61 24 23 61 40 40 -1 23 72 61 55 55 69 23 61 63 61 23 47 65 59 40 23 -1 -1 23 23 23 24 40 23 40 65 72 59 60 61 69 40 24 24 61 -1 40 -1 59 24 40 40 23 23 72 61 72 55 -1 69 59 
12 23 46 67 56 44 17 67 12 38 62 23 -1 38 17 51 23 -1 24 65 31 38 38 12 12 51 31 51 24 51 43 17 67 23 17 47 65 51 -1 23 38 23 -1 12 12 24 17 12 40 17 51 -1 60 65 38 40 24 24 47 51 17 31 51 24 40 12 67 -1 17 51 46 38 23 49 51 
12 30 68 23 61 44 34 57 12 47 12 16 -1 30 23 16 -1 42 16 30 16 66 47 12 12 39 61 16 18 16 -1 61 63 30 30 47 30 57 42 23 65 23 12 -1 12 24 44 12 30 57 30 42 61 61 44 18 24 30 47 39 34 16 34 30 61 12 16 42 30 61 36 30 23 68 46 
12 48 46 23 56 -1 46 5 5 56 8 45 -1 54 45 54 23 46 45 48 54 48 56 12 12 57 58 54 54 54 57 46 63 48 46 47 57 57 46 8 48 23 12 12 -1 -1 -1 12 -1 57 53 42 56 45 -1 46 -1 -1 56 57 46 53 7 56 48 12 57 7 7 54 46 54 23 5 46 
24 14 14 14 56 44 14 44 47 47 28 18 24 14 -1 14 24 14 -1 53 18 14 47 24 -1 37 58 55 18 15 57 61 63 28 14 47 65 14 14 18 14 24 24 24 -1 -1 44 -1 44 14 53 37 56 -1 44 18 24 24 47 37 14 53 58 18 53 53 18 14 47 54 47 14 53 44 46 
8 3 -1 2 56 -1 -1 5 5 38 8 34 44 38 6 3 70 -1 55 3 31 38 38 3 44 70 31 55 55 55 34 17 63 55 6 68 70 70 -1 8 38 40 17 44 -1 44 -1 70 44 6 72 74 60 45 44 -1 2 44 56 74 6 31 7 55 40 40 55 3 2 54 -1 55 2 5 -1 
8 23 56 70 56 8 45 8 -1 22 8 16 -1 38 45 16 -1 42 45 65 16 66 -1 12 12 22 58 70 10 16 43 58 66 61 16 -1 70 70 22 8 38 23 12 12 12 -1 70 -1 44 65 53 42 56 45 44 70 22 66 -1 39 28 16 58 24 53 12 -1 66 35 61 -1 70 70 58 70 
44 -1 3 1 56 44 46 44 44 40 33 15 44 1 3 3 23 46 45 1 15 40 40 1 23 39 65 55 33 15 1 46 63 1 13 47 30 57 40 23 -1 40 40 30 -1 44 44 44 -1 57 19 42 60 45 44 40 44 44 56 41 40 33 34 30 40 40 40 3 30 54 3 13 23 44 46 
65 57 46 14 57 73 -1 57 73 73 73 34 65 14 6 57 57 -1 57 65 73 65 42 57 57 73 65 55 60 73 57 17 66 57 6 68 65 57 42 73 65 65 17 57 57 14 6 65 57 -1 73 42 60 65 57 46 57 -1 73 57 6 31 34 57 65 -1 57 42 17 73 46 57 65 -1 46 
73 19 72 15 61 73 73 15 73 72 73 15 65 19 15 -1 15 73 15 -1 15 19 53 72 53 72 61 15 54 15 19 20 63 19 15 73 30 72 19 72 15 72 51 30 53 53 72 53 19 73 -1 29 61 -1 15 27 72 15 73 72 40 53 15 30 53 19 16 15 73 73 72 54 -1 -1 72 
42 29 74 29 69 62 37 62 62 37 62 29 42 37 37 29 69 42 63 50 29 37 42 42 42 37 37 29 62 -1 57 42 63 63 62 62 62 -1 42 37 42 59 -1 42 42 37 74 42 42 42 29 -1 69 69 69 29 62 37 62 37 37 69 -1 62 42 42 57 42 42 -1 37 37 74 69 -1 
56 60 56 60 -1 56 60 56 60 56 60 60 56 60 60 60 61 60 60 65 61 60 56 56 56 61 61 60 60 69 60 61 63 60 60 60 60 60 60 60 60 60 60 61 56 56 60 56 60 60 61 69 -1 61 60 60 4 56 56 60 -1 4 58 56 60 60 56 60 56 61 56 60 56 58 60 
65 50 72 45 61 45 45 50 47 72 45 45 65 45 45 50 61 61 45 50 50 64 47 72 45 72 61 50 45 50 50 61 63 61 65 47 65 45 64 45 64 61 65 61 45 -1 45 45 45 65 -1 69 61 -1 45 45 45 45 47 61 64 -1 50 45 -1 -1 45 45 72 61 72 45 -1 50 72 
44 13 15 15 56 44 14 15 28 38 28 15 44 -1 13 -1 15 46 28 13 15 13 38 13 28 71 69 15 -1 15 13 20 63 28 13 28 34 71 13 28 15 69 38 44 -1 44 44 44 44 57 15 69 60 45 -1 28 44 44 28 71 28 69 15 28 40 44 21 15 15 -1 15 -1 50 69 46 
24 33 46 40 70 46 46 27 28 39 28 18 24 71 40 27 18 46 -1 65 18 40 40 24 18 39 65 -1 -1 27 63 46 63 28 18 28 70 70 40 18 -1 40 40 18 46 18 -1 70 40 46 27 29 60 45 28 -1 70 24 28 39 28 33 28 18 40 40 18 40 46 29 -1 -1 70 46 46 
24 3 -1 2 -1 44 46 44 44 22 58 24 24 38 3 3 24 46 24 63 73 66 -1 24 -1 22 58 70 24 15 63 58 63 63 62 47 70 70 22 24 3 24 24 24 -1 24 2 22 44 57 72 62 4 45 44 70 -1 24 -1 70 52 4 58 -1 40 24 24 3 2 54 -1 54 2 58 46 
24 30 46 15 56 7 49 -1 7 37 62 15 24 30 37 7 24 49 24 30 15 66 56 24 -1 37 37 15 24 15 -1 49 66 30 30 66 30 -1 46 24 48 24 24 30 -1 24 44 66 44 -1 15 37 56 45 44 24 24 -1 56 37 49 24 7 24 48 49 -1 7 7 51 37 37 24 49 46 
10 33 56 56 56 73 62 62 10 26 -1 47 47 62 47 62 47 31 28 65 73 66 47 47 56 26 -1 55 10 62 62 26 63 28 62 10 62 26 47 10 65 61 47 47 56 47 56 -1 56 73 73 62 56 47 28 28 -1 56 -1 37 28 26 -1 56 53 26 47 62 73 73 47 28 26 -1 62 
39 39 72 37 61 39 37 57 39 37 39 39 39 37 37 37 39 74 39 39 39 41 37 39 39 37 37 51 39 51 57 61 63 61 37 39 70 -1 41 -1 41 -1 51 39 57 37 74 39 41 57 72 37 60 61 71 39 70 37 37 -1 41 41 51 39 41 41 39 37 39 51 37 37 41 37 -1 
28 33 40 40 52 46 -1 40 28 40 28 28 65 14 6 40 28 6 28 65 28 40 40 40 28 37 65 55 -1 40 34 17 63 28 6 28 34 14 40 28 -1 40 17 34 46 14 6 28 40 6 40 37 -1 64 28 28 52 49 28 41 -1 33 28 28 40 40 28 40 17 54 40 28 41 49 46 
23 33 56 23 -1 73 31 16 47 26 33 16 23 33 53 16 -1 31 16 33 31 41 47 16 16 26 -1 69 33 69 33 -1 63 -1 16 47 65 26 41 23 41 -1 31 16 53 53 31 16 33 31 53 69 4 -1 69 33 4 24 26 41 33 -1 58 33 53 26 16 66 31 -1 47 33 41 69 59 
10 34 58 67 58 7 34 -1 10 51 -1 34 51 34 34 7 34 34 63 34 15 34 58 63 63 51 58 15 10 51 34 58 63 63 -1 10 34 51 34 10 67 59 51 34 7 58 7 58 34 34 15 -1 58 50 15 28 58 7 -1 51 28 58 -1 -1 67 36 67 -1 7 51 36 28 74 58 51 
24 30 56 24 56 56 34 62 39 56 62 18 24 30 45 18 24 68 -1 30 18 66 56 24 -1 39 58 55 18 62 -1 61 -1 -1 30 62 30 57 56 18 55 24 24 30 56 18 55 24 30 57 30 62 56 45 28 18 -1 24 56 39 28 33 -1 -1 53 24 18 62 30 61 56 28 24 58 62 
65 40 40 40 61 46 60 40 53 40 55 40 65 40 40 40 61 42 53 53 40 40 40 40 53 72 61 55 55 40 40 61 66 61 40 53 65 40 40 40 -1 40 40 61 48 53 40 53 40 65 53 42 60 -1 40 40 40 48 53 41 40 53 67 53 -1 40 40 40 40 61 40 55 53 53 72 
12 19 40 40 61 44 49 57 12 26 58 36 -1 19 40 40 23 49 24 -1 31 40 40 12 12 26 -1 55 55 40 19 26 63 19 36 47 -1 26 40 23 -1 40 12 12 12 53 40 12 40 -1 19 42 60 -1 44 40 24 49 26 41 40 26 36 24 40 -1 24 40 12 61 36 55 53 49 72 
24 21 56 67 56 47 57 57 47 47 28 16 24 21 21 16 -1 57 -1 57 16 -1 47 16 -1 39 58 55 18 16 57 61 -1 28 16 47 57 57 21 18 21 23 67 16 57 18 55 -1 40 57 16 57 56 45 21 18 24 -1 47 39 28 16 67 18 40 24 -1 -1 47 61 47 21 23 57 55 
42 3 3 -1 56 7 14 -1 7 42 62 15 42 3 3 3 66 42 66 3 15 66 42 3 66 37 62 15 62 15 3 42 66 3 62 62 62 14 42 23 3 23 -1 42 7 14 3 66 3 42 15 42 60 45 15 40 3 7 62 37 40 66 -1 62 40 40 -1 -1 7 51 3 13 3 7 51 
-1 30 -1 2 56 7 17 -1 0 73 35 15 0 30 3 7 43 -1 63 30 73 30 47 3 12 73 31 15 35 15 -1 17 63 30 30 -1 30 57 42 8 3 72 17 30 7 47 2 35 30 17 73 42 56 72 15 46 2 7 73 39 17 31 7 30 40 12 47 7 -1 73 3 30 2 -1 46 
73 54 73 29 61 73 73 29 73 73 54 29 51 54 51 29 61 51 54 73 73 54 51 61 61 73 61 29 54 -1 73 61 63 61 54 73 54 51 51 73 61 61 51 61 54 54 54 61 54 73 73 -1 61 61 -1 29 54 51 73 51 54 -1 51 61 61 61 61 51 73 -1 51 54 61 -1 51 
47 3 3 -1 56 46 46 15 47 37 47 15 47 3 3 3 47 46 55 3 15 40 47 3 56 37 37 55 55 15 36 46 63 3 36 47 -1 -1 46 23 3 72 46 36 46 47 -1 -1 3 46 72 37 56 72 15 -1 -1 37 47 37 40 47 36 56 40 36 47 3 3 51 -1 37 -1 37 46 
28 13 55 13 56 54 14 54 28 37 28 28 54 -1 13 54 23 55 28 13 54 13 38 13 28 37 37 55 -1 51 13 37 63 28 13 28 34 -1 13 28 55 55 38 30 54 14 55 70 13 57 54 37 60 45 -1 -1 54 37 28 37 28 33 28 28 55 55 21 13 30 54 37 -1 37 37 51 
23 23 -1 2 56 46 46 50 39 25 39 23 23 23 3 50 23 46 24 50 50 41 25 -1 23 -1 25 50 70 50 23 26 63 23 70 68 70 25 41 23 41 -1 23 23 23 53 2 70 23 65 -1 74 56 -1 50 70 2 24 26 41 41 41 74 24 53 53 23 3 2 61 -1 37 -1 25 -1 
68 50 68 20 58 -1 49 5 5 25 58 20 44 69 37 20 20 49 20 50 -1 65 25 39 57 -1 25 20 58 69 68 20 63 69 20 68 65 25 46 25 65 69 49 68 5 44 5 58 44 -1 -1 69 58 50 69 46 58 49 -1 37 49 69 58 58 53 49 57 7 -1 -1 37 37 25 -1 46 
46 72 46 46 56 46 46 46 46 72 62 46 46 46 46 51 72 46 55 72 46 46 46 72 72 72 72 51 55 51 46 46 63 55 46 62 70 51 46 59 46 59 51 46 46 46 -1 70 46 46 72 -1 60 72 46 46 46 46 62 -1 46 59 51 62 72 72 55 51 46 51 46 51 -1 46 -1 
