58
27 28
-1 -1 56 34 14 33 56 14 -1 56 34 1 34 37 8 31 22 11 34 56 56 14 -1 56 56 34 56 31 43 8 34 -1 -1 32 -1 55 34 22 56 34 1 32 8 -1 34 43 14 32 22 32 34 45 34 36 33 43 -1 43 
-1 -1 56 40 56 49 40 14 0 56 40 -1 16 17 8 40 11 11 30 56 56 14 0 56 56 34 11 40 43 8 16 0 0 32 0 49 34 22 56 40 -1 32 8 0 17 43 16 32 16 40 16 56 40 56 30 40 -1 16 
56 56 -1 56 21 33 21 21 21 21 47 27 50 53 21 27 50 42 47 52 -1 -1 50 56 21 54 27 -1 43 33 54 27 33 20 50 55 53 54 27 51 27 50 21 21 50 50 21 21 24 27 -1 20 21 20 -1 54 20 21 
34 40 56 -1 14 49 -1 14 56 48 6 34 34 42 6 40 34 42 34 56 56 14 48 6 48 34 40 40 43 23 34 34 49 42 -1 49 -1 34 49 6 -1 34 36 36 34 34 14 10 -1 -1 34 39 6 36 34 6 -1 14 
14 56 21 14 -1 -1 14 14 14 21 14 38 45 39 -1 38 39 42 39 5 33 14 39 5 5 57 38 38 43 14 39 38 33 5 39 5 14 39 -1 -1 14 5 14 14 38 -1 14 21 24 5 45 39 14 33 33 5 38 14 
33 49 33 49 -1 -1 23 14 14 24 55 49 41 42 4 38 49 42 47 -1 33 14 48 -1 -1 54 49 33 55 23 55 33 33 -1 41 -1 23 55 4 4 49 -1 33 55 38 4 23 24 24 -1 24 55 19 33 33 -1 19 41 
56 40 21 -1 14 23 -1 14 14 21 -1 40 34 39 -1 40 34 42 39 52 56 14 39 -1 56 10 40 40 43 23 39 40 41 23 3 55 -1 39 56 -1 -1 39 14 14 39 39 14 10 3 3 51 39 -1 36 55 -1 -1 14 
14 14 21 14 14 14 14 -1 14 21 14 42 45 42 -1 27 46 42 47 52 21 -1 14 14 21 57 40 21 43 14 52 14 47 42 14 14 14 39 14 14 14 57 14 14 38 14 14 21 14 14 21 21 21 21 21 14 14 14 
-1 0 21 56 14 14 14 14 -1 21 14 1 34 42 -1 31 22 42 34 56 56 14 0 29 56 34 56 21 43 -1 34 0 0 29 0 14 42 22 56 42 1 32 -1 0 42 14 14 21 22 32 21 42 14 42 33 14 -1 14 
56 56 21 48 21 24 21 21 21 -1 47 48 50 42 21 38 48 42 47 24 21 -1 48 24 -1 47 56 21 43 21 50 38 47 24 50 24 21 48 24 51 21 24 21 21 38 50 21 21 24 24 -1 50 21 21 21 24 24 21 
34 40 47 6 14 55 -1 14 14 47 -1 34 34 55 6 40 34 42 47 52 55 47 55 6 47 -1 40 40 55 23 55 34 47 47 25 55 6 55 47 6 6 55 14 55 39 39 14 -1 6 6 55 55 6 36 25 -1 6 25 
1 -1 27 34 38 49 40 42 1 48 34 -1 16 17 42 26 -1 -1 30 56 56 42 -1 46 48 34 -1 26 43 42 16 1 1 42 16 49 34 22 26 30 1 16 17 1 17 16 16 30 16 16 16 39 30 17 30 30 1 16 
34 16 50 34 45 41 34 45 34 50 34 16 -1 37 45 44 -1 44 30 41 50 50 16 41 41 34 16 50 45 34 -1 34 41 41 -1 41 34 30 44 30 34 -1 36 45 -1 -1 16 30 16 16 -1 45 30 36 30 30 34 16 
37 17 53 42 39 42 39 42 42 42 55 17 37 -1 42 26 46 -1 37 41 53 42 37 46 42 37 17 53 43 42 37 37 42 42 37 55 42 -1 44 37 17 39 -1 42 17 39 -1 37 37 46 37 39 37 -1 37 37 42 42 
8 8 21 6 -1 4 -1 -1 -1 21 6 42 45 42 -1 38 46 42 47 5 21 -1 8 6 5 57 40 21 43 8 39 8 8 42 6 5 6 39 4 4 6 57 -1 -1 38 4 -1 21 6 5 21 39 6 36 21 6 6 -1 
31 40 27 40 38 38 40 27 31 38 40 26 44 26 38 -1 26 26 47 56 27 27 26 40 38 34 -1 -1 43 31 26 -1 31 27 31 38 40 26 -1 38 -1 32 26 31 38 38 26 38 38 26 27 27 40 27 27 40 26 26 
22 11 50 34 39 49 34 46 22 48 34 -1 -1 46 46 26 -1 11 30 41 49 46 -1 46 48 34 11 26 57 46 -1 22 49 49 -1 49 34 22 49 30 49 12 17 57 12 12 -1 30 -1 -1 12 39 30 36 30 30 11 -1 
11 11 42 42 42 42 42 42 42 42 42 -1 44 -1 42 26 11 -1 30 42 42 42 11 46 44 34 11 26 43 42 16 11 42 42 16 42 42 13 44 42 11 42 -1 42 -1 44 -1 42 16 16 44 42 30 13 42 37 11 16 
34 30 47 34 39 47 39 47 34 47 47 30 30 37 47 47 30 30 -1 52 47 47 30 39 47 34 30 47 55 42 -1 34 47 47 30 55 34 30 47 30 34 30 39 55 30 30 30 -1 30 30 30 39 30 36 30 30 47 30 
56 56 52 56 5 -1 52 52 56 24 52 56 41 41 5 56 41 42 52 -1 56 52 56 5 5 57 56 52 55 23 52 56 41 5 41 5 52 41 56 41 49 -1 33 55 41 5 23 24 24 5 41 41 -1 56 33 5 -1 41 
56 56 -1 56 33 33 56 21 56 21 55 56 50 53 21 27 49 42 47 56 -1 2 56 56 56 54 56 2 43 33 51 56 33 -1 53 33 53 51 56 51 56 33 33 42 51 51 53 21 56 33 2 -1 21 -1 2 51 -1 51 
14 14 -1 14 14 14 14 -1 14 -1 47 42 50 42 -1 27 46 42 47 52 2 -1 14 14 9 47 27 2 43 14 52 14 47 20 52 14 14 52 14 14 14 47 14 14 38 14 14 -1 24 47 2 20 -1 20 2 14 14 14 
-1 0 50 48 39 48 39 14 0 48 55 -1 16 37 8 26 -1 11 30 56 56 14 -1 46 48 34 11 26 43 8 16 0 0 32 0 55 34 -1 48 37 1 16 8 0 16 16 16 32 -1 16 16 39 30 37 30 37 0 16 
56 56 56 6 5 -1 -1 14 29 24 6 46 41 46 6 40 46 46 39 5 56 14 46 -1 5 10 56 40 43 -1 39 56 33 5 6 5 6 39 56 6 6 5 29 14 39 5 -1 10 6 5 24 39 6 36 33 5 -1 14 
56 56 21 48 5 -1 56 21 56 -1 47 48 41 42 5 38 48 44 47 5 56 9 48 5 -1 47 56 38 55 23 47 38 47 5 48 5 48 48 -1 5 38 5 33 55 38 5 23 -1 -1 5 9 50 19 56 33 5 -1 41 
34 34 54 34 57 54 10 57 34 47 -1 34 34 37 57 34 34 34 34 57 54 47 34 10 47 -1 34 54 57 54 34 34 34 54 -1 55 34 34 44 10 10 57 36 57 34 57 34 10 34 34 34 55 10 36 -1 10 10 -1 
56 11 27 40 38 49 40 40 56 56 40 -1 16 17 40 -1 11 11 30 56 56 27 11 56 56 34 -1 15 56 56 16 15 49 49 16 49 40 22 15 40 -1 49 17 56 17 16 16 49 16 -1 16 56 40 56 27 40 -1 16 
31 40 -1 40 38 33 40 21 21 21 40 26 50 53 21 -1 26 26 47 52 2 2 26 40 38 54 15 -1 43 33 54 15 31 20 31 55 40 54 15 38 15 50 21 21 38 38 21 21 38 26 2 20 21 20 2 54 20 21 
43 43 43 43 43 55 43 43 43 43 55 43 45 43 43 43 57 43 55 55 43 43 43 43 55 57 56 43 -1 43 55 43 43 43 43 55 43 55 43 43 43 55 43 -1 45 43 43 43 43 43 45 45 43 43 55 43 43 43 
8 8 33 23 14 23 23 14 -1 21 23 42 34 42 8 31 46 42 42 23 33 14 8 -1 23 54 56 33 43 -1 42 8 33 -1 8 23 42 42 56 42 23 23 -1 42 42 42 23 33 22 23 33 33 23 33 33 23 8 14 
34 16 54 34 39 55 39 52 34 50 55 16 -1 37 39 26 -1 16 -1 52 51 52 16 39 47 34 16 54 55 42 -1 34 34 54 -1 55 34 -1 39 -1 34 12 39 55 12 12 16 18 16 16 12 39 -1 36 -1 -1 34 16 
-1 0 27 34 38 33 40 14 0 38 34 1 34 37 8 -1 22 11 34 56 56 14 0 56 38 34 15 15 43 8 34 -1 0 32 0 55 34 22 15 34 15 32 8 0 38 43 14 32 22 26 27 45 34 36 27 43 0 43 
-1 0 33 49 33 33 41 47 0 47 47 1 41 42 8 31 49 42 47 41 33 47 0 33 47 34 49 31 43 33 34 0 -1 -1 0 33 34 22 49 41 49 -1 33 0 41 41 49 -1 22 -1 41 33 41 33 33 41 0 41 
32 32 20 42 5 -1 23 42 29 24 47 42 41 42 42 27 49 42 47 5 -1 20 32 5 5 54 49 20 43 -1 54 32 -1 -1 32 5 42 42 5 42 49 5 -1 42 42 5 23 32 24 5 20 20 19 20 -1 5 20 41 
-1 0 50 -1 39 41 3 14 0 50 25 16 -1 37 6 31 -1 16 30 41 53 52 0 6 48 -1 16 31 43 8 -1 0 0 32 -1 55 -1 30 44 30 3 12 36 0 12 12 16 25 3 3 12 39 30 36 25 30 0 16 
55 49 55 49 5 -1 55 14 14 24 55 49 41 55 5 38 49 42 55 5 33 14 55 5 5 55 49 55 55 23 55 55 33 5 55 -1 55 55 5 5 49 5 33 55 38 5 23 24 24 5 55 55 19 33 55 -1 19 41 
34 34 53 -1 14 23 -1 14 42 21 6 34 34 42 6 40 34 42 34 52 53 14 34 6 48 34 40 40 43 42 34 34 34 42 -1 55 -1 34 49 6 3 34 -1 -1 34 43 14 10 3 3 34 39 6 -1 34 6 3 43 
22 22 54 34 39 55 39 39 22 48 55 22 30 -1 39 26 22 13 30 41 51 52 -1 39 48 34 22 54 55 42 -1 22 22 42 30 55 34 -1 39 -1 39 39 13 55 39 39 13 30 22 22 30 39 30 13 30 -1 22 22 
56 56 27 49 -1 4 56 14 56 24 47 26 44 44 4 -1 49 44 47 56 56 14 48 56 -1 44 15 15 43 56 39 15 49 5 44 5 49 39 -1 4 15 5 14 14 -1 4 14 24 24 -1 24 39 56 56 27 5 -1 14 
34 40 51 6 -1 4 -1 14 42 51 6 30 30 37 4 38 30 42 30 41 51 14 37 6 5 10 40 38 43 42 -1 34 41 42 30 5 6 -1 4 -1 6 -1 -1 42 -1 -1 14 10 6 5 51 -1 6 36 30 6 6 41 
1 -1 27 -1 14 49 -1 14 1 21 6 1 34 17 6 -1 49 11 34 49 56 14 1 6 38 10 -1 15 43 23 34 15 49 49 3 49 3 39 15 6 -1 39 14 1 38 39 14 10 3 -1 27 39 6 36 55 6 1 14 
32 32 50 34 5 -1 39 57 32 24 55 16 -1 39 57 32 12 42 30 -1 33 47 16 5 5 57 49 50 55 23 12 32 -1 5 12 5 34 39 5 -1 39 -1 39 55 12 12 16 32 16 5 12 39 19 33 55 -1 19 -1 
8 8 21 36 14 33 14 14 -1 21 14 17 36 -1 -1 26 17 -1 39 33 33 14 8 29 33 36 17 21 43 -1 39 8 33 -1 36 33 -1 13 14 -1 14 39 -1 -1 17 39 13 21 36 33 51 39 14 13 33 43 8 14 
-1 0 21 36 14 55 14 14 0 21 55 1 45 42 -1 31 57 42 55 55 42 14 0 14 55 57 56 21 -1 42 55 0 0 42 0 55 -1 55 14 42 1 55 -1 -1 45 -1 14 21 22 32 45 45 14 36 55 -1 0 -1 
34 17 50 34 38 38 39 38 42 38 39 17 -1 17 38 38 12 -1 30 41 51 38 16 39 38 34 17 38 45 42 12 38 41 42 12 38 34 39 -1 -1 38 12 17 45 -1 -1 17 38 16 38 12 39 30 17 30 30 38 45 
43 43 50 34 -1 4 39 14 14 50 39 16 -1 39 4 38 12 44 30 5 51 14 16 5 5 57 16 38 43 42 12 43 41 5 12 5 43 39 4 -1 39 12 39 -1 -1 -1 14 21 16 5 12 -1 30 43 30 43 38 -1 
14 16 21 14 14 23 14 14 14 21 14 16 16 -1 -1 26 -1 -1 30 23 53 14 16 -1 23 34 16 21 43 23 16 14 49 23 16 23 14 13 14 14 14 16 13 14 17 14 -1 21 16 16 16 39 14 13 30 14 23 14 
32 32 21 10 21 24 10 21 21 21 -1 30 30 37 21 38 30 42 -1 24 21 -1 32 10 -1 10 49 21 43 33 18 32 -1 32 25 24 10 30 24 10 10 32 21 21 38 21 21 -1 24 32 21 55 21 21 21 10 24 21 
22 16 24 -1 24 24 3 14 22 24 6 16 16 37 6 38 -1 16 30 24 56 24 -1 6 -1 34 16 38 43 22 16 22 22 24 3 24 3 22 24 6 3 16 36 22 16 16 16 24 -1 3 16 39 6 36 30 6 3 16 
32 40 27 -1 5 -1 3 14 32 24 6 16 16 46 5 26 -1 16 30 5 33 47 16 5 5 34 -1 26 43 23 16 26 -1 5 3 5 3 22 -1 5 -1 5 33 32 38 5 16 32 3 -1 16 55 6 36 30 5 3 16 
34 16 -1 34 45 24 51 21 21 -1 55 16 -1 37 21 27 12 44 30 41 2 2 16 24 9 34 16 2 45 33 12 27 41 20 12 55 34 30 24 51 27 12 51 45 12 12 16 21 16 16 -1 -1 21 20 2 51 20 16 
45 56 20 39 39 55 39 21 42 50 55 39 45 39 39 27 39 42 39 41 -1 20 39 39 50 55 56 20 45 33 39 45 33 20 39 55 39 39 39 -1 39 39 39 45 39 -1 39 55 39 55 -1 -1 39 20 55 -1 20 45 
34 40 21 6 14 19 -1 21 14 21 6 30 30 37 6 40 30 30 30 -1 21 -1 30 6 19 10 40 21 43 23 -1 34 41 19 30 19 6 30 56 6 6 19 14 14 30 30 14 21 6 6 21 39 -1 36 30 6 6 14 
36 56 20 36 33 33 36 21 42 21 36 17 36 -1 36 27 36 13 36 56 -1 20 37 36 56 36 56 20 43 33 36 36 33 20 36 33 -1 13 56 36 36 33 13 36 17 43 13 21 36 36 20 20 36 -1 20 36 20 43 
33 30 -1 34 33 33 55 21 33 21 25 30 30 37 21 27 30 42 30 33 2 2 30 33 33 -1 27 2 55 33 -1 27 33 -1 25 55 34 30 27 30 55 55 33 55 30 30 30 21 30 30 2 55 30 20 -1 -1 20 25 
43 40 54 6 5 -1 -1 14 14 24 -1 30 30 37 6 40 30 37 30 5 51 14 37 5 5 10 40 54 43 23 -1 43 41 5 30 -1 6 -1 5 6 6 -1 43 -1 30 43 14 10 6 5 51 -1 6 36 -1 -1 6 41 
-1 -1 20 -1 38 19 -1 14 -1 24 6 1 34 42 6 26 11 11 47 -1 -1 14 0 -1 -1 10 -1 20 43 8 34 0 0 20 0 19 3 22 -1 6 1 19 8 0 38 38 23 24 3 3 20 20 6 20 20 6 -1 14 
43 16 21 14 14 41 14 14 14 21 25 16 16 42 -1 26 -1 16 30 41 51 14 16 14 41 -1 16 21 43 14 16 43 41 41 16 41 43 22 14 41 14 -1 14 -1 45 -1 14 21 16 16 16 45 14 43 25 41 14 -1 
