44
1 40
-1 24 22 28 28 9 27 16 11 -1 20 9 20 20 9 20 9 20 20 27 -1 9 -1 27 20 16 20 -1 -1 11 9 9 16 27 27 22 28 20 20 28 20 20 9 -1 
24 -1 24 -1 24 30 24 29 21 30 19 24 29 24 24 19 19 30 19 -1 24 19 24 27 -1 41 24 19 3 3 -1 3 24 19 24 24 28 19 24 28 19 3 19 24 
22 24 -1 24 24 11 24 11 11 11 24 -1 15 -1 32 11 11 22 24 24 13 11 -1 24 -1 16 11 11 22 11 11 33 -1 13 24 -1 15 13 32 15 13 20 11 24 
28 -1 24 -1 28 31 24 29 28 28 19 29 29 28 28 29 28 28 19 1 41 19 28 28 1 41 29 28 -1 -1 1 -1 28 31 28 24 28 19 29 28 28 -1 31 24 
28 24 24 28 -1 14 24 8 -1 30 24 8 36 8 -1 11 28 30 24 24 24 8 28 28 -1 28 11 28 -1 8 -1 14 -1 13 -1 24 28 30 32 28 32 24 14 24 
9 30 11 31 14 -1 27 16 11 -1 33 9 31 33 -1 11 9 16 33 21 9 9 9 27 14 16 11 9 9 11 9 -1 14 -1 -1 11 31 30 31 41 32 31 9 9 
27 24 24 24 24 27 -1 37 24 27 18 24 38 37 24 38 18 38 -1 24 24 24 24 18 -1 18 24 -1 24 37 37 33 38 27 27 38 37 -1 -1 23 37 24 27 24 
16 29 11 29 8 16 37 -1 -1 16 16 8 29 8 8 11 -1 16 16 37 13 8 13 18 8 16 11 16 16 -1 37 29 16 13 8 11 37 -1 17 28 13 25 16 16 
11 21 11 28 -1 11 24 -1 -1 11 15 -1 15 -1 4 11 7 16 15 21 13 -1 13 27 4 16 11 11 4 7 4 33 4 13 4 11 15 7 15 15 13 20 11 24 
-1 30 11 28 30 -1 27 16 11 -1 16 -1 42 11 5 11 -1 16 16 21 0 -1 0 27 11 16 11 -1 0 11 -1 5 16 5 5 11 15 30 15 15 15 42 -1 0 
20 19 24 19 24 33 18 16 15 16 -1 15 15 15 24 -1 -1 -1 -1 -1 -1 19 17 18 -1 16 20 19 16 15 17 33 16 -1 24 24 15 19 15 15 15 20 19 24 
9 24 -1 29 8 9 24 8 -1 -1 15 -1 15 2 8 -1 -1 16 15 15 15 8 2 27 2 16 -1 9 16 -1 9 9 2 9 8 2 15 8 15 15 15 20 9 9 
20 29 15 29 36 31 38 29 15 42 15 15 -1 15 42 -1 15 38 15 42 15 42 15 39 15 41 -1 42 36 -1 37 -1 38 31 42 38 -1 36 -1 15 15 31 -1 20 
20 24 -1 28 8 33 37 8 -1 11 15 2 15 -1 8 -1 8 20 15 37 -1 8 -1 33 2 41 20 33 22 8 37 33 2 -1 8 2 15 -1 15 15 -1 20 33 20 
9 24 32 28 -1 -1 24 8 4 5 24 8 42 8 -1 38 32 30 24 42 24 8 28 42 4 32 42 42 4 42 4 5 -1 5 4 32 28 30 32 28 32 42 -1 24 
20 19 11 29 11 11 38 11 11 11 -1 -1 -1 -1 38 -1 10 10 10 10 -1 11 13 39 10 16 11 11 36 11 11 12 38 10 42 38 -1 13 -1 -1 -1 20 12 20 
9 19 11 28 28 9 18 -1 7 -1 -1 -1 15 8 32 10 -1 -1 10 10 10 9 17 18 10 -1 11 9 -1 7 9 9 -1 10 9 11 28 7 17 28 32 25 9 9 
20 30 22 28 30 16 38 16 16 16 -1 16 38 20 30 10 -1 -1 10 10 -1 30 -1 18 10 16 20 16 16 16 -1 33 16 10 30 38 15 30 -1 15 15 20 16 20 
20 19 24 19 24 33 -1 16 15 16 -1 15 15 15 24 10 10 10 -1 10 10 19 17 -1 6 16 20 6 16 15 17 33 16 10 27 38 15 6 6 23 15 20 19 24 
27 -1 24 1 24 21 24 37 21 21 -1 15 42 37 42 10 10 10 10 -1 10 -1 28 27 -1 16 20 -1 -1 3 1 42 16 10 27 24 28 -1 15 28 15 42 -1 24 
-1 24 13 41 24 9 24 13 13 0 -1 15 15 -1 24 -1 10 -1 10 10 -1 9 0 18 -1 41 -1 0 0 15 17 41 13 10 24 13 15 13 15 15 13 -1 41 0 
9 19 11 19 8 9 24 8 -1 -1 19 8 42 8 8 11 9 30 19 -1 9 -1 9 27 19 16 11 9 19 8 -1 9 8 9 8 11 28 19 30 28 13 42 9 9 
-1 24 -1 28 28 9 24 13 13 0 17 2 15 -1 28 13 17 -1 17 28 0 9 -1 27 2 17 11 0 -1 11 17 28 2 13 27 2 28 13 17 28 13 20 9 0 
27 27 24 28 28 27 18 18 27 27 18 27 39 33 42 39 18 18 -1 27 18 27 27 -1 18 41 20 -1 27 27 27 33 18 27 27 38 28 18 18 -1 39 39 27 27 
20 -1 -1 1 -1 14 -1 8 4 11 -1 2 15 2 4 10 10 10 6 -1 -1 19 2 18 -1 16 20 6 -1 3 1 3 2 10 4 2 28 6 6 28 13 20 19 -1 
16 41 16 41 28 16 18 16 16 16 16 16 41 41 32 16 -1 16 16 16 41 16 17 41 16 -1 16 16 16 16 16 41 16 41 42 16 28 16 17 41 32 -1 41 16 
20 24 11 29 11 11 24 11 11 11 20 -1 -1 20 42 11 11 20 20 20 -1 11 11 20 20 16 -1 11 16 11 11 12 11 20 42 11 12 20 12 15 15 20 12 20 
-1 19 11 28 28 9 -1 16 11 -1 19 9 42 33 42 11 9 16 6 -1 0 9 0 -1 6 16 11 -1 -1 11 9 33 16 -1 -1 38 28 6 6 23 33 33 -1 0 
-1 3 22 -1 -1 9 24 16 4 0 16 16 36 22 4 36 -1 16 16 -1 0 19 -1 27 -1 16 16 -1 -1 3 4 3 4 27 4 22 -1 19 17 -1 22 3 19 0 
11 3 11 -1 8 11 37 -1 7 11 15 -1 -1 8 42 11 7 16 15 3 15 8 11 27 3 16 11 11 3 -1 3 3 11 31 42 11 12 7 12 15 15 3 12 11 
9 -1 11 1 -1 9 37 37 4 -1 17 9 37 37 4 11 9 -1 17 1 17 -1 17 27 1 16 11 9 4 3 -1 3 4 9 4 38 37 -1 17 28 32 3 9 9 
9 3 33 -1 14 -1 33 29 33 5 33 9 -1 33 5 12 9 33 33 42 41 9 28 33 3 41 12 33 3 3 3 -1 14 -1 5 38 12 33 12 41 15 -1 -1 9 
16 24 -1 28 -1 14 38 16 4 16 16 2 38 2 -1 38 -1 16 16 16 13 8 2 18 2 16 11 16 4 11 4 14 -1 13 4 2 28 13 -1 28 -1 25 14 24 
27 19 13 31 13 -1 27 13 13 5 -1 9 31 -1 5 10 10 10 10 10 10 9 13 27 10 41 20 -1 27 31 9 -1 13 -1 5 13 15 13 15 41 13 -1 -1 24 
27 24 24 28 -1 -1 27 8 4 5 24 8 42 8 4 42 9 30 27 27 24 8 27 27 4 42 42 -1 4 42 4 5 4 5 -1 24 28 27 27 27 32 42 -1 24 
22 24 -1 24 24 11 38 11 11 11 24 2 38 2 32 38 11 38 38 24 13 11 2 38 2 16 11 38 22 11 38 38 2 13 24 -1 38 13 -1 38 13 20 38 24 
28 28 15 28 28 31 37 37 15 15 15 15 -1 15 28 -1 28 15 15 28 15 28 28 28 28 28 12 28 -1 12 37 12 28 15 28 38 -1 -1 12 15 15 20 12 28 
20 19 13 19 30 30 -1 -1 7 30 19 8 36 -1 30 13 7 30 6 -1 13 19 13 18 6 16 20 6 19 7 -1 33 13 13 27 13 -1 -1 6 15 13 20 19 24 
20 24 32 29 32 31 -1 17 15 15 15 15 -1 15 32 -1 17 -1 6 15 15 30 17 18 6 17 12 6 17 12 17 12 -1 15 27 -1 12 6 -1 15 15 20 12 24 
28 28 15 28 28 41 23 28 15 15 15 15 15 15 28 -1 28 15 23 28 15 28 28 -1 28 41 15 23 -1 15 28 41 28 41 27 38 15 15 15 -1 15 -1 41 28 
20 19 13 28 32 32 37 13 13 15 15 15 15 -1 32 -1 32 15 15 15 13 13 13 39 13 32 15 33 22 15 32 15 -1 13 32 13 15 13 15 15 -1 20 15 20 
20 3 20 -1 24 31 24 25 20 42 20 20 31 20 42 20 25 20 20 42 -1 42 20 39 20 -1 20 33 3 3 3 -1 25 -1 42 20 20 20 20 -1 20 -1 -1 20 
9 19 11 31 14 9 27 16 11 -1 19 9 -1 33 -1 12 9 16 19 -1 41 9 9 27 19 41 12 -1 19 12 9 -1 14 -1 -1 38 12 19 12 41 15 -1 -1 9 
-1 24 24 24 24 9 24 16 24 0 24 9 20 20 24 20 9 20 24 24 0 9 0 27 -1 16 20 0 0 11 9 9 24 24 24 24 28 24 24 28 20 20 9 -1 
