99
7 23
-1 19 60 18 52 71 60 48 60 85 71 60 18 18 60 75 85 90 -1 -1 85 60 48 52 54 60 60 60 71 85 19 85 18 85 18 18 86 60 60 71 60 19 54 19 19 60 97 74 30 18 52 89 19 74 18 90 86 60 60 60 -1 60 52 85 54 97 86 71 88 60 85 -1 52 86 60 71 49 74 52 54 85 71 86 54 60 -1 -1 30 18 86 60 89 85 60 85 71 60 19 43 
19 -1 60 92 52 49 92 48 87 92 71 46 49 92 46 92 92 49 19 -1 92 46 48 52 74 92 92 88 89 63 -1 47 49 44 49 48 63 63 44 49 44 -1 46 19 -1 80 41 41 30 41 52 89 19 44 19 72 48 44 57 57 19 92 52 41 87 53 30 92 88 92 88 19 44 47 47 92 49 57 52 57 30 57 52 46 89 92 19 30 41 30 72 89 -1 41 63 88 77 19 92 
60 60 -1 13 60 54 60 48 60 93 71 60 18 -1 60 96 62 90 13 60 85 35 35 60 74 60 60 -1 79 63 48 60 68 60 82 13 82 60 60 88 60 88 13 60 60 60 35 74 35 18 75 89 82 74 18 90 82 60 60 60 -1 60 35 60 35 74 18 60 27 60 88 60 90 74 60 35 77 27 60 27 60 13 27 96 60 60 60 35 27 60 60 61 13 60 64 88 27 60 74 
18 92 13 -1 42 54 92 48 60 92 42 42 18 -1 42 92 92 92 13 92 92 35 35 42 54 92 42 13 42 92 92 42 18 92 18 13 54 42 42 98 98 46 -1 98 92 42 42 42 35 18 92 92 42 92 42 92 42 81 60 81 13 92 35 92 35 87 18 92 27 92 92 81 92 42 92 92 42 35 42 54 81 13 42 42 98 92 56 35 18 42 56 98 -1 92 64 92 83 46 42 
52 52 60 42 -1 76 76 52 76 61 28 42 52 42 -1 75 61 61 52 52 61 26 26 -1 61 97 14 77 14 63 52 42 61 62 52 62 76 26 42 72 62 76 14 52 72 14 97 75 52 76 52 97 -1 52 42 72 42 77 62 72 26 -1 52 37 54 97 52 75 61 26 97 28 52 42 75 61 -1 76 -1 28 45 28 14 42 97 52 82 97 97 97 61 61 75 60 97 75 77 -1 42 
71 49 54 54 76 -1 37 64 86 54 71 54 49 54 37 75 98 49 54 71 63 37 37 76 54 37 37 79 37 63 49 49 49 63 37 64 37 -1 64 -1 79 49 54 98 72 37 49 49 49 -1 98 55 37 37 -1 37 54 79 60 55 37 37 52 37 54 53 49 71 88 37 39 -1 39 49 54 49 49 76 37 54 81 71 37 54 39 63 71 49 39 37 49 98 98 49 63 71 77 49 39 
60 92 60 92 76 37 -1 64 -1 32 28 40 32 32 26 75 32 61 32 97 32 26 26 76 32 -1 -1 68 26 63 80 57 -1 40 32 26 76 26 40 76 -1 76 26 98 40 26 26 57 26 76 98 89 62 82 32 37 82 40 57 57 8 26 40 37 40 87 32 40 32 26 89 86 44 57 32 61 -1 76 26 40 25 26 26 26 40 80 8 8 68 8 32 61 25 60 63 86 77 25 40 
48 48 48 48 52 64 64 -1 87 64 64 64 64 48 56 75 62 74 64 48 94 48 48 52 64 64 48 77 64 94 48 64 64 64 64 48 64 64 64 64 64 48 56 48 48 64 48 74 -1 48 75 48 48 74 64 64 48 64 62 64 64 75 48 94 -1 87 48 64 64 77 94 64 64 66 48 48 77 48 56 64 48 48 56 48 64 67 56 64 48 48 56 62 48 48 64 67 77 48 74 
60 87 60 60 76 86 -1 87 -1 93 86 60 32 60 26 75 32 90 60 60 32 26 89 76 32 6 6 60 89 87 87 86 6 40 86 87 76 26 60 89 6 87 86 60 40 60 87 74 74 76 75 89 86 74 87 87 86 40 60 87 -1 26 40 87 87 87 86 60 32 26 89 86 87 86 60 74 6 74 89 87 89 86 86 26 89 60 -1 -1 89 -1 60 89 25 60 87 86 60 89 40 
85 92 93 92 61 54 32 64 93 -1 37 31 32 93 54 75 20 90 54 85 -1 93 59 61 -1 92 93 68 37 63 93 20 24 20 32 93 24 36 93 54 33 93 54 98 33 93 93 31 74 93 75 59 62 74 24 59 90 59 59 -1 93 32 20 20 54 74 31 85 32 92 85 54 59 31 24 59 36 59 37 54 85 59 36 54 90 20 66 59 90 59 24 61 20 -1 63 85 77 92 20 
71 71 71 42 28 71 28 64 86 37 -1 42 37 81 28 75 63 71 71 71 63 81 81 28 37 71 28 79 -1 63 89 79 28 79 37 75 37 28 71 71 79 63 28 71 79 28 42 63 86 71 75 89 28 37 71 37 86 79 71 55 71 28 79 37 55 87 86 71 79 28 89 -1 55 86 71 71 28 79 28 28 81 28 28 42 89 71 71 79 89 28 55 78 75 71 63 71 79 89 42 
60 46 60 42 42 54 40 64 60 31 42 -1 66 42 42 75 31 75 54 60 31 46 46 42 54 60 42 60 42 63 66 -1 31 31 66 64 54 42 -1 84 38 46 -1 98 57 42 42 31 56 46 98 64 42 57 42 64 42 31 57 57 38 42 40 31 38 87 31 38 32 42 84 67 57 31 47 67 40 57 42 40 45 57 42 42 38 31 56 64 46 84 56 98 31 60 64 67 83 46 42 
18 49 18 18 52 49 32 64 32 32 37 66 -1 18 82 75 32 49 -1 18 32 32 66 52 32 32 32 68 37 63 66 66 -1 32 -1 18 32 34 40 49 32 49 54 19 53 60 49 49 66 -1 52 55 34 34 18 37 82 66 66 66 18 32 32 37 54 53 -1 71 32 32 49 18 49 66 32 49 49 66 37 54 66 18 34 54 49 18 66 49 18 66 32 61 18 49 63 86 68 19 32 
18 92 -1 -1 42 54 32 48 60 93 81 42 18 -1 42 75 62 75 -1 18 92 35 35 42 54 60 35 2 81 81 48 81 18 62 18 -1 54 81 60 88 62 87 3 19 81 60 35 74 35 18 75 35 62 75 18 64 42 81 60 81 2 75 35 81 35 87 18 75 27 77 88 81 75 66 48 35 77 35 81 27 81 -1 27 35 60 18 18 35 18 81 60 62 3 35 64 81 27 19 42 
60 46 60 42 -1 37 26 56 26 54 28 42 82 42 -1 75 98 61 54 52 42 26 26 4 54 26 -1 82 -1 63 80 42 26 40 82 26 82 26 42 98 26 46 -1 98 82 -1 42 42 56 76 52 89 4 82 42 37 42 79 60 55 26 4 52 37 54 82 86 42 82 26 89 28 52 42 60 61 4 69 -1 28 45 28 -1 42 89 80 82 79 82 28 56 78 42 60 63 86 82 4 42 
75 92 96 92 75 75 75 75 75 75 75 75 75 75 75 -1 75 75 75 75 92 75 75 75 75 92 75 96 75 75 75 75 75 75 75 75 75 75 75 75 75 75 96 98 75 75 75 75 75 75 75 75 75 75 75 75 75 96 75 75 75 75 75 75 75 75 96 75 96 92 75 75 75 75 75 -1 96 96 75 96 85 75 75 96 75 75 75 75 96 75 75 75 75 75 75 75 -1 75 75 
85 92 62 92 61 98 32 62 32 20 63 31 32 62 98 75 -1 61 32 62 -1 62 62 61 32 32 32 68 63 63 62 20 -1 20 32 62 32 63 62 98 62 63 98 98 33 62 98 31 62 32 98 91 62 98 32 59 98 31 62 20 62 32 -1 20 62 87 31 85 32 92 85 85 62 31 98 61 32 62 91 62 85 57 98 98 98 20 98 62 68 91 32 62 20 20 63 85 68 32 -1 
90 49 90 92 61 49 61 74 90 90 71 75 49 75 61 75 61 -1 49 49 92 61 61 61 90 90 61 82 49 63 49 49 61 53 49 75 76 49 75 49 53 49 90 98 53 90 49 49 74 -1 75 75 49 -1 49 75 90 53 90 75 90 -1 75 49 74 53 49 75 61 61 49 49 53 49 53 -1 49 74 61 54 49 57 53 61 90 75 82 49 90 82 -1 61 75 90 63 75 75 61 49 
-1 19 13 13 52 54 32 64 60 54 71 54 -1 -1 54 75 32 49 -1 0 85 35 35 52 54 60 60 88 79 85 19 66 12 79 12 13 54 34 60 88 79 88 54 19 19 60 54 88 35 12 52 89 19 34 -1 64 54 66 60 54 0 32 35 85 54 53 12 71 88 60 88 0 88 66 54 35 49 35 54 54 81 13 34 54 88 0 0 35 -1 88 88 89 13 35 64 88 88 19 54 
-1 -1 60 92 52 71 97 48 60 85 71 60 18 18 52 75 62 49 0 -1 85 97 48 52 54 97 60 82 89 63 -1 66 18 44 52 48 82 52 60 72 62 1 97 -1 1 60 97 41 30 41 52 89 -1 44 18 72 48 44 60 57 0 52 52 41 87 97 30 71 82 92 85 0 52 66 48 52 52 48 52 87 30 71 52 97 89 0 0 30 18 30 60 62 1 41 63 71 82 -1 43 
85 92 85 92 61 63 32 94 32 -1 63 31 32 92 42 92 -1 92 85 85 -1 62 59 61 9 92 63 68 63 63 63 -1 16 -1 63 62 24 63 31 85 33 63 31 98 33 85 63 31 62 63 92 59 62 44 24 59 42 31 57 9 85 32 16 -1 94 53 31 85 32 92 85 85 44 31 24 92 32 57 63 40 85 57 98 42 98 -1 66 63 63 85 24 62 -1 9 63 85 77 92 16 
60 46 35 35 26 37 26 48 26 93 81 46 32 35 26 75 62 61 35 97 62 -1 -1 26 32 26 -1 77 81 63 46 81 26 40 37 -1 37 26 60 37 26 46 46 97 81 26 -1 46 22 46 75 22 62 75 46 37 46 81 60 81 26 26 35 37 35 87 81 75 32 26 85 81 75 47 48 35 26 35 26 81 81 -1 26 -1 60 81 81 35 46 51 60 61 69 35 64 81 83 46 46 
48 48 35 35 26 37 26 48 89 59 81 46 66 35 26 75 62 61 35 48 59 -1 -1 26 74 26 21 77 81 63 48 66 26 40 37 21 37 26 60 72 26 46 46 48 48 26 21 74 -1 46 75 -1 48 74 46 51 48 81 60 55 26 26 35 37 35 74 48 75 89 26 89 81 55 66 48 35 26 35 26 81 48 21 26 21 89 80 56 35 89 51 55 89 48 35 64 81 83 46 74 
52 52 60 42 -1 76 76 52 76 61 28 42 52 42 4 75 61 61 52 52 61 26 26 -1 61 97 14 77 14 63 52 42 61 62 52 62 76 26 42 72 62 76 14 52 72 14 97 75 52 76 52 97 4 52 42 72 42 77 62 72 26 4 52 37 54 97 52 75 61 26 97 28 52 42 75 61 4 76 4 28 45 28 14 42 97 52 82 97 97 97 61 61 75 60 97 75 77 4 42 
54 74 74 54 61 54 32 64 32 -1 37 54 32 54 54 75 32 90 54 54 9 32 74 61 -1 32 32 68 37 63 74 20 -1 20 32 64 -1 36 64 54 32 74 54 98 74 74 54 74 74 32 75 90 82 74 -1 90 90 59 74 9 74 32 32 20 54 74 32 75 32 77 90 54 90 74 -1 74 36 74 37 54 32 37 36 54 90 20 82 64 90 82 -1 61 20 9 64 90 77 32 74 
60 92 60 92 97 37 -1 64 6 92 71 60 32 60 26 92 32 90 60 97 92 26 26 97 32 -1 6 60 81 85 80 92 6 40 32 92 76 26 60 98 6 80 92 97 92 60 97 74 74 76 92 89 97 74 32 90 90 40 60 57 -1 26 40 85 60 97 80 60 32 92 85 60 90 74 60 92 6 74 97 40 -1 80 26 26 60 80 8 8 89 80 60 89 -1 60 64 85 60 -1 92 
60 92 60 42 14 37 -1 48 6 93 28 42 32 35 -1 75 32 61 60 60 63 -1 21 14 32 6 -1 82 14 63 89 42 6 40 37 21 37 -1 60 37 6 46 14 98 82 14 21 74 22 37 75 22 82 82 37 37 82 40 60 55 -1 -1 35 37 35 82 86 60 32 -1 89 37 55 74 60 61 6 69 14 28 25 21 -1 21 60 60 82 8 82 82 60 61 69 60 63 86 77 14 82 
60 88 -1 13 77 79 68 77 60 68 79 60 68 2 82 96 68 82 88 82 68 77 77 77 68 60 82 -1 79 88 87 77 68 79 82 77 82 79 60 88 79 88 79 98 77 60 88 77 77 77 82 89 82 82 79 87 82 77 60 77 2 68 77 88 77 82 77 95 -1 77 88 86 82 77 77 77 77 -1 79 -1 89 13 -1 96 88 88 82 79 -1 82 88 89 77 60 88 88 -1 89 82 
71 89 79 42 14 37 26 64 89 37 -1 42 37 81 -1 75 63 49 79 89 63 81 81 14 37 81 14 79 -1 63 89 79 26 79 37 81 37 -1 79 37 79 63 14 89 79 14 42 63 89 37 52 89 14 37 79 37 42 79 79 55 26 14 79 37 55 87 79 71 79 26 89 10 55 79 37 55 14 79 -1 -1 81 -1 14 42 89 63 89 79 89 -1 55 78 42 60 63 71 79 89 42 
85 63 63 92 63 63 63 94 87 63 63 63 63 81 63 75 63 63 85 63 63 63 63 63 63 85 63 88 63 -1 63 63 63 63 63 87 63 63 85 63 63 63 63 63 63 85 63 63 63 63 63 63 63 63 63 63 63 63 63 63 63 63 63 -1 94 87 63 85 88 63 85 63 63 63 63 63 63 63 63 63 85 63 63 63 63 63 85 63 63 63 63 63 63 63 63 85 88 63 63 
19 -1 48 92 52 49 80 48 87 93 89 66 66 48 80 75 62 49 19 -1 63 46 48 52 74 80 89 87 89 63 -1 66 66 44 49 48 89 63 87 49 66 -1 46 19 1 80 41 41 -1 41 52 89 19 44 87 87 48 66 66 66 19 91 48 41 87 87 -1 85 88 92 89 19 44 66 48 48 49 48 89 87 -1 80 89 46 89 80 66 -1 41 -1 56 89 1 41 63 85 77 19 43 
85 47 60 42 42 49 57 64 86 20 79 -1 66 81 42 75 20 49 66 66 -1 81 66 42 20 92 42 77 79 63 66 -1 20 20 66 77 24 63 11 49 57 47 11 66 57 42 42 -1 66 47 75 59 62 57 42 59 42 -1 57 57 38 32 20 20 38 57 -1 38 32 77 85 81 57 -1 47 74 77 57 42 57 66 57 86 42 38 20 66 47 47 66 24 62 20 20 63 85 77 46 20 
18 49 68 18 61 49 -1 64 6 24 28 31 -1 18 26 75 -1 61 12 18 16 26 26 61 -1 6 6 68 26 63 66 20 -1 20 12 62 24 26 40 49 6 49 54 98 33 26 26 74 74 12 75 75 34 34 24 75 90 40 62 24 8 -1 16 20 54 53 12 75 -1 26 88 18 75 66 24 61 6 68 61 40 25 18 26 26 90 20 8 8 68 8 24 61 20 24 63 88 68 25 16 
85 44 60 92 62 63 40 64 40 20 79 31 32 62 40 75 20 53 79 44 -1 40 40 62 20 40 40 79 79 63 44 20 20 -1 53 62 24 63 40 72 -1 44 98 98 -1 60 44 31 44 44 98 72 62 44 79 72 82 40 57 20 40 32 40 20 40 53 31 40 32 92 85 67 44 31 53 53 40 57 79 40 85 57 53 98 40 20 40 79 44 40 72 62 20 20 63 85 77 40 40 
18 49 82 18 52 37 32 64 86 32 37 66 -1 18 82 75 32 49 12 52 63 37 37 52 32 32 37 82 37 63 49 66 12 53 -1 62 37 -1 60 49 62 49 82 52 53 82 49 49 74 -1 52 55 -1 -1 18 37 82 53 62 55 37 32 52 37 55 53 12 75 32 37 49 37 52 66 53 53 49 74 37 37 89 37 -1 37 49 63 82 49 18 82 49 62 75 49 63 86 82 52 82 
18 48 13 13 62 64 26 48 87 93 75 64 18 -1 26 75 62 75 13 48 62 -1 21 62 64 92 21 77 81 87 48 77 62 62 62 -1 77 26 64 75 62 87 13 48 75 93 21 74 -1 75 75 22 62 75 64 64 48 77 62 64 93 75 -1 87 -1 87 48 75 77 77 94 75 75 66 48 -1 77 -1 91 87 48 13 26 21 64 75 56 -1 18 48 93 62 75 -1 64 75 77 46 62 
86 63 82 54 76 37 76 64 76 24 37 54 32 54 82 75 32 76 54 82 24 37 37 76 -1 76 37 82 37 63 89 24 24 24 37 77 -1 -1 60 37 76 63 54 98 82 82 37 74 74 76 82 55 82 82 24 37 82 77 60 24 37 32 82 37 54 82 86 71 32 37 89 37 55 74 24 55 -1 76 37 37 89 37 -1 37 89 63 82 55 82 82 24 89 98 24 63 86 77 76 82 
60 63 60 42 26 -1 26 64 26 36 28 42 34 81 26 75 63 49 34 52 63 26 26 26 36 26 -1 79 -1 63 63 63 26 63 -1 26 -1 -1 60 5 26 63 26 52 53 26 26 63 26 5 52 55 34 34 5 -1 82 59 60 55 26 26 52 -1 55 53 34 71 32 26 39 5 55 63 36 55 36 69 28 28 81 28 26 26 39 63 71 55 39 28 55 61 63 60 63 71 75 89 39 
60 44 60 42 42 64 40 64 60 93 71 -1 40 60 42 75 62 75 60 60 31 60 60 42 64 60 60 60 79 85 87 11 40 40 60 64 60 60 -1 84 -1 87 11 98 40 60 42 31 64 84 75 64 62 74 64 64 42 40 60 57 -1 60 40 85 -1 87 31 -1 40 60 84 67 64 31 60 67 40 57 42 40 60 57 60 42 -1 67 60 64 84 84 60 62 60 60 64 67 60 60 40 
71 49 88 98 72 -1 76 64 89 54 71 84 49 88 98 75 98 49 88 72 85 37 72 72 54 98 37 88 37 63 49 49 49 72 49 75 37 5 84 -1 98 49 98 98 72 84 49 49 98 -1 98 72 72 72 5 72 90 72 72 72 84 49 72 37 54 72 49 71 88 98 -1 5 -1 49 98 72 49 76 98 54 85 71 98 98 -1 70 71 49 -1 70 72 98 98 49 70 88 88 89 -1 
60 44 60 98 62 79 -1 64 6 33 79 38 32 62 26 75 62 53 79 62 33 26 26 62 32 6 6 79 79 63 66 57 6 -1 62 62 76 26 -1 98 -1 87 98 98 33 60 98 57 62 76 98 59 62 44 79 59 98 -1 57 57 38 26 -1 33 38 87 57 38 32 26 98 67 44 57 98 62 6 57 79 -1 25 57 98 98 38 33 8 79 79 8 60 62 98 60 64 67 77 25 -1 
19 -1 88 46 76 49 76 48 87 93 63 46 49 87 46 75 63 49 88 1 63 46 46 76 74 80 46 88 63 63 -1 47 49 44 49 87 63 63 87 49 87 -1 46 19 1 80 -1 -1 30 -1 52 87 19 44 46 87 46 44 93 87 93 49 87 -1 87 87 30 85 88 92 88 49 44 47 47 49 49 74 46 87 30 46 49 46 49 63 66 -1 -1 30 88 89 1 -1 63 88 88 46 46 
54 46 13 -1 14 54 26 56 86 54 28 -1 54 3 -1 96 98 90 54 97 31 46 46 14 54 92 14 79 14 63 46 11 54 98 82 13 54 26 11 98 98 46 -1 98 46 14 -1 31 56 46 98 46 14 82 -1 64 -1 31 57 54 26 14 98 46 54 97 31 38 54 26 98 54 90 31 98 92 14 96 14 54 45 13 14 -1 98 92 56 46 46 28 56 98 3 46 64 86 83 46 -1 
19 19 60 98 52 98 98 48 60 98 71 98 19 19 98 98 98 98 19 -1 98 97 48 52 98 97 98 98 89 63 19 66 98 98 52 48 98 52 98 98 98 19 98 -1 19 60 97 98 30 98 98 89 19 98 98 72 98 98 60 98 19 98 52 41 98 97 30 71 98 98 98 19 52 66 98 98 52 98 98 98 30 71 98 98 98 19 19 30 98 30 98 98 98 98 98 71 98 19 -1 
19 -1 60 92 72 72 40 48 40 33 79 57 53 81 82 75 33 53 19 1 33 81 48 72 74 92 82 77 79 63 1 57 33 -1 53 75 82 53 40 72 33 1 46 19 -1 60 41 41 30 41 72 72 72 -1 79 72 82 -1 57 57 58 53 40 33 72 53 57 75 77 77 72 81 -1 57 53 53 77 57 72 57 30 57 53 81 72 33 66 30 41 30 72 61 1 41 63 75 77 19 40 
60 80 60 42 14 37 26 64 60 93 28 42 60 60 -1 75 62 90 60 60 85 26 26 14 74 60 14 60 14 85 80 42 26 60 82 93 82 26 60 84 60 80 14 60 60 -1 42 74 74 76 52 89 14 74 42 90 42 60 60 60 -1 14 60 85 60 74 80 60 60 26 85 60 90 74 60 74 14 74 14 28 -1 80 14 42 60 80 60 60 89 80 60 78 60 60 64 85 60 14 42 
97 41 35 42 97 49 26 48 87 93 42 42 49 35 42 75 98 49 54 97 63 -1 21 97 54 97 21 88 42 63 41 42 26 44 49 21 37 26 42 49 98 -1 -1 97 41 42 -1 41 22 41 98 22 97 97 42 87 42 81 60 81 26 26 35 41 35 97 41 42 88 26 88 81 44 47 47 35 49 35 42 54 41 21 26 21 97 63 56 41 41 97 56 97 41 41 63 88 83 -1 42 
74 41 74 42 75 49 57 74 74 31 63 31 49 74 42 75 31 49 88 41 31 46 74 75 74 74 74 77 63 63 41 -1 74 31 49 74 74 63 31 49 57 -1 31 98 41 74 41 -1 74 41 75 74 41 74 74 74 74 31 57 57 74 75 31 41 74 74 31 75 88 77 88 49 74 -1 -1 74 49 74 98 57 41 57 74 42 98 31 66 41 41 41 74 98 31 41 63 88 77 46 74 
30 30 35 35 52 49 26 -1 74 74 86 56 66 35 56 75 62 74 35 30 62 22 -1 52 74 74 22 77 89 63 -1 66 74 44 74 -1 74 26 64 98 62 30 56 30 30 74 22 74 -1 41 75 22 30 74 56 51 -1 66 62 55 74 75 35 41 7 74 30 75 74 77 89 86 74 66 -1 35 77 35 56 87 30 22 56 22 89 80 56 30 41 30 56 62 30 35 64 86 77 30 74 
18 41 18 18 76 -1 76 48 76 93 71 46 -1 18 76 75 32 -1 12 41 63 46 46 76 32 76 37 77 37 63 41 47 12 44 -1 75 76 5 84 -1 76 -1 46 98 41 76 41 41 41 -1 52 55 34 17 5 37 82 66 62 55 90 17 52 41 54 53 12 71 32 77 39 5 39 47 47 17 -1 76 76 54 41 71 34 46 39 63 66 41 39 41 17 61 41 41 63 71 77 46 39 
52 52 75 92 52 98 98 75 75 75 75 98 52 75 52 75 98 75 52 52 92 75 75 52 75 92 75 82 52 63 52 75 75 98 52 75 82 52 75 98 98 52 98 98 72 52 98 75 75 52 -1 75 -1 75 98 75 82 98 62 75 75 75 52 52 75 75 52 75 75 92 98 75 52 75 75 -1 52 75 52 98 52 75 52 98 98 75 82 75 98 82 72 98 75 75 75 75 75 52 -1 
89 89 89 92 97 55 89 48 89 59 89 64 55 35 89 75 91 75 89 89 59 22 -1 97 90 89 22 89 89 63 89 59 75 72 55 22 55 55 64 72 59 87 46 89 72 89 22 74 22 55 75 -1 72 72 64 -1 48 59 59 55 89 75 91 55 55 87 89 75 89 26 89 89 55 89 48 55 55 35 89 87 89 22 89 22 89 89 89 55 89 -1 55 89 75 90 64 89 75 89 89 
19 19 82 42 -1 37 62 48 86 62 28 42 34 62 4 75 62 49 19 -1 62 62 48 4 82 97 82 82 14 63 19 62 34 62 -1 62 82 34 62 72 62 19 14 19 72 14 97 41 30 34 -1 72 -1 34 19 72 82 62 62 72 19 4 -1 37 62 53 30 75 82 82 72 19 -1 66 53 50 4 62 4 62 30 28 -1 42 72 19 82 30 72 82 72 62 19 62 63 86 82 4 50 
74 44 74 92 52 37 82 74 74 74 37 57 34 75 82 75 98 -1 34 44 44 75 74 52 74 74 82 82 37 63 44 57 34 44 -1 75 82 34 74 72 44 44 82 98 -1 74 97 74 74 17 75 72 34 -1 74 72 82 44 57 57 74 17 52 37 74 -1 34 75 82 77 72 75 -1 74 -1 -1 49 74 82 57 89 57 -1 75 72 75 82 65 72 82 17 61 75 74 74 75 75 65 74 
18 19 18 42 42 -1 32 64 87 24 71 42 18 18 42 75 32 49 -1 18 24 46 46 42 -1 32 37 79 79 63 87 42 24 79 18 64 24 5 64 5 79 46 -1 98 79 42 42 74 56 5 98 64 19 74 -1 64 42 79 79 24 18 32 64 37 -1 87 18 64 32 37 39 5 39 42 24 64 36 64 42 -1 45 18 36 42 39 18 18 64 18 79 24 98 42 24 64 71 79 46 42 
90 72 90 92 72 37 37 64 87 59 37 64 37 64 37 75 59 75 64 72 59 37 51 72 90 90 37 87 37 63 87 59 75 72 37 64 37 -1 64 72 59 87 64 72 72 90 87 74 51 37 75 -1 72 72 64 -1 90 59 59 -1 90 75 64 37 -1 87 59 75 90 37 72 37 -1 59 64 -1 37 59 37 87 87 37 37 37 90 63 87 -1 90 51 -1 75 75 90 64 75 75 87 72 
86 48 82 42 42 54 82 48 86 90 86 42 82 42 42 75 98 90 54 48 42 46 48 42 90 90 82 82 42 63 48 42 90 82 82 48 82 82 42 90 98 46 -1 98 82 42 42 74 -1 82 82 48 82 82 42 90 -1 86 90 90 90 82 48 46 48 82 86 86 82 82 89 86 90 86 48 48 82 48 42 54 48 86 -1 42 90 86 -1 48 90 82 -1 89 42 90 64 86 82 46 42 
60 44 60 81 77 79 40 64 40 59 79 31 66 81 79 96 31 53 66 44 31 81 81 77 59 40 40 77 79 63 66 -1 40 40 53 77 77 59 40 72 -1 44 31 98 -1 60 81 31 66 66 98 59 62 44 79 59 86 -1 -1 -1 58 40 40 31 40 53 -1 40 77 77 72 81 44 31 77 53 77 -1 79 -1 81 -1 53 81 40 31 66 79 77 66 59 62 31 59 63 81 77 40 40 
60 57 60 60 62 60 57 62 60 59 71 57 66 60 60 75 62 90 60 60 57 60 60 62 74 60 60 60 79 63 66 57 62 57 62 62 60 60 60 72 57 93 57 60 57 60 60 57 62 62 62 59 62 57 79 59 90 -1 -1 57 -1 60 -1 57 60 57 57 60 60 60 85 60 57 57 60 62 77 57 91 57 60 57 60 60 60 60 60 60 90 60 60 62 60 60 64 67 77 60 57 
60 57 60 81 72 55 57 64 87 -1 55 57 66 81 55 75 20 75 54 57 9 81 55 72 9 57 55 77 55 63 66 57 24 20 55 64 24 55 57 72 57 87 54 98 57 60 81 57 55 55 75 55 72 57 24 -1 90 -1 57 -1 58 75 57 20 55 87 57 75 32 77 72 81 55 57 24 55 77 57 55 57 81 57 36 81 90 20 66 55 90 55 55 62 20 9 64 75 77 87 57 
-1 19 -1 13 26 37 8 64 -1 93 71 38 18 2 26 75 62 90 0 0 85 26 26 26 74 -1 -1 2 26 63 19 38 8 40 37 93 37 26 -1 84 38 93 26 19 58 -1 26 74 74 90 75 89 19 74 18 90 90 58 -1 58 -1 26 58 37 38 74 58 38 27 26 85 0 90 74 -1 74 8 74 26 27 25 13 26 26 38 0 0 8 90 8 -1 61 25 -1 64 67 27 25 74 
60 92 60 92 -1 37 26 75 26 32 28 42 32 75 4 75 32 -1 32 52 32 26 26 4 32 26 -1 68 14 63 91 32 -1 32 32 75 32 26 60 49 26 49 14 98 53 14 26 75 75 17 75 75 4 17 32 75 82 40 60 75 26 -1 91 37 75 53 32 75 32 26 91 75 75 66 75 -1 4 69 4 28 91 26 26 26 90 75 82 75 68 91 17 -1 75 60 63 75 75 4 91 
52 52 35 35 52 52 40 48 40 20 79 40 32 35 52 75 -1 75 35 52 16 35 35 52 32 40 35 77 79 63 48 20 16 40 52 -1 82 52 40 72 -1 87 98 52 40 60 35 31 35 52 52 91 -1 52 64 64 48 40 -1 57 58 91 -1 20 35 87 57 40 32 77 91 52 52 31 48 35 40 35 91 40 91 35 52 35 40 20 82 35 91 91 60 -1 20 35 64 67 77 52 16 
85 41 60 92 37 37 37 94 87 20 37 31 37 81 37 75 20 49 85 41 -1 37 37 37 20 85 37 88 37 -1 41 20 20 20 37 87 37 -1 85 37 33 -1 46 41 33 85 41 41 41 41 52 55 37 37 37 37 46 31 57 20 37 37 20 -1 94 87 31 85 88 37 85 37 55 31 47 55 37 57 37 37 85 37 37 37 39 -1 85 41 41 37 55 61 20 41 -1 85 88 46 20 
54 87 35 35 54 54 40 -1 87 54 55 38 54 35 54 75 62 74 54 87 94 35 35 54 54 60 35 77 55 94 87 38 54 40 55 -1 54 55 -1 54 38 87 54 98 72 60 35 74 7 54 75 55 62 74 -1 -1 48 40 60 55 38 75 35 94 -1 87 87 38 54 77 94 54 55 74 -1 35 77 35 54 54 87 35 74 35 38 67 87 -1 54 55 55 62 75 35 -1 67 77 87 74 
97 53 74 87 97 53 87 87 87 74 87 87 53 87 82 75 87 53 53 97 53 87 74 97 74 97 82 82 87 87 87 57 53 53 53 87 82 53 87 72 87 87 97 97 53 74 97 74 74 53 75 87 53 -1 87 87 82 53 57 87 74 53 87 87 87 -1 87 75 82 77 97 75 53 74 53 53 97 74 97 87 87 57 53 87 97 75 82 -1 87 97 53 97 75 87 87 75 75 -1 74 
86 30 18 18 52 49 32 48 86 31 86 31 -1 18 86 96 31 49 12 30 31 81 48 52 32 80 86 77 79 63 -1 -1 12 31 12 48 86 34 31 49 57 30 31 30 57 80 41 31 30 12 52 89 30 34 18 59 86 -1 57 57 58 32 57 31 87 87 -1 86 32 77 89 86 57 -1 47 48 49 57 79 57 30 57 86 42 89 31 -1 30 18 30 86 89 30 41 63 86 77 30 57 
71 92 60 92 75 71 40 64 60 85 71 38 71 75 42 75 85 75 71 71 85 75 75 75 75 60 60 95 71 85 85 38 75 40 75 75 71 71 -1 71 38 85 38 71 75 60 42 75 75 71 75 75 75 75 64 75 86 40 60 75 38 75 40 85 38 75 86 -1 95 92 85 -1 75 38 75 -1 40 75 71 40 85 71 75 42 38 -1 71 64 95 84 60 75 75 60 64 -1 75 60 40 
88 88 27 27 61 88 32 64 32 32 79 32 32 27 82 96 32 61 88 82 32 32 89 61 32 32 32 -1 79 88 88 32 -1 32 32 77 32 32 40 88 32 88 54 98 77 60 88 88 74 32 75 89 82 82 32 90 82 77 60 32 27 32 32 88 54 82 32 95 -1 77 88 95 88 66 32 61 32 27 61 27 89 27 27 96 88 88 82 79 -1 88 88 61 32 88 88 88 27 89 32 
60 92 60 92 26 37 26 77 26 92 28 42 32 77 26 92 92 61 60 92 92 26 26 26 77 92 -1 77 26 63 92 77 26 92 37 77 37 26 60 98 26 92 26 98 77 26 26 77 77 77 92 26 82 77 37 37 82 77 60 77 26 26 77 37 77 77 77 92 77 -1 92 37 92 77 77 92 77 -1 26 77 92 26 26 26 98 92 82 77 77 82 60 61 -1 92 63 92 77 92 92 
85 88 88 92 97 39 89 94 89 85 89 84 49 88 89 75 85 49 88 85 85 85 89 97 90 85 89 88 89 85 89 85 88 85 49 94 89 39 84 -1 98 88 98 98 72 85 88 88 89 39 98 89 72 72 39 72 89 72 85 72 85 91 91 85 94 97 89 85 88 92 -1 39 39 85 94 72 49 88 89 88 85 85 89 96 39 -1 89 88 -1 -1 88 89 85 88 -1 85 88 89 39 
-1 19 60 81 28 -1 86 64 86 54 -1 67 18 81 28 75 85 49 0 0 85 81 81 28 54 60 37 86 10 63 19 81 18 67 37 75 37 5 67 5 67 49 54 19 81 60 81 49 86 5 75 89 19 75 5 37 86 81 60 81 0 75 52 37 54 75 86 -1 95 37 39 -1 39 86 60 67 49 81 28 28 81 -1 86 81 39 0 -1 86 95 86 60 89 75 60 63 -1 75 19 39 
52 44 90 92 52 39 44 64 87 59 55 57 49 75 52 75 62 53 88 52 44 75 55 52 90 90 55 82 55 63 44 57 75 44 52 75 55 55 64 -1 44 44 90 52 -1 90 44 74 74 39 52 55 -1 -1 39 -1 90 44 57 55 90 75 52 55 55 53 57 75 88 92 39 39 -1 57 53 -1 49 57 52 57 44 57 52 75 39 70 82 55 39 55 -1 62 75 90 64 75 75 52 39 
86 47 74 42 42 49 57 66 86 31 86 31 66 66 42 75 31 49 66 66 31 47 66 42 74 74 74 77 79 63 66 -1 66 31 66 66 74 63 31 49 57 47 31 66 57 74 47 -1 66 47 75 89 66 74 42 59 86 31 57 57 74 66 31 31 74 74 -1 38 66 77 85 86 57 -1 47 74 49 57 42 57 66 57 86 42 38 31 66 47 47 66 74 89 31 47 63 86 77 47 74 
60 47 60 92 75 54 32 48 60 24 71 47 32 48 60 75 98 53 54 48 24 48 48 75 -1 60 60 77 37 63 48 47 24 53 53 48 24 36 60 98 98 47 98 98 53 60 47 -1 -1 47 75 48 53 -1 24 64 48 77 60 24 -1 75 48 47 -1 53 47 75 32 77 94 60 53 47 -1 -1 77 -1 98 54 48 77 53 96 98 60 56 64 47 48 24 98 75 60 64 75 77 60 -1 
71 92 35 92 61 49 61 48 74 59 71 67 49 35 61 -1 61 -1 35 52 92 35 35 61 74 92 61 77 55 63 48 74 61 53 53 -1 55 55 67 72 62 49 92 98 53 74 35 74 35 17 -1 55 50 -1 64 -1 48 53 62 55 74 -1 35 55 35 53 48 -1 61 92 72 67 -1 74 -1 -1 49 35 61 87 85 35 53 35 67 67 71 35 72 55 17 61 -1 35 64 67 15 61 50 
49 49 77 42 -1 49 -1 77 6 36 28 40 49 77 4 96 32 49 49 52 32 26 26 4 36 6 6 77 14 63 49 77 6 40 49 77 -1 36 40 49 6 49 14 52 77 14 49 49 77 -1 52 55 4 49 36 37 82 77 77 77 8 4 40 37 77 97 49 40 32 77 49 49 49 49 77 49 -1 -1 4 40 25 77 36 96 49 63 8 8 49 8 36 61 25 49 63 71 77 4 40 
74 57 27 35 76 76 76 48 74 59 79 57 66 35 69 96 62 74 35 48 57 35 35 76 74 74 69 -1 79 63 48 57 68 57 74 -1 76 69 57 76 57 74 96 98 57 74 35 74 35 76 75 35 62 74 64 59 48 -1 57 57 74 69 35 57 35 74 57 75 27 -1 88 81 57 57 -1 35 -1 -1 76 27 81 57 27 96 98 92 66 35 27 82 74 62 69 35 64 88 -1 76 74 
52 52 60 42 -1 37 26 56 89 37 28 42 37 81 -1 75 91 61 54 52 63 26 26 4 37 97 14 79 -1 63 89 42 61 79 37 91 37 28 42 98 79 46 14 98 72 14 42 98 56 76 52 89 4 82 42 37 42 79 91 55 26 4 91 37 54 97 79 71 61 26 89 28 52 42 98 61 4 76 -1 28 45 28 14 42 89 63 82 79 89 28 55 -1 98 60 63 71 77 4 91 
54 57 27 54 28 54 40 64 87 54 28 40 54 27 28 96 62 54 54 87 40 81 81 28 54 40 28 -1 -1 63 87 57 40 40 37 87 37 28 40 54 -1 87 54 98 57 28 54 57 87 54 98 87 62 57 -1 87 54 -1 57 57 27 28 40 37 54 87 57 40 27 77 88 28 57 57 54 87 40 27 28 -1 81 28 27 54 40 40 66 -1 27 28 54 62 98 87 64 88 27 87 40 
85 30 60 81 45 81 25 48 89 85 81 45 66 81 45 85 85 49 81 30 85 81 48 45 32 -1 25 89 81 85 -1 66 25 85 89 48 89 81 60 85 25 30 45 30 30 -1 41 41 30 41 52 89 30 89 45 87 48 81 60 81 25 91 91 85 87 87 30 85 89 92 85 81 44 66 48 85 25 81 45 81 -1 -1 89 81 89 -1 89 30 89 -1 60 89 25 41 85 85 81 25 89 
71 57 13 13 28 71 26 48 86 59 28 57 18 -1 28 75 57 57 13 71 57 -1 21 28 37 80 21 13 -1 63 80 57 18 57 37 13 37 28 57 71 57 46 13 71 57 80 21 57 22 71 75 22 28 57 18 37 86 -1 57 57 13 26 35 37 35 57 57 71 27 26 85 -1 57 57 77 35 77 57 28 28 -1 -1 26 21 89 80 71 35 18 28 55 78 13 35 63 71 77 46 57 
86 52 27 42 14 37 26 56 86 36 28 42 34 27 -1 75 98 53 34 52 98 26 26 14 36 26 -1 -1 14 63 89 86 26 53 -1 26 -1 26 60 98 98 49 14 98 53 14 26 74 56 34 52 89 -1 -1 36 37 -1 53 60 36 26 26 52 37 74 53 86 75 27 26 89 86 52 86 53 53 36 27 14 27 89 26 -1 26 89 86 -1 65 27 -1 56 89 98 60 89 86 27 89 -1 
54 46 96 42 42 54 26 48 26 54 42 42 54 35 42 96 98 61 54 97 42 -1 21 42 54 26 21 96 42 63 46 42 26 98 37 21 37 26 42 98 98 46 -1 98 81 42 21 42 22 46 98 22 42 75 42 37 42 81 60 81 26 26 35 37 35 87 42 42 96 26 96 81 75 42 96 35 96 96 42 54 81 21 26 -1 98 81 56 35 96 42 56 98 42 35 64 81 -1 46 42 
60 89 60 98 97 39 40 64 89 90 89 38 49 60 89 75 98 90 88 89 98 60 89 97 90 60 60 88 89 63 89 38 90 40 49 64 89 39 -1 -1 38 49 98 98 72 60 97 98 89 39 98 89 72 72 39 90 90 40 60 90 38 90 40 39 38 97 89 38 88 98 39 39 39 38 98 67 49 98 89 40 89 89 89 98 -1 67 89 64 39 -1 -1 89 98 90 64 67 88 89 -1 
-1 92 60 92 52 63 80 67 60 20 71 31 18 18 80 75 20 75 0 0 -1 81 80 52 20 80 60 88 63 63 80 20 20 20 63 75 63 63 67 70 33 63 92 19 33 80 63 31 80 63 75 89 19 75 18 63 86 31 60 20 0 75 20 -1 67 75 31 -1 88 92 -1 0 70 31 60 67 63 92 63 40 -1 80 86 81 67 -1 0 63 70 70 60 89 -1 92 63 -1 75 19 92 
-1 19 60 56 82 71 8 56 -1 66 71 56 66 18 82 75 98 82 0 0 66 81 56 82 82 8 82 82 89 85 66 66 8 40 82 56 82 71 60 71 8 66 56 19 66 60 56 66 56 66 82 89 82 82 18 87 -1 66 60 66 0 82 82 85 87 82 -1 71 82 82 89 -1 82 66 56 71 8 66 82 66 89 71 -1 56 89 0 -1 8 89 -1 56 89 85 60 89 -1 82 89 82 
30 30 35 35 97 49 8 64 -1 59 79 64 49 35 79 75 62 49 35 30 63 35 35 97 64 8 8 79 79 63 -1 47 8 79 49 -1 55 55 64 49 79 -1 46 30 30 60 41 41 30 41 75 55 30 65 64 -1 48 79 60 55 8 75 35 41 -1 -1 30 64 79 77 88 86 55 47 64 35 8 35 79 -1 30 35 65 35 64 63 8 -1 41 8 55 62 30 35 64 86 77 65 74 
18 41 27 18 97 39 68 48 89 90 89 46 18 18 82 96 68 90 -1 18 63 46 89 97 90 89 82 -1 89 63 41 47 68 44 18 18 82 39 84 -1 79 -1 46 98 41 89 41 41 41 39 98 89 72 72 18 90 90 77 90 90 90 68 91 41 54 87 18 95 -1 77 -1 95 39 47 47 72 49 27 89 27 89 18 27 96 39 70 89 41 -1 -1 -1 89 41 41 70 -1 27 89 39 
86 30 60 42 97 37 8 48 -1 59 28 84 66 81 28 75 91 82 88 30 85 51 51 97 82 80 82 82 -1 63 -1 66 8 40 82 48 82 28 84 70 8 30 28 30 30 80 97 41 30 41 82 -1 82 82 79 51 82 66 60 55 8 91 91 37 55 97 30 84 88 82 -1 86 55 66 48 55 8 82 28 28 -1 28 -1 42 -1 70 -1 8 -1 -1 84 -1 30 41 70 86 82 -1 82 
60 72 60 56 61 49 32 56 60 24 55 56 32 60 56 75 32 -1 88 60 24 60 55 61 -1 60 60 88 55 63 56 24 24 72 49 93 24 55 60 72 60 88 56 98 72 60 56 74 56 17 72 55 72 17 24 -1 -1 59 60 55 -1 17 60 55 55 53 86 60 88 60 88 60 -1 74 24 17 36 74 55 54 60 55 56 56 -1 60 56 55 -1 84 -1 61 93 -1 64 88 88 60 84 
89 89 61 98 61 98 61 62 89 61 78 98 61 62 78 75 62 61 89 62 62 61 89 61 61 89 61 89 78 63 89 62 61 62 62 62 89 61 62 98 62 89 98 98 61 78 97 98 62 61 98 89 62 61 98 75 89 62 62 62 61 -1 -1 61 62 97 89 75 61 61 89 89 62 89 98 61 61 62 -1 62 89 78 89 98 89 89 89 62 89 -1 61 -1 98 62 89 89 75 89 -1 
85 -1 13 -1 75 98 25 48 25 20 75 31 18 3 42 75 20 75 13 1 -1 69 48 75 20 -1 69 77 42 63 1 20 20 20 75 75 98 63 60 98 98 1 3 98 1 60 41 31 30 41 75 75 19 75 42 75 42 31 60 20 25 75 20 20 75 75 30 75 32 -1 85 75 75 31 75 -1 25 69 98 98 25 13 98 42 98 -1 85 30 41 30 93 98 -1 -1 63 85 75 25 -1 
60 41 60 92 60 49 60 48 60 -1 71 60 49 35 60 75 20 90 35 41 9 35 35 60 9 60 60 60 60 63 41 20 24 20 49 -1 24 60 60 49 60 -1 46 98 41 60 41 41 35 41 75 90 62 74 24 90 90 59 60 9 -1 60 35 41 35 87 41 60 88 92 88 60 90 47 60 35 49 35 60 87 41 35 60 35 90 92 60 35 41 41 -1 62 -1 -1 63 88 77 46 92 
85 63 64 64 97 63 63 64 87 63 63 64 63 64 63 75 63 63 64 63 63 64 64 97 64 64 63 88 63 63 63 63 63 63 63 64 63 63 64 70 64 63 64 98 63 64 63 63 64 63 75 64 63 74 64 64 64 63 64 64 64 63 64 -1 -1 87 63 64 88 63 -1 63 64 63 64 64 63 64 63 64 85 63 89 64 64 63 89 64 70 70 64 89 63 63 -1 85 77 89 70 
71 88 88 92 75 71 86 67 86 85 71 67 86 81 86 75 85 75 88 71 85 81 81 75 90 85 86 88 71 85 85 85 88 85 86 75 86 71 67 88 67 88 86 71 75 85 88 88 86 71 75 89 86 75 71 75 86 81 67 75 67 75 67 85 67 75 86 -1 88 92 85 -1 75 86 75 67 71 88 71 88 85 71 86 81 67 -1 -1 86 -1 86 88 89 85 88 85 -1 88 89 86 
60 77 27 83 77 77 77 77 60 77 79 83 68 27 82 -1 68 75 88 82 77 83 83 77 77 60 77 -1 79 88 77 77 68 77 82 77 77 75 60 88 77 88 83 98 77 60 83 77 77 77 75 75 82 75 79 75 82 77 77 77 27 75 77 88 77 75 77 75 27 77 88 75 75 77 77 15 77 -1 77 27 81 77 27 -1 88 75 82 77 27 82 88 75 75 77 77 88 -1 77 77 
19 19 60 46 -1 49 25 48 89 92 89 46 19 19 4 75 32 61 19 -1 92 46 46 4 32 -1 14 89 89 63 19 46 25 40 52 46 76 89 60 89 25 46 46 19 19 14 -1 46 30 46 52 89 4 65 46 87 46 40 60 87 25 4 52 46 87 -1 30 60 89 92 89 19 52 47 60 61 4 76 4 87 25 46 89 46 89 19 89 65 89 -1 60 89 25 46 89 89 77 -1 43 
43 92 74 42 42 39 40 74 40 20 42 42 32 42 42 75 -1 49 54 43 16 46 74 42 74 92 82 82 42 63 43 20 16 40 82 62 82 39 40 -1 -1 46 -1 -1 40 42 42 74 74 39 -1 89 50 74 42 72 42 40 57 57 74 91 16 20 74 74 57 40 32 92 39 39 39 74 -1 50 40 74 91 40 89 57 -1 42 -1 92 82 74 39 82 84 -1 -1 92 70 86 77 43 -1 
