103
0 47
-1 97 40 54 90 58 54 72 53 76 76 40 97 97 40 93 97 90 54 58 76 54 97 74 54 54 54 97 54 54 96 54 -1 72 54 103 84 76 72 85 32 54 54 54 97 54 84 53 97 76 72 54 -1 40 -1 54 74 55 52 97 40 40 54 84 55 54 72 40 54 97 76 93 54 97 54 97 -1 76 40 40 54 54 72 72 32 54 93 101 90 58 54 72 97 32 98 40 76 -1 32 98 54 76 40 
97 -1 27 21 21 -1 -1 21 15 82 20 -1 21 11 89 11 19 89 11 -1 18 -1 -1 21 11 33 6 11 11 89 19 79 40 5 22 103 63 57 77 62 11 21 6 15 27 6 53 15 19 43 21 5 58 21 34 57 27 11 11 21 5 11 21 28 58 33 79 19 28 22 6 13 79 21 54 57 70 21 28 -1 42 99 5 77 40 21 30 11 5 -1 21 26 22 15 33 5 27 22 79 -1 18 27 89 
40 27 -1 27 40 60 42 27 53 96 50 27 27 27 40 27 79 27 27 27 27 27 27 53 27 42 50 -1 27 27 96 42 40 27 27 103 53 70 53 96 -1 29 40 42 27 56 53 53 27 50 27 50 40 40 42 60 27 27 27 27 40 27 27 28 60 53 53 40 28 79 40 27 50 27 56 97 70 27 40 40 42 42 60 66 40 70 27 27 60 29 50 60 27 40 81 27 27 27 40 29 27 27 40 
54 21 27 -1 21 95 42 12 24 85 50 24 -1 17 28 24 48 -1 21 99 21 12 92 12 -1 33 50 12 12 27 86 42 40 12 62 103 92 61 92 62 24 24 24 42 27 12 53 24 17 50 24 50 58 28 41 50 27 24 24 27 99 12 -1 28 58 62 62 61 92 92 40 17 50 21 23 92 50 21 28 61 42 42 87 66 63 21 17 12 87 17 17 23 -1 28 33 92 27 27 99 62 21 27 28 
90 21 40 21 -1 21 21 21 53 85 50 87 21 50 -1 53 21 90 21 21 21 -1 21 53 50 50 50 50 14 41 21 50 40 50 28 103 53 50 53 62 14 21 40 53 50 89 53 53 50 50 -1 50 80 -1 90 50 50 87 80 -1 40 21 21 28 21 53 53 14 28 97 40 50 50 21 53 92 50 21 28 21 50 66 87 66 53 21 90 -1 87 14 -1 50 87 28 50 59 50 90 88 21 21 87 28 
58 -1 60 95 21 -1 1 33 15 82 51 1 21 11 60 11 19 89 11 -1 64 1 1 33 11 33 6 11 11 89 19 33 60 -1 22 103 95 51 95 62 60 21 6 51 27 6 53 15 19 51 51 -1 58 51 60 60 95 11 19 95 -1 11 21 28 60 33 72 19 95 19 6 13 33 21 95 95 51 21 60 1 51 94 -1 72 60 21 30 82 -1 1 88 60 95 15 33 -1 30 22 88 1 51 82 60 
54 -1 42 42 21 1 -1 45 15 85 50 1 21 11 42 11 19 89 11 1 70 1 1 45 42 42 -1 11 11 89 19 42 42 5 22 103 80 70 45 85 42 21 -1 42 27 -1 53 15 42 43 26 5 58 42 42 54 45 11 42 21 5 11 21 80 58 42 81 19 45 22 -1 70 50 21 54 48 70 21 42 1 42 42 5 72 42 70 93 11 5 1 21 26 22 70 81 5 76 22 79 1 45 70 42 
72 21 27 12 21 33 45 -1 53 82 91 27 -1 17 28 27 33 12 21 33 21 12 21 -1 12 33 45 12 12 27 33 33 53 -1 28 103 38 61 23 62 53 21 33 53 27 -1 53 53 17 50 27 33 89 23 72 60 45 27 89 27 33 12 12 28 60 33 38 61 45 79 45 17 33 21 23 48 70 21 28 33 68 94 33 72 53 21 17 12 33 45 17 23 12 28 33 33 27 27 94 33 23 27 28 
53 15 53 24 53 15 15 53 -1 77 53 15 53 15 53 -1 77 15 15 15 77 53 15 53 15 65 53 15 53 27 93 65 53 65 53 103 53 57 53 66 53 18 43 15 27 53 53 -1 77 43 53 43 58 -1 43 49 27 15 15 53 53 15 53 53 58 53 53 53 53 22 43 93 66 15 53 57 49 15 53 53 43 66 65 66 53 53 93 15 87 15 53 53 22 15 65 15 27 93 53 15 53 27 53 
76 82 96 85 85 82 85 82 77 -1 20 20 85 96 85 77 69 90 20 82 -1 85 20 77 20 82 50 96 20 96 96 82 98 82 85 103 77 20 77 85 85 20 85 85 96 82 82 77 77 76 20 82 64 82 85 64 95 37 64 95 64 20 85 57 20 82 85 61 90 64 85 37 82 85 85 57 20 20 85 98 90 96 -1 77 98 -1 96 82 -1 64 88 20 87 85 82 88 -1 90 88 96 20 -1 64 
76 20 50 50 50 51 50 91 53 20 -1 20 50 50 50 77 50 90 20 51 -1 20 20 91 50 50 50 50 20 50 96 50 70 50 65 103 63 -1 77 72 70 20 50 50 50 50 53 53 50 50 -1 50 64 50 72 50 50 37 64 50 91 37 21 57 20 50 72 61 80 64 37 37 50 21 91 57 20 20 67 50 50 50 20 72 63 20 75 50 20 50 50 -1 50 70 50 20 20 50 79 50 20 37 64 
40 -1 27 24 87 1 1 27 15 20 20 -1 27 -1 28 -1 19 13 -1 1 18 1 -1 53 -1 33 6 -1 -1 27 19 42 40 5 22 103 63 57 63 73 -1 18 24 15 27 6 53 15 24 43 24 5 58 28 34 57 27 -1 -1 27 40 -1 21 28 58 34 53 61 28 22 40 13 50 15 56 57 20 15 28 1 58 42 87 77 40 21 17 -1 87 1 17 60 22 15 33 -1 27 22 40 1 18 27 28 
97 21 27 -1 21 21 21 -1 53 85 50 27 -1 17 28 27 48 -1 21 21 21 -1 21 7 3 33 50 -1 -1 27 86 33 93 7 28 103 63 61 23 62 27 21 24 53 27 7 53 53 17 50 27 50 58 28 34 102 27 27 27 27 79 -1 3 28 102 33 53 61 28 79 61 17 33 21 23 48 96 21 28 61 48 96 87 77 63 21 17 -1 87 17 17 23 3 28 33 27 27 27 79 21 21 27 28 
97 11 27 17 50 11 11 17 15 96 50 -1 17 -1 28 11 48 -1 11 11 18 11 11 17 11 50 50 -1 11 27 86 50 40 11 22 103 63 61 63 96 11 18 24 15 27 56 53 15 17 50 27 50 58 28 90 57 27 11 11 27 40 -1 17 28 58 34 53 61 28 22 40 -1 50 15 56 48 96 15 28 61 48 96 87 72 40 21 17 11 87 17 17 50 17 71 96 11 27 27 79 11 18 27 28 
40 89 40 28 -1 60 42 28 53 85 50 28 28 28 -1 28 67 89 21 67 21 4 28 53 28 42 50 28 -1 89 67 42 40 28 28 103 63 67 63 62 -1 21 40 42 28 89 53 53 89 50 4 50 89 4 34 60 89 28 89 4 40 67 21 28 60 34 53 -1 28 79 40 93 50 21 93 57 70 21 28 40 42 42 87 66 40 21 89 4 87 -1 4 60 68 28 81 28 28 90 40 60 89 87 28 
93 11 27 24 53 11 11 27 -1 77 77 -1 27 11 28 -1 77 13 11 11 77 73 11 53 11 43 11 11 11 27 93 43 93 65 22 103 77 57 77 73 11 18 43 -1 27 11 53 8 77 43 24 43 58 8 43 49 27 11 11 27 40 11 73 28 58 43 53 61 28 22 43 93 83 -1 93 57 49 -1 28 11 43 43 87 77 93 70 93 11 87 11 73 53 22 -1 65 11 27 93 93 11 18 27 93 
97 19 79 48 21 19 19 33 77 69 50 19 48 48 67 77 -1 48 19 -1 69 19 69 77 48 33 79 97 19 99 19 79 79 19 69 103 77 67 77 73 79 48 48 48 97 19 79 77 -1 50 48 19 58 79 48 69 95 75 19 95 19 67 99 80 69 33 77 19 80 -1 19 48 79 69 97 48 69 48 67 69 48 99 19 77 80 21 30 19 19 19 48 60 69 97 33 19 30 69 79 19 51 97 69 
90 89 27 -1 90 89 89 12 15 90 90 13 -1 -1 89 13 48 -1 13 48 77 12 13 12 3 33 90 12 12 89 86 90 93 12 28 103 63 61 77 62 13 90 24 15 27 89 53 15 -1 90 90 90 89 28 90 90 27 13 89 27 40 12 3 28 89 33 53 61 28 48 93 13 90 21 90 48 77 48 28 61 48 42 87 77 63 21 -1 12 90 -1 -1 23 3 86 33 13 27 90 90 62 89 27 89 
54 11 27 21 21 11 11 21 15 20 20 -1 21 11 21 11 19 13 -1 11 -1 -1 11 100 11 79 79 11 11 41 19 79 40 11 22 103 63 20 77 62 11 -1 24 15 27 100 53 15 24 76 20 100 58 21 41 54 27 11 11 21 40 -1 21 28 20 34 53 61 28 22 37 13 54 21 54 57 20 20 28 61 58 42 20 77 40 21 17 11 20 11 21 20 22 15 98 11 20 22 79 11 -1 20 41 
58 -1 27 99 21 -1 1 33 15 82 51 1 21 11 67 11 -1 48 11 -1 64 1 1 33 11 33 6 11 11 99 -1 99 99 5 22 103 80 67 77 96 11 21 58 51 27 6 53 15 16 51 51 5 58 21 58 60 95 11 -1 95 5 67 99 80 58 33 99 -1 80 16 6 13 33 21 58 48 96 21 67 1 58 99 5 72 80 21 30 11 5 1 21 60 22 86 33 5 30 22 99 -1 51 27 64 
76 18 27 21 21 64 70 21 77 -1 -1 18 21 18 21 77 69 77 -1 64 -1 18 18 77 18 50 50 18 18 41 96 50 76 82 22 103 77 -1 77 85 18 18 64 70 27 100 53 77 77 76 10 50 64 21 41 64 27 37 64 21 64 18 21 57 -1 50 77 61 28 64 37 37 50 21 54 57 -1 -1 28 61 50 96 9 77 63 9 75 18 9 64 21 10 77 70 82 18 9 69 88 64 18 9 64 
54 -1 27 12 -1 1 1 12 53 85 20 1 -1 11 4 73 19 12 -1 1 18 -1 1 12 41 33 6 12 12 41 19 50 40 5 62 103 77 20 77 62 11 -1 6 53 27 6 53 53 77 50 4 5 54 4 41 54 27 11 11 4 5 12 -1 28 20 53 53 14 28 22 85 13 50 -1 54 77 20 -1 28 1 90 99 5 77 53 -1 17 4 90 1 -1 20 12 28 33 5 27 90 79 1 18 27 41 
97 -1 27 92 21 1 1 21 15 20 20 -1 21 11 28 11 69 13 11 1 18 1 -1 92 11 33 6 11 11 27 19 65 40 5 -1 103 92 57 92 73 11 18 6 15 27 6 53 15 24 43 24 5 58 28 34 54 27 11 11 27 5 11 34 28 69 34 73 19 92 -1 6 13 54 -1 54 92 97 15 28 1 58 99 5 72 40 21 92 11 5 1 97 26 -1 97 33 11 27 -1 79 1 18 27 28 
74 21 53 12 53 33 45 -1 53 77 91 53 7 17 53 53 77 12 100 33 77 12 92 -1 12 33 91 12 53 27 93 33 53 7 53 103 38 91 -1 66 53 74 53 53 27 7 53 53 77 53 53 100 74 -1 74 74 74 63 53 53 91 12 12 38 91 53 38 53 45 79 53 93 91 21 -1 92 53 38 53 53 63 66 33 66 53 74 93 12 33 45 53 -1 38 74 33 59 27 93 53 91 -1 27 53 
54 11 27 -1 50 11 42 12 15 20 50 -1 3 11 28 11 48 3 11 11 18 41 11 12 -1 42 50 11 11 41 19 42 40 42 22 103 63 50 77 62 11 -1 -1 42 27 42 53 15 -1 50 -1 50 58 28 41 50 27 11 11 27 40 11 3 28 58 42 72 61 28 22 40 13 50 15 54 48 50 48 28 11 42 42 87 72 40 41 17 11 87 11 41 50 3 15 81 11 27 22 40 11 18 27 41 
54 33 42 33 50 33 42 33 65 82 50 33 33 50 42 43 33 33 79 33 50 33 33 33 42 -1 50 50 33 99 33 -1 42 -1 65 103 38 50 33 72 42 42 31 42 50 33 65 65 42 50 31 33 58 65 42 50 45 33 42 50 33 79 99 80 58 31 72 33 45 79 42 50 33 33 33 48 50 83 42 31 42 42 33 72 42 54 33 82 33 33 50 72 87 33 33 33 50 50 79 31 33 50 42 
54 6 50 50 50 6 -1 45 53 50 50 6 50 50 50 11 79 90 79 6 50 6 6 91 50 50 -1 50 11 50 19 50 79 50 22 103 80 50 91 72 79 50 6 42 50 6 53 53 50 50 -1 50 58 50 42 50 45 11 42 50 79 79 21 80 79 50 72 79 45 79 6 50 50 21 91 50 50 21 79 -1 50 42 6 72 79 70 90 50 90 6 50 -1 22 70 98 6 50 50 79 6 45 50 79 
97 11 -1 12 50 11 11 12 15 96 50 -1 -1 -1 28 11 97 12 11 11 18 12 11 12 11 50 50 -1 11 -1 96 50 40 12 22 103 63 101 23 96 2 29 24 15 -1 56 59 15 17 50 -1 50 58 59 41 50 -1 11 11 -1 40 11 12 28 58 50 59 61 28 97 40 13 50 15 56 97 96 15 28 11 50 96 87 72 40 21 17 11 87 29 50 50 12 97 96 11 -1 -1 99 29 18 -1 29 
54 11 27 12 14 11 11 12 53 20 20 -1 -1 11 -1 11 19 12 11 11 18 12 11 53 11 33 11 11 -1 102 93 65 93 12 -1 103 63 57 63 62 11 102 24 53 27 68 53 53 17 53 14 53 58 -1 34 102 27 11 11 53 40 11 34 -1 102 34 53 14 -1 22 93 93 54 15 93 57 93 15 -1 11 63 66 87 66 63 21 93 11 87 14 14 53 68 -1 33 11 27 93 93 11 18 27 -1 
54 89 27 27 41 89 89 27 27 96 50 27 27 27 89 27 99 89 41 99 41 41 27 27 41 99 50 -1 102 -1 96 99 99 99 54 103 102 101 77 96 102 -1 41 27 27 89 59 27 41 50 27 50 89 59 41 102 27 27 89 27 99 27 99 102 102 99 99 89 89 97 102 27 50 41 54 97 96 41 102 89 50 99 87 72 99 41 89 27 90 -1 41 99 27 102 99 27 27 27 99 -1 41 27 -1 
96 19 96 86 21 19 19 33 93 96 96 19 86 86 67 93 19 86 19 -1 96 19 19 93 19 33 19 96 93 96 -1 99 93 19 22 103 80 67 92 96 19 21 58 51 96 19 93 93 19 96 96 19 58 93 58 60 96 86 19 96 19 67 96 80 58 33 96 19 80 19 93 93 33 96 93 86 96 21 67 19 58 96 19 96 93 96 -1 19 19 19 86 60 86 86 96 19 -1 86 99 19 51 96 93 
54 79 42 42 50 33 42 33 65 82 50 42 33 50 42 43 79 90 79 99 50 50 65 33 42 -1 50 50 65 99 99 -1 42 -1 65 103 80 50 33 99 42 42 -1 42 50 33 65 65 42 50 -1 50 58 65 42 50 50 42 42 50 79 79 99 80 58 -1 65 79 80 79 42 50 33 43 54 48 50 43 42 -1 42 42 33 72 42 54 90 50 33 58 50 50 42 42 33 33 50 50 79 -1 51 50 42 
-1 40 40 40 40 60 42 53 53 98 70 40 93 40 40 93 79 93 40 99 76 40 40 53 40 42 79 40 93 99 93 42 -1 98 54 103 84 70 84 66 -1 54 40 42 40 42 84 53 40 76 40 43 0 40 0 54 93 40 40 53 40 40 99 84 60 53 53 40 93 79 40 93 54 93 93 93 0 93 40 40 42 42 60 66 -1 54 93 40 98 40 54 60 40 -1 98 40 76 0 -1 98 40 76 40 
72 5 27 12 50 -1 5 -1 65 82 50 5 7 11 28 65 19 12 11 5 82 5 5 7 42 -1 50 12 12 99 19 -1 98 -1 65 103 38 50 23 72 42 72 31 65 27 7 65 65 17 50 31 5 58 65 72 60 45 11 19 65 5 12 65 28 60 -1 72 19 45 79 65 13 -1 21 23 92 50 83 28 31 42 94 -1 72 65 72 17 82 5 5 50 72 87 28 -1 5 82 22 94 31 23 82 28 
54 22 27 62 28 22 22 28 53 85 65 22 28 22 28 22 69 28 22 22 22 62 -1 53 22 65 22 22 -1 54 22 65 54 65 -1 103 63 57 63 62 22 54 54 65 27 68 53 53 24 55 65 65 54 28 -1 54 74 22 22 53 55 22 -1 28 55 -1 53 28 28 22 65 93 54 22 54 92 54 62 28 22 54 54 65 72 63 54 93 22 90 22 54 72 22 28 65 22 62 22 99 62 22 27 28 
103 103 103 103 103 103 103 103 103 103 103 103 103 103 103 103 103 103 103 103 103 103 103 103 103 103 103 103 103 103 103 103 103 103 103 -1 103 103 103 103 103 103 103 103 103 103 103 103 103 103 103 103 103 103 103 103 103 103 103 103 103 103 103 103 103 103 103 103 103 103 103 103 103 103 103 103 103 103 103 103 103 103 103 103 103 103 103 103 103 103 103 103 103 103 103 103 103 103 103 103 103 103 103 
84 63 53 92 53 95 80 38 53 77 63 63 63 63 63 77 77 63 63 80 77 77 92 38 63 38 80 63 63 102 80 80 84 38 63 103 -1 63 -1 66 53 77 80 53 63 38 84 53 77 63 80 80 80 38 63 63 74 63 80 53 63 63 63 -1 63 53 38 63 63 92 63 63 66 66 38 63 77 38 63 72 63 66 92 66 63 66 75 92 90 63 80 38 38 63 81 92 66 75 84 81 38 63 63 
76 57 70 61 50 51 70 61 57 20 -1 57 61 61 67 57 67 61 20 67 -1 20 57 91 50 50 50 101 57 101 67 50 70 50 57 103 63 -1 63 85 70 20 70 70 101 70 70 57 75 50 10 50 58 70 57 57 101 -1 57 101 57 -1 21 57 20 70 63 61 57 64 -1 -1 50 21 93 57 20 20 67 61 50 70 20 77 63 70 75 101 20 57 50 10 75 70 98 57 20 75 79 50 20 -1 57 
72 77 53 92 53 95 45 23 53 77 77 63 23 63 63 77 77 77 77 77 77 77 92 -1 77 33 91 23 63 77 92 33 84 23 63 103 -1 63 -1 66 53 77 80 53 27 23 53 53 77 53 72 100 80 23 72 63 74 63 80 53 91 23 66 -1 77 53 -1 63 92 92 53 63 66 66 23 92 77 -1 63 72 63 66 92 66 63 66 92 92 92 45 77 23 -1 63 81 92 66 92 79 81 23 92 63 
85 62 96 62 62 62 85 62 66 85 72 73 62 96 62 73 73 62 62 96 85 62 73 66 62 72 72 96 62 96 96 99 66 72 62 103 66 85 66 -1 66 62 81 66 96 74 66 66 62 96 72 66 85 66 85 85 74 66 73 66 99 62 -1 66 73 62 -1 96 62 73 85 85 66 -1 66 92 96 62 62 72 66 66 85 66 66 -1 96 62 85 62 62 72 62 73 81 66 -1 73 99 62 62 85 62 
32 11 -1 24 14 60 42 53 53 85 70 -1 27 11 -1 11 79 13 11 11 18 11 11 53 11 42 79 2 11 102 19 42 -1 42 22 103 53 70 53 66 -1 102 -1 42 27 42 53 53 24 43 14 43 32 -1 42 60 27 11 11 53 -1 11 99 28 60 53 53 14 28 79 -1 13 79 15 53 57 70 15 -1 -1 42 42 60 66 32 70 93 11 60 14 14 60 22 32 81 11 27 22 32 60 18 27 -1 
54 21 29 24 21 21 21 21 18 20 20 18 21 18 21 18 48 90 -1 21 18 -1 18 74 -1 42 50 29 102 -1 21 42 54 72 54 103 77 20 77 62 102 -1 24 42 29 89 53 18 24 50 24 50 54 21 -1 54 29 18 18 21 55 18 21 90 102 54 72 61 90 97 85 102 54 21 54 48 20 21 102 21 90 42 20 72 54 21 90 18 90 29 -1 72 24 102 72 18 29 90 90 29 18 29 -1 
54 6 40 24 40 6 -1 33 43 85 50 24 24 24 40 43 48 24 24 58 64 6 6 53 -1 31 6 24 24 41 58 -1 40 31 54 103 80 70 80 81 -1 24 -1 -1 27 6 53 43 24 43 24 43 58 40 -1 54 45 24 -1 53 40 24 24 80 58 31 81 40 80 64 6 24 54 43 54 48 49 43 40 31 -1 -1 33 72 40 54 24 24 90 58 54 26 24 40 81 24 81 54 40 31 45 27 40 
54 15 42 42 53 51 42 53 15 85 50 15 53 15 42 -1 48 15 15 51 70 53 15 53 42 42 42 15 53 27 51 42 42 65 65 103 53 70 53 66 42 42 -1 -1 27 42 53 15 42 -1 49 -1 58 -1 42 49 27 15 42 53 42 15 65 53 55 -1 53 42 53 22 -1 70 50 15 53 48 49 15 42 42 42 42 51 66 53 70 93 15 51 58 50 53 22 15 65 15 76 93 42 42 51 70 42 
97 27 27 27 50 27 27 27 27 96 50 27 27 27 28 27 97 27 27 27 27 27 27 27 27 50 50 -1 27 27 96 50 40 27 27 103 63 101 27 96 27 29 27 27 -1 56 59 27 27 50 27 50 58 59 41 50 27 27 27 27 40 27 27 28 58 50 59 61 28 97 40 27 50 27 56 97 96 27 28 27 50 96 87 72 40 27 27 27 87 29 50 50 27 97 96 27 27 27 99 29 27 27 29 
54 6 56 12 89 6 -1 -1 53 82 50 6 7 56 89 11 19 89 100 6 100 6 6 7 42 33 6 56 68 89 19 33 42 7 68 103 38 70 23 74 42 89 6 42 56 -1 53 53 80 43 26 100 89 23 42 102 -1 11 89 56 6 12 12 68 89 33 74 89 -1 22 6 56 33 21 56 92 70 21 68 6 68 42 33 72 68 70 89 12 95 -1 80 23 68 68 33 56 56 56 79 6 -1 56 89 
84 53 53 53 53 53 53 53 53 82 53 53 53 53 53 53 79 53 53 53 53 53 53 53 53 65 53 59 53 59 93 65 84 65 53 103 84 70 53 66 53 53 53 53 59 53 -1 53 84 53 53 53 84 -1 53 53 59 84 53 53 53 53 53 84 60 53 53 53 53 79 53 93 66 53 53 84 53 53 53 53 84 66 65 66 -1 53 93 53 87 53 53 53 53 53 65 59 59 59 84 60 53 59 53 
53 15 53 24 53 15 15 53 -1 77 53 15 53 15 53 8 77 15 15 15 77 53 15 53 15 65 53 15 53 27 93 65 53 65 53 103 53 57 53 66 53 18 43 15 27 53 53 -1 77 43 53 43 58 8 43 49 27 15 15 53 53 15 53 53 58 53 53 53 53 22 43 93 66 15 53 57 49 15 53 53 43 66 65 66 53 53 93 15 87 15 53 53 22 15 65 15 27 93 53 15 53 27 53 
97 19 27 17 50 19 42 17 77 77 50 24 17 17 89 77 -1 -1 24 16 77 77 24 77 -1 42 50 17 17 41 19 42 40 17 24 103 77 75 77 62 24 24 24 42 27 80 84 77 -1 50 24 50 80 28 41 75 27 75 80 27 19 17 17 80 69 42 77 19 80 16 40 17 50 77 54 -1 77 -1 28 69 -1 42 19 77 80 77 17 17 90 17 17 50 75 77 81 24 27 75 79 19 24 27 41 
76 43 50 50 50 51 43 50 43 76 50 43 50 50 50 43 50 90 76 51 76 50 43 53 50 50 50 50 53 50 96 50 76 50 55 103 63 50 53 96 43 50 43 -1 50 43 53 43 50 -1 -1 43 76 43 55 -1 50 55 43 50 55 43 50 57 55 43 53 50 80 64 43 50 50 43 55 57 -1 43 43 50 50 43 50 72 53 55 75 50 90 102 50 50 50 43 50 43 76 50 76 50 51 76 55 
72 21 27 24 -1 51 26 27 53 20 -1 24 27 27 4 24 48 90 20 51 10 4 24 53 -1 31 -1 -1 14 27 96 -1 40 31 65 103 80 10 72 72 14 24 24 49 27 26 53 53 24 -1 -1 -1 80 4 72 49 27 24 80 4 51 24 21 80 20 31 72 14 80 79 26 27 -1 21 56 48 49 20 28 26 -1 42 33 72 80 21 90 4 90 14 -1 10 24 97 33 24 27 27 79 31 51 27 29 
54 5 50 50 50 -1 5 33 43 82 50 5 50 50 50 43 19 90 100 5 50 5 5 100 50 33 50 50 53 50 19 50 43 5 65 103 80 50 100 66 43 50 43 -1 50 100 53 43 50 43 -1 -1 58 43 43 49 50 11 19 50 5 100 21 80 60 43 53 19 80 19 43 50 50 43 100 50 49 43 43 5 50 43 5 72 53 70 30 50 5 5 50 50 95 43 33 5 50 50 88 5 -1 50 43 
-1 58 40 58 80 58 58 89 58 64 64 58 58 58 89 58 58 89 58 58 64 54 58 74 58 58 58 58 58 89 58 58 0 58 54 103 80 58 80 85 32 54 58 58 58 89 84 58 80 76 80 58 -1 40 0 54 58 58 -1 58 64 58 54 80 58 54 72 58 80 64 76 58 54 58 54 97 0 58 40 40 58 58 58 72 32 54 58 58 58 58 54 64 58 32 81 58 76 0 32 58 58 76 64 
40 21 40 28 -1 51 42 23 -1 82 50 28 28 28 4 8 79 28 21 21 21 4 28 -1 28 65 50 59 -1 59 93 65 40 65 28 103 38 70 23 66 -1 21 40 -1 59 23 -1 8 28 43 4 43 40 -1 34 49 59 28 28 -1 40 28 21 28 60 -1 -1 14 28 79 40 93 66 15 23 57 49 15 28 40 42 66 65 66 46 21 93 4 87 14 4 23 38 28 65 59 59 59 40 60 23 59 28 
-1 34 42 41 90 60 42 72 43 85 72 34 34 90 34 43 48 90 41 58 41 41 34 74 41 42 42 41 34 41 58 42 0 72 -1 103 63 57 72 85 42 -1 -1 42 41 42 53 43 41 55 72 43 0 34 -1 -1 74 55 42 90 55 41 34 34 55 34 72 34 34 34 85 93 -1 34 -1 57 0 41 34 72 42 42 72 72 32 -1 90 90 90 41 -1 72 34 74 72 74 76 0 32 41 41 76 41 
54 57 60 50 50 60 54 60 49 64 50 57 102 57 60 49 69 90 54 60 64 54 54 74 50 50 50 50 102 102 60 50 54 60 54 103 63 57 63 85 60 54 54 49 50 102 53 49 75 -1 49 49 54 49 -1 -1 74 -1 64 50 -1 57 54 57 -1 49 72 60 102 64 49 57 54 49 54 57 49 64 60 60 50 54 60 72 63 54 75 57 60 102 54 60 75 102 60 57 76 54 79 60 51 57 -1 
74 27 27 27 50 95 45 45 27 95 50 27 27 27 89 27 95 27 27 95 27 27 27 74 27 45 45 -1 27 27 96 50 93 45 74 103 74 101 74 74 27 29 45 27 27 -1 59 27 27 50 27 50 58 59 74 74 -1 27 27 27 95 27 27 28 58 45 74 61 45 97 45 27 50 27 -1 95 96 27 28 27 50 74 95 74 93 74 93 27 95 45 50 74 95 74 45 -1 27 27 95 29 45 27 29 
55 11 27 24 87 11 11 27 15 37 37 -1 27 11 28 11 75 13 11 11 37 11 11 63 11 33 11 11 11 27 86 42 40 11 22 103 63 -1 63 66 11 18 24 15 27 11 84 15 75 55 24 11 58 28 55 -1 27 -1 11 27 55 11 21 -1 55 34 63 61 28 22 37 37 55 15 55 -1 37 15 28 11 63 42 87 66 63 55 75 11 87 11 55 37 75 15 33 11 27 75 40 11 18 37 55 
52 11 27 24 80 19 42 89 15 64 64 -1 27 11 89 11 19 89 11 -1 64 11 11 53 11 42 42 11 11 89 19 42 40 19 22 103 80 57 80 73 11 18 -1 42 27 89 53 15 80 43 80 19 -1 28 42 64 27 11 -1 27 64 11 99 80 -1 42 81 19 80 64 40 13 54 15 54 57 52 15 28 11 -1 42 19 72 80 54 30 11 19 -1 80 64 22 15 81 11 27 22 99 19 18 27 64 
97 21 27 27 -1 95 21 27 53 95 50 27 27 27 4 27 95 27 21 95 21 4 27 53 27 50 50 -1 53 27 96 50 53 65 53 103 53 101 53 66 53 21 53 53 27 56 53 53 27 50 4 50 58 -1 90 50 27 27 27 -1 53 27 21 53 58 53 53 14 53 97 53 27 50 21 53 95 96 21 53 53 50 66 87 66 53 21 27 4 95 14 4 53 95 53 65 -1 27 27 95 29 53 27 29 
40 5 40 99 40 -1 5 33 53 64 91 40 79 40 40 40 19 40 40 5 64 5 5 91 40 33 79 40 40 99 19 79 40 5 55 103 63 57 91 99 -1 55 40 42 40 6 53 53 19 55 51 5 64 40 55 -1 95 55 64 53 -1 79 99 57 -1 33 53 19 40 64 40 40 79 21 55 57 55 64 40 -1 42 99 5 79 40 55 30 40 5 5 55 -1 95 40 33 5 99 69 79 -1 51 40 40 
40 11 27 12 21 11 11 12 15 20 37 -1 -1 -1 67 11 67 12 -1 67 18 12 11 12 11 79 79 11 11 27 67 79 40 12 22 103 63 -1 23 62 11 18 24 15 27 12 53 15 17 43 24 100 58 28 41 57 27 11 11 27 79 -1 12 28 20 79 79 -1 28 79 37 13 79 15 23 57 20 15 67 -1 58 42 87 79 40 21 17 11 87 11 17 37 12 15 98 11 27 22 79 11 18 37 28 
54 21 27 -1 21 21 21 12 53 85 21 21 3 17 21 73 99 3 21 99 21 -1 34 12 3 99 21 12 34 99 96 99 99 65 -1 103 63 21 66 -1 99 21 24 65 27 12 53 53 17 50 21 21 54 21 34 54 27 21 99 21 99 12 -1 34 99 34 39 99 34 34 85 17 54 21 54 92 96 21 34 21 90 99 21 66 63 21 17 12 90 17 21 99 3 34 99 92 39 34 99 -1 21 27 34 
84 28 28 28 28 28 80 28 53 57 57 28 28 28 28 28 80 28 28 80 57 28 28 38 28 80 80 28 -1 102 80 80 84 28 28 103 -1 57 -1 66 28 90 80 53 28 68 84 53 80 57 80 80 80 28 34 57 28 -1 80 53 57 28 34 -1 57 34 38 28 28 28 57 57 66 28 38 57 57 38 28 28 -1 66 87 66 -1 28 75 28 90 28 80 38 38 28 81 28 28 75 84 28 38 57 28 
55 58 60 58 21 60 58 60 58 20 20 58 102 58 60 58 69 89 20 58 -1 20 69 91 58 58 79 58 102 102 58 58 60 60 55 103 63 20 77 73 60 102 58 55 58 89 60 58 69 55 20 60 58 60 55 -1 58 55 -1 58 -1 20 99 57 -1 55 60 58 80 -1 37 37 55 69 55 57 20 20 60 60 58 58 20 77 60 20 102 58 20 58 55 60 69 102 60 58 20 69 79 60 20 20 -1 
54 33 53 62 53 33 42 33 53 82 50 34 33 34 34 43 33 33 34 33 50 53 34 53 42 31 50 50 34 99 33 -1 53 -1 -1 103 53 70 53 62 53 54 31 -1 50 33 53 53 42 43 31 43 54 -1 34 49 45 34 42 53 33 79 34 34 55 -1 53 33 34 34 43 70 33 34 53 92 49 43 34 31 42 42 33 66 53 54 93 53 33 33 50 53 34 34 33 33 50 34 79 31 51 50 34 
72 79 53 62 53 72 81 38 53 85 72 53 53 53 53 53 77 53 53 99 77 53 73 38 72 72 72 59 53 99 96 65 53 72 53 103 38 63 -1 -1 53 72 81 53 59 74 53 53 77 53 72 53 72 -1 72 72 74 63 81 53 53 79 39 38 60 53 -1 53 53 79 53 93 -1 39 -1 92 96 38 53 72 63 -1 72 -1 53 39 93 53 72 53 53 72 38 74 81 59 39 93 79 81 38 59 53 
40 19 40 61 14 19 19 61 53 61 61 61 61 61 -1 61 19 61 61 -1 61 14 19 53 61 33 79 61 14 89 19 79 40 19 28 103 63 61 63 96 14 61 40 42 61 89 53 53 19 50 14 19 58 14 34 60 61 61 19 14 19 -1 99 28 58 33 53 -1 28 19 40 61 79 21 93 48 61 21 -1 61 58 99 19 79 40 21 30 14 19 14 14 60 22 28 33 19 30 22 79 19 61 61 28 
54 28 28 92 28 95 45 45 53 90 80 28 28 28 28 28 80 28 28 80 28 28 92 45 28 45 45 28 -1 89 80 80 93 45 28 103 63 57 92 62 28 90 80 53 28 -1 53 53 80 80 80 80 80 28 34 102 45 28 80 53 40 28 34 28 80 34 53 28 -1 92 45 93 80 92 56 92 70 80 28 28 -1 80 92 66 63 28 92 92 90 45 80 45 -1 28 45 92 28 90 90 28 45 92 28 
97 22 79 92 97 19 22 79 22 64 64 22 79 22 79 22 -1 48 22 16 64 22 -1 79 22 79 79 97 22 97 19 79 79 79 22 103 92 64 92 73 79 97 64 22 97 22 79 22 16 64 79 19 64 79 34 64 97 22 64 97 64 79 34 28 -1 34 79 19 92 -1 79 97 79 22 97 97 64 48 79 -1 48 64 19 79 79 22 97 22 97 22 97 64 22 97 98 22 97 -1 79 19 22 97 64 
76 6 40 40 40 6 -1 45 43 85 37 40 61 40 40 43 19 93 37 6 37 85 6 53 40 42 6 40 93 102 93 42 40 65 65 103 63 -1 53 85 -1 85 6 -1 40 6 53 43 40 43 26 43 76 40 85 49 45 37 40 53 40 37 85 57 37 43 53 40 45 79 -1 37 79 43 93 57 -1 37 40 40 42 42 85 66 40 -1 93 40 85 6 85 26 22 -1 65 40 76 93 40 6 45 37 40 
93 13 27 17 50 13 70 17 93 37 37 13 17 -1 93 93 48 13 13 13 37 13 13 93 13 50 50 13 93 27 93 50 93 13 93 103 63 -1 63 85 13 102 24 70 27 56 93 93 17 50 27 50 58 93 93 57 27 37 13 27 40 13 17 57 37 70 93 61 93 97 37 -1 50 93 93 57 37 37 93 61 48 93 37 77 93 70 93 13 37 17 17 37 17 -1 98 13 27 93 93 13 18 37 93 
54 79 50 50 50 33 50 33 66 82 50 50 33 50 50 83 79 90 54 33 50 50 54 91 50 33 50 50 54 50 33 33 54 -1 54 103 66 50 66 66 79 54 54 50 50 33 66 66 50 50 -1 50 54 66 -1 54 50 55 54 50 79 79 54 66 55 33 -1 79 80 79 79 50 -1 66 54 50 50 83 79 -1 50 66 33 -1 54 54 90 50 33 79 50 -1 66 74 33 33 50 50 79 33 51 50 54 
97 21 27 21 21 21 21 21 15 85 21 15 21 15 21 -1 69 21 21 21 21 -1 -1 21 15 33 21 15 15 41 96 43 93 21 22 103 66 21 66 -1 15 21 43 15 27 21 53 15 77 43 21 43 58 15 34 49 27 15 15 21 21 15 21 28 69 34 39 21 92 22 43 93 66 -1 66 92 96 15 28 21 90 66 21 66 93 21 93 15 90 21 21 72 22 15 81 15 39 22 79 21 21 27 41 
54 54 56 23 53 95 54 23 53 85 91 56 23 56 93 93 97 90 54 58 54 54 54 -1 54 33 91 56 93 54 93 54 93 23 54 103 38 93 23 66 53 54 54 53 56 56 53 53 54 55 56 100 54 23 -1 54 -1 55 54 53 55 23 54 38 55 53 -1 93 56 97 93 93 54 66 -1 93 54 38 93 72 54 66 33 66 93 54 93 23 90 56 54 23 38 -1 81 56 56 93 93 81 23 56 93 
97 57 97 92 92 95 48 48 57 57 57 57 48 48 57 57 48 48 57 48 57 77 92 92 48 48 50 97 57 97 86 48 93 92 92 103 63 57 92 92 57 48 48 48 97 92 84 57 -1 57 48 50 97 57 57 57 95 -1 57 95 57 57 92 57 57 92 92 48 92 97 57 57 50 92 93 -1 97 48 57 97 48 48 92 77 63 57 -1 92 92 48 97 57 -1 86 81 92 86 -1 92 48 57 57 57 
-1 70 70 50 50 51 70 70 49 20 20 20 96 96 70 49 69 77 20 96 -1 20 97 53 50 50 50 96 93 96 96 50 0 50 54 103 77 20 77 96 70 20 49 49 96 70 53 49 77 -1 49 49 0 49 0 49 96 37 52 96 55 20 96 57 20 49 96 61 70 64 -1 37 50 96 54 97 -1 20 70 70 50 96 20 77 32 70 93 101 20 58 50 20 101 70 96 20 -1 0 32 96 20 -1 55 
76 21 27 21 21 21 21 21 15 20 20 15 21 15 21 -1 48 48 20 21 -1 -1 15 38 48 83 21 15 15 41 21 43 93 83 62 103 38 20 -1 62 15 21 43 15 27 21 53 15 -1 43 20 43 58 15 41 64 27 15 15 21 64 15 21 38 20 43 38 21 80 48 37 37 83 15 38 48 20 -1 28 21 48 66 20 -1 63 21 48 15 20 21 21 20 38 15 81 15 20 75 79 21 20 20 41 
40 28 40 28 28 60 42 28 53 85 67 28 28 28 28 28 67 28 28 67 28 28 28 53 28 42 79 28 -1 102 67 42 40 28 28 103 63 67 63 62 -1 102 40 42 28 68 53 53 28 43 28 43 40 28 34 60 28 28 28 53 40 67 34 28 60 34 53 -1 28 79 40 93 79 28 93 57 70 28 -1 40 42 42 60 66 40 70 93 28 60 28 28 60 68 28 81 28 28 93 40 60 28 28 28 
40 -1 40 61 21 1 1 33 53 98 50 1 61 61 40 11 69 61 61 1 61 1 1 53 11 31 -1 11 11 89 19 -1 40 31 22 103 72 61 72 72 -1 21 31 42 27 6 53 53 69 50 26 5 40 40 72 60 27 11 11 53 -1 -1 21 28 60 31 72 61 28 -1 40 61 -1 21 72 97 70 21 40 -1 42 42 5 72 40 21 30 11 98 1 21 26 22 40 98 5 27 69 -1 1 61 61 40 
54 42 42 42 50 51 42 68 43 90 50 58 48 48 42 43 48 48 58 58 50 90 58 63 42 42 50 50 63 50 58 42 42 42 54 103 63 50 63 66 42 90 -1 42 50 68 84 43 -1 50 -1 50 58 42 42 50 50 63 -1 50 42 58 90 -1 58 42 63 58 -1 48 42 48 50 90 54 48 50 48 42 42 -1 42 42 72 63 54 48 50 90 58 -1 50 68 63 81 58 50 90 90 42 51 50 42 
54 99 42 42 66 94 42 94 66 96 50 42 96 96 42 43 99 42 42 99 96 99 99 66 42 42 42 96 66 99 96 42 42 94 54 103 66 70 66 66 42 42 -1 42 96 42 66 66 42 43 42 43 58 66 42 54 74 42 42 66 99 42 99 66 58 42 -1 99 80 64 42 93 66 66 66 48 96 66 42 42 42 -1 94 66 42 54 96 42 96 58 54 72 66 74 -1 42 -1 96 94 -1 45 96 42 
72 5 60 87 87 -1 5 33 65 -1 20 87 87 87 87 87 19 87 20 5 9 5 5 33 87 33 6 87 87 87 19 33 60 -1 65 103 92 20 92 85 60 20 33 51 87 33 65 65 19 50 33 5 58 65 72 60 95 87 19 87 5 87 21 87 20 33 72 19 92 19 85 37 33 21 33 92 20 20 60 5 42 94 -1 72 60 9 30 -1 5 5 87 60 87 85 33 5 9 22 88 5 51 9 60 
72 77 66 66 66 72 72 72 66 77 72 77 77 72 66 77 77 77 77 72 77 77 72 66 72 72 72 72 66 72 96 72 66 72 72 103 66 77 66 66 66 72 72 66 72 72 66 66 77 72 72 72 72 66 72 72 74 66 72 66 79 79 66 66 77 66 -1 79 66 79 66 77 -1 66 66 77 77 -1 66 72 72 66 72 -1 66 66 77 66 72 77 72 72 66 74 72 66 66 72 79 81 66 72 66 
32 40 40 63 53 60 42 53 53 98 63 40 63 40 40 93 80 63 40 80 63 53 40 53 40 42 79 40 63 99 93 42 -1 65 63 103 63 63 63 66 32 54 40 53 40 68 -1 53 80 53 80 53 32 46 32 63 93 63 80 53 40 40 63 -1 60 53 53 40 63 79 40 93 54 93 93 63 32 63 40 40 63 42 60 66 -1 54 93 40 98 40 80 53 63 32 98 40 76 32 32 98 53 63 40 
54 21 70 21 21 21 70 21 53 -1 20 21 21 21 21 70 21 21 21 21 9 -1 21 74 41 54 70 21 21 41 96 54 54 72 54 103 66 70 66 -1 70 21 54 70 27 70 53 53 77 55 21 70 54 21 -1 54 74 55 54 21 55 21 21 28 20 54 39 21 28 22 -1 70 54 21 54 57 70 21 70 21 54 54 9 66 54 -1 93 21 9 21 21 72 21 70 72 88 9 54 88 21 21 9 41 
93 30 27 17 90 30 93 17 93 96 75 17 17 17 89 93 30 -1 17 30 75 17 92 93 17 33 90 17 93 89 -1 90 93 17 93 103 75 75 92 96 93 90 24 93 27 89 93 93 17 75 90 30 58 93 90 75 93 75 30 27 30 17 17 75 102 93 93 30 92 97 93 93 90 93 93 -1 93 48 93 30 48 96 30 77 93 93 -1 17 90 17 17 93 75 -1 96 92 30 75 93 30 89 27 93 
101 11 27 12 -1 82 11 12 15 82 50 -1 -1 11 4 11 19 12 11 11 18 4 11 12 11 82 50 11 11 27 19 50 40 82 22 103 92 101 92 62 11 18 24 15 27 12 53 15 17 50 4 50 58 4 90 57 27 11 11 4 40 11 12 28 58 53 53 14 92 22 40 13 50 15 23 92 101 15 28 11 50 42 -1 66 40 21 17 -1 -1 11 4 23 -1 15 82 11 27 22 88 11 18 -1 28 
90 5 60 87 87 -1 5 33 87 -1 20 87 87 87 87 87 19 90 20 5 9 90 5 33 87 33 90 87 87 90 19 33 98 5 90 103 90 20 92 85 60 90 90 51 87 95 87 87 90 90 90 5 58 87 90 60 95 87 19 95 5 87 90 90 20 33 72 19 90 97 85 37 33 90 90 92 20 20 60 98 90 96 5 72 98 9 90 -1 -1 5 -1 60 87 97 98 -1 9 90 -1 98 51 9 90 
58 -1 29 17 14 1 1 45 15 64 50 1 17 17 -1 11 19 -1 11 1 64 1 1 45 11 33 6 29 14 -1 19 58 40 5 22 103 63 57 45 62 14 29 58 58 29 -1 53 15 17 102 14 5 58 14 41 102 45 11 -1 14 5 11 17 28 58 33 53 14 45 22 6 17 79 21 56 48 58 21 28 1 58 58 5 77 40 21 17 11 5 -1 17 26 17 102 33 5 29 22 79 1 45 29 -1 
54 21 50 17 -1 88 21 17 53 88 50 17 17 17 4 73 48 -1 21 21 21 -1 97 53 41 50 50 50 14 41 86 50 54 50 54 103 80 50 77 62 14 -1 54 50 50 80 53 53 17 50 -1 50 54 4 -1 54 50 55 80 4 55 17 21 80 55 50 53 14 80 97 85 17 50 21 54 97 50 21 28 21 -1 54 87 72 80 21 17 4 -1 17 -1 50 17 97 98 88 50 -1 88 21 21 50 41 
72 26 60 23 50 60 26 23 53 20 -1 60 23 50 60 53 60 23 20 60 10 20 26 -1 50 72 -1 50 53 99 60 50 60 72 72 103 38 10 23 72 60 72 26 53 50 23 53 53 50 50 10 50 64 23 72 60 74 37 64 53 -1 37 99 38 60 53 72 60 45 64 26 37 -1 72 23 57 20 20 60 26 50 72 60 72 53 72 93 23 60 26 50 -1 38 74 72 60 20 50 79 60 23 37 60 
97 22 27 -1 87 95 22 12 22 87 50 22 3 17 68 22 69 3 22 22 77 12 -1 38 3 87 22 12 68 27 86 42 40 87 22 103 38 75 -1 62 22 24 24 22 27 68 53 22 75 50 24 95 58 38 34 75 95 75 22 95 95 12 3 38 69 34 38 22 -1 22 22 17 66 22 38 -1 101 38 68 22 68 66 87 66 63 21 75 -1 87 17 17 38 -1 68 81 -1 27 22 88 22 38 87 68 
32 15 40 28 28 15 70 28 15 85 70 15 28 71 28 -1 97 86 15 86 70 28 97 74 15 33 70 97 -1 102 86 42 -1 28 28 103 63 70 63 73 32 102 40 15 97 68 53 15 77 43 97 43 32 28 74 102 74 15 15 53 40 15 34 28 102 34 74 28 28 97 -1 -1 74 15 -1 86 70 15 28 40 63 74 85 74 32 70 -1 15 97 102 97 74 68 -1 98 15 76 -1 32 98 74 70 -1 
98 33 81 33 50 33 81 33 65 82 50 33 33 96 81 65 33 33 98 33 82 33 33 33 81 33 98 96 33 99 96 33 98 -1 65 103 81 98 81 81 81 72 81 65 96 33 65 65 81 50 33 33 81 65 72 60 45 33 81 65 33 98 99 81 60 33 81 33 45 98 65 98 33 81 81 81 96 81 81 98 81 -1 33 72 98 72 96 82 98 33 98 72 81 98 -1 33 81 96 -1 81 33 82 81 
40 5 27 92 59 -1 5 33 15 88 20 -1 27 11 28 11 19 13 11 5 18 5 11 59 11 33 6 11 11 27 19 33 40 5 22 103 92 57 92 66 11 18 24 15 27 56 59 15 24 43 24 5 58 59 74 57 -1 11 11 -1 5 11 92 28 58 33 59 19 92 22 40 13 33 15 56 92 20 15 28 5 58 42 5 66 40 88 92 11 -1 5 88 60 -1 15 33 -1 27 22 88 5 18 27 28 
76 27 27 27 50 30 76 27 27 -1 20 27 27 27 28 27 30 27 20 30 9 27 27 27 27 50 50 -1 27 27 -1 50 76 82 62 103 66 20 66 -1 27 29 81 76 27 56 59 27 27 76 27 50 76 59 76 76 27 27 27 27 99 27 39 28 20 50 39 30 28 97 76 27 50 39 56 86 -1 20 28 27 50 -1 9 66 76 9 30 27 9 29 50 20 27 76 81 27 -1 27 88 81 20 9 29 
-1 22 27 27 90 22 22 27 93 90 50 22 27 27 90 93 69 90 22 22 69 90 -1 93 22 50 50 -1 93 27 86 50 0 22 22 103 75 75 92 73 22 90 54 93 27 56 59 93 75 50 27 50 0 59 0 54 27 75 22 27 69 22 34 75 69 34 93 22 90 -1 93 93 50 22 93 -1 0 75 93 69 90 96 22 72 32 54 75 22 90 22 -1 50 22 -1 96 22 27 -1 32 22 22 27 93 
32 79 40 99 88 88 79 94 53 88 79 40 79 79 40 93 79 90 79 99 88 79 79 53 40 79 79 99 93 99 99 79 -1 94 99 103 84 79 79 99 32 90 40 42 99 79 84 53 79 76 79 88 32 40 32 79 95 40 99 95 79 79 99 84 79 79 79 79 90 79 40 93 79 79 93 92 32 79 40 -1 90 94 88 79 32 88 93 88 -1 79 88 79 88 32 -1 88 88 32 -1 -1 79 88 40 
98 -1 29 62 21 1 1 33 15 96 50 1 21 11 60 11 19 62 11 -1 64 1 1 91 11 31 6 29 11 -1 19 -1 98 31 62 103 81 50 81 62 60 29 31 42 29 6 60 15 19 50 31 5 58 60 41 60 29 11 19 29 -1 11 -1 28 60 31 81 19 28 19 6 13 33 21 81 48 96 21 60 1 42 -1 5 81 98 21 30 11 98 1 21 60 22 98 81 5 81 22 -1 -1 18 29 29 
54 18 27 21 21 51 45 23 53 20 20 18 21 18 89 18 51 89 -1 51 18 18 18 -1 18 33 45 18 18 41 51 51 40 23 22 103 38 20 23 62 18 18 45 51 27 -1 53 53 24 51 51 -1 58 23 41 51 45 18 18 53 51 18 21 38 20 51 38 61 45 22 45 18 51 21 23 57 20 20 28 61 51 45 51 66 53 21 89 18 51 45 21 23 38 74 33 18 20 22 79 18 -1 20 41 
76 27 27 27 87 82 70 27 27 -1 37 27 27 27 87 27 97 27 20 27 9 27 27 27 27 50 50 -1 27 27 96 50 76 82 27 103 63 -1 92 85 27 29 27 70 27 56 59 27 27 76 27 50 76 59 76 57 27 37 27 27 40 37 27 57 20 50 59 61 92 97 37 37 50 27 56 57 -1 20 28 61 50 96 9 72 63 9 27 -1 9 29 50 37 87 70 82 27 9 27 88 29 20 -1 29 
40 89 40 28 28 60 42 28 53 64 64 28 28 28 28 93 69 89 41 64 64 41 28 53 41 42 79 29 -1 -1 93 42 40 28 28 103 63 57 63 62 -1 -1 40 42 29 89 53 53 41 55 29 43 64 28 41 -1 29 55 64 29 40 28 34 28 -1 34 53 28 28 64 40 93 54 41 93 57 55 41 28 40 42 42 60 66 40 41 93 28 90 -1 41 60 68 -1 81 28 29 93 40 29 41 29 -1 
