111
33 46
-1 64 61 61 57 82 61 77 61 61 61 61 82 61 61 58 61 69 61 61 57 58 57 61 61 61 78 61 61 61 61 69 61 97 61 69 69 57 64 86 106 58 61 64 61 61 61 61 61 58 69 69 61 61 61 69 61 -1 57 102 64 -1 61 103 -1 101 77 61 105 -1 64 64 74 69 57 61 61 57 57 61 64 61 64 64 85 57 69 57 61 64 82 89 61 64 61 69 64 89 61 80 82 57 64 64 61 57 64 61 64 82 64 
64 -1 60 48 84 10 48 56 60 34 -1 -1 82 60 10 -1 60 55 56 56 62 41 56 62 60 10 84 34 60 62 84 55 60 97 11 55 83 62 10 84 62 15 44 38 15 44 44 38 10 41 84 108 60 62 62 11 11 85 41 60 -1 14 -1 103 60 44 41 15 48 34 60 64 84 48 84 83 48 55 15 60 60 15 11 60 -1 84 62 62 10 11 84 78 44 14 62 55 10 62 60 80 82 38 64 60 70 62 62 44 60 70 60 
61 60 -1 104 32 96 104 98 32 61 96 55 100 28 61 96 32 104 98 61 61 98 61 61 75 61 98 61 -1 52 68 55 28 98 61 28 83 73 61 98 98 75 75 52 75 83 75 75 75 75 84 96 32 98 61 35 96 61 75 75 32 28 61 104 60 75 32 32 32 35 104 104 75 35 75 -1 52 98 32 32 60 61 100 75 75 75 75 96 61 98 75 32 96 61 83 96 75 98 28 80 75 75 64 104 28 98 61 75 100 79 60 
61 48 104 -1 48 48 48 77 91 48 48 55 104 104 48 91 91 104 91 48 91 48 91 91 48 68 91 48 104 91 68 -1 68 97 48 55 104 73 48 104 73 48 48 91 72 48 48 68 -1 75 104 104 48 91 68 31 48 74 48 48 104 48 48 104 91 72 77 91 48 104 104 104 48 48 72 72 48 55 91 68 91 48 48 104 72 104 104 31 48 91 48 -1 72 48 91 48 48 91 91 91 68 72 88 104 -1 68 91 87 97 104 72 
57 84 32 48 -1 25 48 19 -1 20 48 34 40 32 48 78 32 50 19 -1 -1 8 19 8 90 23 84 -1 32 21 84 87 8 97 27 8 20 20 34 84 19 21 61 19 74 74 61 85 27 41 19 50 32 23 19 35 19 20 57 78 32 20 84 103 38 37 19 78 32 20 84 84 74 35 -1 74 48 57 20 32 43 20 90 36 -1 84 36 27 20 90 84 8 74 20 23 56 48 78 21 80 52 57 40 38 36 23 23 87 40 40 54 
82 10 96 48 25 -1 48 82 25 25 -1 -1 82 55 10 -1 67 55 43 25 78 41 25 25 90 -1 78 34 55 25 68 55 68 97 11 55 78 62 10 45 82 15 44 25 15 44 44 38 10 41 82 55 67 82 25 11 11 82 41 67 10 14 10 103 82 44 41 15 25 25 109 82 44 48 54 96 48 82 15 90 43 15 -1 41 10 47 49 107 10 11 82 43 44 14 25 55 10 67 82 80 82 38 82 38 48 25 25 25 100 82 44 
61 48 104 48 48 48 -1 86 52 81 48 90 90 104 48 81 52 104 90 90 81 48 81 52 -1 68 90 48 104 52 68 48 52 97 48 73 104 73 48 95 73 81 24 52 42 24 42 42 -1 86 90 95 -1 90 52 95 90 74 81 24 24 42 90 103 60 67 86 52 48 81 104 104 48 48 72 42 48 90 48 90 60 -1 90 24 90 90 52 95 -1 90 -1 48 96 90 83 -1 52 67 52 80 52 72 88 81 -1 68 52 45 60 90 52 
77 56 98 77 19 82 86 -1 98 23 43 56 82 98 78 66 66 77 -1 18 77 98 19 19 77 43 98 98 98 43 98 77 98 98 43 77 86 86 43 98 19 66 77 18 82 98 77 77 77 66 19 77 86 98 19 77 18 77 66 67 98 98 98 103 82 67 -1 66 77 77 86 82 77 77 77 100 86 -1 66 98 43 66 77 66 98 77 66 77 23 98 56 43 82 82 23 56 66 98 -1 80 98 77 82 86 98 98 105 43 100 82 43 
61 60 32 91 -1 25 52 98 -1 23 25 55 40 32 61 41 32 55 19 4 4 -1 19 -1 60 23 32 4 32 21 54 55 -1 97 23 -1 20 20 91 32 19 21 61 91 41 39 61 68 27 41 19 55 32 23 23 35 21 20 41 60 32 23 23 103 60 37 32 29 32 35 60 64 74 35 4 32 91 55 91 32 60 23 53 41 4 84 52 27 23 91 56 -1 96 23 23 55 52 53 21 80 52 57 64 60 32 23 23 25 60 79 29 
61 34 61 48 20 25 81 23 23 -1 88 34 102 61 61 81 78 69 23 23 -1 23 20 -1 61 23 78 34 61 23 54 55 23 97 -1 69 20 20 34 103 23 81 61 25 61 61 61 38 34 75 23 69 29 23 23 34 23 20 57 102 93 -1 23 103 93 37 77 29 81 -1 37 93 48 88 20 61 48 57 20 93 43 -1 34 36 20 36 36 34 -1 34 93 23 61 -1 23 81 81 53 53 80 81 38 88 81 36 23 23 25 40 102 29 
61 -1 96 48 48 -1 48 43 25 88 -1 1 82 61 -1 1 78 55 43 25 78 48 78 25 48 5 78 48 61 43 68 48 60 97 38 73 78 62 -1 96 62 15 47 38 15 44 47 38 -1 96 84 96 96 62 25 11 11 101 41 102 1 14 1 103 38 101 41 15 48 88 60 64 48 48 72 96 48 47 14 60 43 15 5 60 1 47 96 48 -1 11 48 43 96 14 25 96 -1 78 47 80 68 38 88 38 48 68 64 25 60 82 60 
61 -1 55 55 34 -1 90 56 55 34 1 -1 82 55 10 1 78 55 56 56 34 56 56 25 60 5 78 34 55 56 84 55 60 97 -1 55 34 62 34 95 56 15 61 25 82 82 61 38 10 41 55 55 100 82 56 -1 -1 77 41 60 1 34 1 103 82 82 77 15 25 34 60 82 82 55 34 100 91 55 34 90 60 15 -1 60 1 84 62 34 10 -1 56 89 82 34 25 55 10 89 89 80 82 38 82 38 55 98 82 25 60 82 60 
82 82 100 104 40 82 90 82 40 102 82 82 -1 98 78 82 78 50 40 40 40 56 40 40 90 82 84 40 98 40 84 55 82 97 82 55 40 40 82 82 -1 82 82 40 82 82 82 82 73 86 -1 50 100 40 40 50 40 82 82 102 82 40 40 103 82 40 82 102 100 50 40 82 82 40 40 100 87 82 53 90 82 82 -1 94 50 84 40 40 102 82 82 78 82 82 50 51 82 53 53 82 82 65 -1 82 50 106 40 82 40 40 82 
61 60 28 104 32 55 104 98 32 61 61 55 98 -1 61 60 32 104 98 61 61 98 61 61 60 61 98 61 -1 52 68 55 28 98 61 28 104 73 61 98 98 98 61 52 61 98 61 98 61 75 104 104 32 98 61 35 98 61 61 60 32 28 61 104 60 61 32 32 32 35 104 104 75 35 32 28 52 98 32 32 60 61 98 60 98 98 52 55 61 98 79 32 61 61 61 55 52 98 28 80 98 104 64 104 28 98 61 61 60 79 60 
61 10 61 48 48 10 48 78 61 61 -1 10 78 61 -1 78 78 69 43 61 78 48 78 61 48 10 78 48 61 61 68 48 61 97 61 61 78 73 10 78 78 78 61 38 61 48 61 38 -1 75 61 95 48 78 61 11 93 61 61 78 10 -1 10 103 93 78 78 78 48 61 97 93 48 48 72 61 48 47 -1 93 43 48 10 48 10 47 52 48 10 91 93 78 96 -1 61 48 10 78 61 80 68 38 88 38 48 61 61 25 97 78 60 
58 -1 96 91 78 -1 81 66 41 81 1 1 82 60 78 -1 67 55 43 25 78 41 78 25 44 5 78 41 60 67 81 55 60 97 78 41 78 62 10 45 78 -1 44 25 -1 44 44 44 10 41 84 96 67 78 110 11 11 58 41 67 1 44 1 103 60 44 41 -1 81 78 60 64 44 48 72 96 67 66 -1 60 60 -1 5 41 1 84 49 96 10 11 81 78 44 78 83 96 -1 67 41 80 67 65 67 81 81 81 25 44 60 82 44 
61 60 32 91 32 67 52 66 32 78 78 78 78 32 78 67 -1 77 66 32 78 32 78 32 45 68 -1 78 32 67 39 77 -1 97 78 32 78 67 78 -1 78 66 45 67 45 39 45 68 68 66 84 95 32 78 39 77 95 77 66 67 32 32 78 103 60 67 -1 -1 32 78 60 64 84 35 32 32 52 66 -1 32 60 67 77 45 26 84 39 95 52 91 79 78 45 78 32 39 52 39 26 80 52 67 67 39 32 68 32 45 60 79 60 
69 55 104 104 50 55 104 77 55 69 55 55 50 104 69 55 77 -1 50 50 69 55 50 50 104 50 84 50 104 50 84 55 104 104 55 55 69 69 104 95 50 77 69 50 82 83 69 77 104 86 -1 -1 104 50 50 -1 50 69 69 102 104 69 84 104 69 69 77 78 77 -1 104 104 84 55 50 83 87 55 69 90 104 69 50 69 50 69 69 55 69 55 84 104 96 69 50 51 95 104 77 104 108 104 50 104 -1 50 50 87 51 104 54 
61 56 98 91 19 43 90 -1 19 23 43 56 40 98 43 43 66 50 -1 -1 19 56 19 19 90 43 98 19 98 43 54 56 98 97 43 19 20 40 43 95 19 56 47 -1 82 90 47 43 27 56 19 95 43 23 19 56 -1 77 56 67 80 23 23 103 43 40 7 43 43 20 40 64 74 40 19 96 91 7 91 90 43 23 56 56 19 47 66 95 23 56 56 43 96 90 23 56 95 53 7 80 98 43 40 43 50 23 23 43 40 40 43 
61 56 61 48 -1 25 90 18 4 23 25 56 40 61 61 25 32 50 -1 -1 4 56 -1 -1 90 23 84 4 61 23 54 55 8 97 23 8 20 40 43 54 -1 56 61 18 110 54 61 43 27 56 -1 50 29 23 -1 50 -1 20 56 67 108 23 23 103 106 40 18 29 25 20 40 70 74 40 4 61 48 18 20 90 43 23 40 94 4 84 40 27 23 56 56 8 96 23 23 56 95 53 18 80 108 43 40 43 50 23 23 25 40 40 54 
57 62 61 91 -1 78 81 77 4 -1 78 34 40 61 78 78 78 69 19 4 -1 8 -1 9 83 23 78 4 61 23 84 87 8 97 9 69 -1 -1 34 78 37 58 61 91 65 83 61 77 27 86 19 69 78 78 19 69 19 -1 57 78 70 9 37 103 57 37 77 78 81 -1 37 70 74 37 4 83 87 57 -1 32 70 9 77 36 4 36 36 37 9 91 84 78 65 9 23 87 78 78 77 80 78 57 88 81 36 57 23 87 40 40 85 
58 41 98 48 8 41 48 98 -1 23 48 56 56 98 48 41 32 55 56 56 8 -1 56 8 83 23 98 -1 98 -1 98 87 8 97 27 8 83 87 34 98 56 -1 98 29 41 83 98 98 27 41 56 95 29 98 23 35 -1 58 41 67 32 23 23 103 98 67 41 29 32 35 60 98 48 35 8 49 48 98 34 32 43 41 56 41 8 98 49 27 23 98 56 8 44 90 23 56 41 67 -1 80 98 38 67 98 98 98 23 87 100 56 29 
57 56 61 91 19 25 81 19 19 20 78 56 40 61 78 78 78 50 19 -1 -1 56 -1 19 83 23 78 19 61 23 54 87 19 97 20 69 20 20 34 54 19 56 61 19 65 83 61 77 27 86 19 50 29 23 19 50 19 20 57 78 70 20 23 103 57 37 19 78 25 20 37 70 74 37 19 83 87 57 20 90 43 20 40 36 19 36 36 37 20 56 56 78 65 20 23 56 78 78 19 80 108 57 40 81 36 23 23 25 40 40 54 
61 62 61 91 8 25 52 19 -1 -1 25 25 40 61 61 25 32 50 19 -1 9 8 19 -1 61 -1 78 8 61 -1 54 55 8 97 9 8 20 62 34 54 19 21 61 25 61 94 61 61 61 41 19 50 29 -1 -1 35 19 105 105 67 32 -1 -1 103 106 62 19 29 25 9 62 106 74 35 54 61 52 82 53 32 43 9 53 94 62 84 52 62 9 91 56 8 61 9 -1 56 52 53 53 80 52 105 88 81 61 -1 -1 25 40 40 29 
61 60 75 48 90 90 -1 77 60 61 48 60 90 60 48 44 45 104 90 90 83 83 83 61 -1 107 90 48 60 52 45 48 60 97 61 60 83 70 47 45 108 83 -1 80 42 -1 42 42 6 75 90 95 6 90 110 95 90 61 83 -1 -1 42 60 103 60 44 83 59 47 83 60 64 44 48 72 42 48 47 67 90 60 6 90 -1 90 47 45 95 6 90 -1 90 44 90 83 6 60 45 45 80 52 70 59 60 6 61 64 45 60 70 60 
61 10 61 68 23 -1 68 43 23 23 5 5 82 61 10 5 68 50 43 23 23 23 23 -1 107 -1 68 68 61 23 68 107 68 97 11 23 23 62 43 68 23 15 61 -1 107 107 61 68 68 41 23 107 29 23 23 11 11 105 41 107 68 23 23 103 43 107 41 15 -1 23 62 64 68 68 54 100 68 68 15 68 43 68 5 94 62 68 52 107 10 11 82 43 107 23 23 107 10 53 53 80 68 43 64 43 61 23 23 -1 100 82 29 
78 84 98 91 84 78 90 98 32 78 78 78 84 98 78 78 -1 84 98 84 78 98 78 78 90 68 -1 78 98 67 84 91 16 97 78 98 78 78 78 16 78 66 98 91 78 39 98 98 78 66 84 84 32 78 84 98 90 78 66 67 32 78 84 103 98 67 16 16 32 78 84 84 84 78 84 84 91 98 -1 32 60 78 78 45 -1 84 39 78 78 98 84 78 78 78 84 39 78 78 -1 80 98 84 67 39 84 98 105 45 97 84 85 
61 34 61 48 -1 34 48 98 4 34 48 34 40 61 48 41 78 50 19 4 4 -1 19 8 48 68 78 -1 61 21 68 87 8 97 -1 8 20 87 34 95 19 21 61 29 72 107 61 38 -1 41 19 95 29 78 19 34 21 20 41 48 32 34 84 103 38 87 41 29 48 20 84 64 48 48 4 72 48 98 34 32 43 34 34 41 4 84 87 -1 34 34 48 8 72 34 23 87 48 78 21 80 68 38 64 38 48 68 23 87 40 40 29 
61 60 -1 104 32 55 104 98 32 61 61 55 98 -1 61 60 32 104 98 61 61 98 61 61 60 61 98 61 -1 52 68 55 -1 98 61 -1 104 73 61 98 98 98 61 52 61 98 61 98 61 75 104 104 32 98 61 35 98 61 61 60 32 -1 61 104 60 61 32 32 32 35 104 104 75 35 32 2 52 98 32 32 60 61 98 60 98 98 52 55 61 98 79 32 61 61 61 55 52 98 -1 80 98 104 64 104 -1 98 61 61 60 79 60 
61 62 52 91 21 25 52 43 21 23 43 56 40 52 61 67 67 50 43 23 23 -1 23 -1 52 23 67 21 52 -1 54 87 52 97 23 21 86 62 43 67 23 21 61 -1 110 67 61 43 27 41 23 95 -1 23 23 35 21 105 41 67 110 23 23 103 43 67 41 -1 25 23 97 64 110 35 54 96 52 98 67 52 43 23 53 41 62 110 52 27 23 91 52 43 96 23 23 52 52 67 21 80 52 43 67 43 52 23 23 25 97 40 -1 
61 84 68 68 84 68 68 98 54 54 68 84 84 68 68 81 39 84 54 54 84 98 54 54 45 68 84 68 68 54 -1 68 68 97 54 54 85 84 68 -1 54 66 68 68 45 39 68 68 68 86 84 95 68 54 -1 95 54 74 74 45 68 54 84 103 68 45 39 39 -1 54 84 84 84 68 54 84 68 68 39 68 68 68 90 45 -1 84 39 95 54 90 84 54 45 90 54 39 95 39 39 80 68 84 59 39 84 68 54 45 97 84 54 
69 55 55 -1 87 55 48 77 55 55 48 55 55 55 48 55 77 55 56 55 87 87 87 55 48 107 91 87 55 87 68 -1 55 97 55 55 104 87 48 95 87 77 77 91 107 107 77 77 3 87 55 55 87 82 55 -1 55 77 77 107 55 48 87 104 82 87 77 87 48 55 87 87 48 48 72 72 87 55 91 55 91 48 55 104 55 77 87 -1 48 55 48 3 96 48 55 55 95 87 77 91 68 72 55 104 3 68 87 87 55 82 107 
61 60 28 68 8 68 52 98 -1 23 60 60 82 28 61 60 -1 104 98 8 8 8 19 8 60 68 16 8 -1 52 68 55 -1 97 61 8 83 70 64 16 98 21 60 52 110 39 60 68 68 86 19 108 -1 98 23 35 21 98 41 60 -1 28 23 103 60 67 16 16 -1 35 60 64 68 35 8 28 52 98 16 -1 60 68 64 60 8 68 52 76 52 98 79 8 96 64 23 39 52 39 -1 80 52 70 64 60 28 68 23 68 60 79 60 
97 97 98 97 97 97 97 98 97 97 97 97 97 98 97 97 97 104 97 97 97 97 97 97 97 97 97 97 98 97 97 97 97 -1 97 97 97 97 97 97 97 97 97 97 97 97 97 98 97 97 97 108 97 97 97 97 97 97 97 97 97 97 97 103 97 97 97 97 97 97 97 97 97 97 97 108 97 97 97 97 97 97 97 97 97 97 97 97 97 97 97 97 97 97 97 97 97 -1 97 97 108 97 97 97 97 97 97 97 97 97 97 
61 11 61 48 27 11 48 43 23 -1 38 -1 82 61 61 78 78 55 43 23 9 27 20 9 61 11 78 -1 61 23 54 55 61 97 -1 55 20 20 -1 78 78 27 61 38 61 61 61 38 27 41 23 55 78 78 23 11 11 20 41 78 11 -1 11 103 38 78 78 78 47 9 97 64 48 48 27 61 48 47 -1 61 43 9 11 36 11 47 103 27 9 11 56 78 61 9 23 55 38 78 27 80 82 38 64 38 61 23 23 87 97 82 29 
69 55 28 55 8 55 73 77 -1 69 73 55 55 28 61 41 32 55 19 8 69 8 69 8 60 23 98 8 -1 21 54 55 8 97 55 -1 69 73 55 95 73 21 61 91 61 83 61 77 73 41 55 55 32 23 23 -1 21 69 41 102 32 28 23 104 69 73 77 29 32 -1 73 69 73 -1 8 28 73 55 69 32 60 69 55 69 8 69 69 55 73 55 93 8 96 73 23 55 95 53 28 80 98 69 88 104 28 23 23 25 55 73 29 
69 83 83 104 20 78 104 86 20 20 78 34 40 104 78 78 78 69 20 20 -1 83 20 20 83 23 78 20 104 86 85 104 83 97 20 69 -1 20 85 86 37 83 83 83 83 83 83 85 104 86 69 69 86 78 110 69 20 20 57 83 83 20 37 103 69 37 86 78 85 -1 104 104 83 37 20 83 86 57 20 83 83 20 69 -1 85 -1 -1 37 20 69 83 78 83 20 83 86 83 78 85 83 83 57 69 86 -1 57 23 83 83 104 85 
57 62 73 73 20 62 73 86 20 20 62 62 40 73 73 62 67 69 40 40 -1 87 20 62 70 62 78 87 73 62 84 87 70 97 20 73 20 -1 101 86 -1 86 65 40 65 65 65 65 73 86 40 95 86 40 40 73 40 20 57 67 70 20 -1 103 70 -1 86 65 73 20 -1 70 65 -1 20 86 87 57 20 109 70 20 40 36 62 36 -1 -1 73 97 84 78 65 73 62 87 70 70 53 80 86 65 40 86 70 57 40 87 40 40 65 
64 10 61 48 34 10 48 43 91 34 -1 34 82 61 10 10 78 104 43 43 34 34 34 34 47 43 78 34 61 43 68 48 64 97 -1 55 85 101 -1 103 106 15 47 -1 47 103 47 -1 10 103 43 96 43 78 34 34 34 101 101 102 64 34 10 103 -1 101 77 43 47 34 101 64 101 48 101 47 48 47 34 64 43 103 64 64 10 47 103 34 10 64 82 43 96 64 34 96 10 78 47 80 68 -1 64 -1 103 68 64 43 64 82 43 
86 84 98 104 84 45 95 98 32 103 96 95 82 98 78 45 -1 95 95 54 78 98 54 54 45 68 16 95 98 67 -1 95 16 97 78 95 86 86 103 -1 86 66 45 103 45 -1 45 98 68 86 84 95 86 97 30 95 95 98 66 45 103 98 84 103 97 45 16 16 30 86 97 97 45 86 54 83 86 98 16 32 103 103 45 45 30 84 -1 95 95 97 45 78 45 78 83 -1 95 -1 -1 103 98 97 59 -1 103 98 105 45 97 97 45 
106 62 98 73 19 82 73 19 19 23 62 56 -1 98 78 78 78 50 19 -1 37 56 19 19 108 23 78 19 98 23 54 87 98 97 78 73 37 -1 106 86 -1 56 61 19 65 65 61 98 73 86 12 108 86 -1 19 50 19 37 57 102 108 23 37 103 106 37 86 65 106 37 37 70 65 37 19 108 87 82 53 109 108 23 12 108 19 37 37 37 73 97 56 78 65 73 23 56 108 53 53 108 108 65 12 86 70 106 -1 87 -1 -1 54 
58 15 75 48 21 15 81 66 21 81 15 15 82 98 78 -1 66 77 56 56 58 -1 56 21 83 15 66 21 98 21 66 77 21 97 27 21 83 86 15 66 56 -1 44 29 15 83 44 77 27 -1 94 95 29 78 23 77 21 58 -1 67 83 23 15 103 83 44 -1 15 81 83 83 83 44 35 58 49 48 66 15 32 83 15 15 -1 15 58 49 27 15 98 56 21 44 78 83 56 15 67 21 83 75 58 67 81 83 58 23 44 83 82 29 
61 44 75 48 61 44 24 77 61 61 47 61 82 61 61 44 45 69 47 61 61 98 61 61 -1 61 98 61 61 61 68 77 60 97 61 61 83 65 47 45 61 44 -1 47 -1 24 -1 -1 24 75 61 95 24 61 61 77 90 61 44 24 24 -1 61 103 47 44 77 44 47 61 60 64 44 48 72 -1 48 47 44 90 60 24 44 24 72 47 75 107 24 90 24 47 44 61 61 24 75 45 47 80 75 47 59 47 24 61 61 44 60 82 44 
64 38 52 91 19 25 52 18 91 25 38 25 40 52 38 25 67 50 -1 18 91 29 19 25 80 -1 91 29 52 -1 68 91 52 97 38 91 83 40 -1 103 19 29 47 -1 107 107 47 38 38 41 19 95 29 25 19 25 18 101 41 67 80 25 25 103 38 67 18 29 25 25 80 64 101 48 19 47 91 18 91 52 -1 68 25 80 19 47 52 91 38 91 56 -1 96 64 25 56 38 67 18 80 52 38 64 38 91 25 25 25 80 40 29 
61 15 75 72 74 15 42 82 41 61 15 82 82 61 61 -1 45 82 82 110 65 41 65 61 42 107 78 72 61 110 45 107 110 97 61 61 83 65 47 45 65 15 -1 107 -1 -1 42 42 72 41 82 95 67 82 110 82 82 74 41 45 110 42 15 103 82 -1 41 15 47 61 65 82 -1 65 72 42 72 82 15 90 110 15 -1 45 72 110 45 107 15 82 82 78 -1 82 83 45 15 45 45 110 82 65 59 45 42 61 82 -1 100 82 -1 
61 44 83 48 74 44 24 98 39 61 44 82 82 98 48 44 39 83 90 54 83 83 83 94 -1 107 39 107 98 67 39 107 39 97 61 83 83 65 103 -1 65 83 24 107 -1 -1 42 42 24 83 94 95 24 82 39 95 90 74 83 -1 24 42 44 103 60 44 39 59 39 83 60 64 44 48 72 83 107 82 39 90 60 24 44 -1 39 83 39 107 24 90 24 78 44 90 83 39 44 39 39 80 82 65 59 39 24 98 64 -1 60 82 44 
61 44 75 48 61 44 42 77 61 61 47 61 82 61 61 44 45 69 47 61 61 98 61 61 42 61 98 61 61 61 68 77 60 97 61 61 83 65 47 45 61 44 -1 47 42 42 -1 42 42 75 61 95 42 61 61 77 90 61 44 42 42 42 61 103 47 44 77 44 47 61 60 64 44 48 72 42 48 47 44 90 60 42 44 42 72 47 75 107 42 90 42 47 44 61 61 42 75 45 47 80 75 47 59 47 42 61 61 44 60 82 44 
61 38 75 68 85 38 42 77 68 38 38 38 82 98 38 44 68 77 43 43 77 98 77 61 42 68 98 38 98 43 68 77 68 98 38 77 85 65 -1 98 98 77 -1 38 42 42 42 -1 68 75 85 77 68 98 68 77 98 77 77 42 42 42 85 103 38 44 77 43 -1 85 85 64 44 68 77 42 68 -1 38 68 43 68 77 42 85 -1 77 38 38 98 42 43 44 64 61 77 38 98 -1 80 68 38 64 38 85 68 64 44 100 82 85 
61 10 75 -1 27 10 -1 77 27 34 -1 10 73 61 -1 10 68 104 27 27 27 27 27 61 6 68 78 -1 61 27 68 3 68 97 27 73 104 73 10 68 73 27 24 38 72 24 42 68 -1 75 84 95 6 78 68 31 27 74 41 24 10 14 10 103 38 72 41 52 -1 73 73 64 -1 -1 72 72 -1 68 14 68 43 6 10 24 72 68 52 27 6 90 6 3 72 14 61 6 10 78 27 80 68 72 88 38 3 68 105 68 100 73 72 
58 41 75 75 41 41 86 66 41 75 96 41 86 75 75 41 66 86 56 56 86 41 86 41 75 41 66 41 75 41 86 87 86 97 41 41 86 86 103 86 86 -1 75 41 41 83 75 75 75 -1 84 95 86 78 75 77 41 58 41 67 83 75 86 103 83 86 41 41 100 86 86 86 75 86 75 -1 86 66 41 86 83 41 100 41 75 86 -1 86 86 97 56 41 96 86 83 86 75 86 41 83 75 75 67 86 86 58 86 44 100 86 41 
69 84 84 104 19 82 90 19 19 23 84 55 -1 104 61 84 84 -1 19 -1 19 56 19 19 90 23 84 19 104 23 84 55 19 97 23 55 69 40 43 84 12 94 61 19 82 94 61 85 84 84 -1 17 29 23 19 17 19 85 85 102 84 23 84 104 82 40 19 29 84 17 84 84 84 40 19 84 84 55 84 90 43 23 12 94 -1 84 40 27 102 90 84 19 82 90 -1 51 84 84 84 80 82 84 12 104 17 23 23 25 40 40 54 
69 108 96 104 50 55 95 77 55 69 96 55 50 104 95 96 95 -1 95 50 69 95 50 50 95 107 84 95 104 95 95 55 108 108 55 55 69 95 96 95 108 95 95 95 95 95 95 77 95 95 17 -1 95 108 50 17 95 69 69 95 108 69 84 103 108 95 77 108 108 17 104 104 84 55 50 96 95 55 108 109 108 95 108 108 50 69 95 95 95 108 95 95 96 69 50 -1 95 108 95 108 108 104 109 95 17 98 108 95 -1 108 108 
61 60 32 48 32 67 -1 86 32 29 96 100 100 32 48 67 32 104 43 29 78 29 29 29 6 29 32 29 32 -1 68 87 -1 97 78 32 86 86 43 86 86 29 24 29 67 24 42 68 6 86 29 95 -1 29 29 95 29 78 41 67 32 29 29 103 60 67 86 -1 32 86 60 64 48 48 32 96 -1 86 67 32 43 6 100 24 90 86 -1 76 6 90 6 76 96 90 29 6 -1 67 32 80 -1 67 67 86 6 29 29 87 100 79 29 
61 62 98 91 23 82 90 98 23 23 62 82 40 98 78 78 78 50 23 23 78 98 23 -1 90 23 78 78 98 23 54 82 98 97 78 23 78 40 78 97 -1 78 61 25 82 82 61 98 78 78 23 108 29 -1 23 82 23 78 78 78 62 23 -1 103 82 40 78 78 25 23 97 82 82 40 54 100 91 82 -1 90 43 23 -1 94 62 84 40 40 23 97 82 78 82 23 23 97 78 -1 -1 80 82 97 40 97 97 23 23 25 40 40 29 
61 62 61 68 19 25 52 19 23 23 25 56 40 61 61 110 39 50 19 -1 19 23 19 -1 110 23 84 19 61 23 -1 55 23 97 23 23 110 40 34 30 19 23 61 19 110 39 61 68 68 75 19 50 29 23 -1 35 19 74 74 45 110 23 23 103 106 110 19 29 30 23 84 84 74 35 -1 74 52 74 53 32 110 23 53 94 30 110 39 27 23 56 56 23 110 23 23 39 110 39 39 110 68 74 40 39 50 23 23 25 40 40 -1 
69 11 35 31 35 11 95 77 35 34 11 -1 50 35 11 11 77 -1 56 50 69 35 50 35 95 11 98 34 35 35 95 -1 35 97 11 -1 69 73 34 95 50 77 77 25 82 95 77 77 31 77 17 17 95 82 35 -1 11 77 77 95 11 34 11 103 82 73 77 15 77 17 104 82 48 35 77 96 87 -1 34 35 60 95 11 60 11 77 77 31 73 11 56 31 96 73 50 -1 95 89 77 80 82 77 50 95 17 77 35 87 51 82 60 
61 11 96 48 19 11 90 18 21 23 11 -1 40 98 93 11 95 50 -1 -1 19 -1 19 19 90 11 90 21 98 21 54 55 21 97 11 21 20 40 34 95 19 21 90 18 82 90 90 98 27 41 19 95 29 23 19 11 -1 20 41 90 11 23 11 103 82 40 18 29 25 20 90 82 90 93 19 96 95 18 34 90 43 90 11 41 90 90 95 95 90 11 -1 21 96 90 23 -1 95 89 21 80 82 38 40 95 90 23 23 95 40 40 29 
-1 85 61 74 20 82 74 77 20 20 101 77 82 61 61 58 77 69 77 20 -1 58 20 105 61 105 78 20 61 105 74 77 98 97 20 69 20 20 101 98 37 58 61 101 74 74 61 77 74 58 85 69 78 78 74 77 20 -1 -1 78 64 0 37 103 0 101 77 78 105 0 101 64 74 37 -1 74 74 -1 20 90 64 20 77 36 85 -1 36 37 20 64 82 78 74 20 105 77 58 78 77 80 82 -1 64 101 36 -1 105 74 40 82 85 
57 41 75 48 57 41 81 66 41 57 41 41 82 61 61 41 66 69 56 56 57 41 57 105 83 41 66 41 61 41 74 77 41 97 41 41 57 57 101 66 57 -1 44 41 41 83 44 77 41 41 85 69 41 78 74 77 41 -1 -1 67 83 57 41 103 57 101 41 41 105 57 101 64 74 57 57 49 48 57 41 41 83 41 77 41 85 57 49 41 57 64 56 41 44 57 83 56 41 67 41 83 75 57 64 81 57 57 105 44 83 82 85 
102 60 75 48 78 67 24 67 60 102 102 60 102 60 78 67 67 102 67 67 78 67 78 67 -1 107 67 48 60 67 45 107 60 97 78 102 83 67 102 45 102 67 24 67 45 -1 42 42 24 67 102 95 67 78 45 95 90 78 67 -1 24 42 60 103 102 67 67 -1 45 78 60 102 45 102 72 42 67 47 67 90 60 24 45 24 90 47 45 107 102 90 24 78 45 90 83 24 60 67 45 80 67 67 -1 45 24 67 102 45 60 102 45 
64 -1 32 104 32 10 24 98 32 93 1 1 82 32 10 1 32 104 80 108 70 32 70 32 -1 68 32 32 32 110 68 55 -1 97 11 32 83 70 64 103 108 83 24 80 110 24 42 42 10 83 84 108 32 62 110 11 11 64 83 24 -1 32 1 103 -1 70 32 15 32 64 -1 64 83 70 110 83 52 82 15 32 -1 103 64 -1 1 110 103 70 10 64 24 32 96 64 83 96 -1 70 32 80 108 70 64 -1 70 68 64 45 -1 70 -1 
-1 14 28 48 20 14 42 98 23 -1 14 34 40 28 -1 44 32 69 23 23 9 23 20 -1 42 23 78 34 -1 23 54 48 28 97 -1 28 20 20 34 98 23 23 -1 25 42 42 42 42 14 75 23 69 29 23 23 34 23 0 57 42 32 -1 23 103 0 44 32 29 25 0 104 64 44 35 54 42 48 47 14 32 43 9 34 42 62 47 36 34 9 34 42 23 44 9 23 42 14 53 28 80 75 38 64 38 28 23 23 25 40 40 29 
61 -1 61 48 84 10 90 98 23 23 1 1 40 61 10 1 78 84 23 23 37 23 23 -1 60 23 84 84 61 23 84 87 23 97 11 23 37 -1 10 84 37 15 61 25 15 44 61 85 10 86 84 84 29 -1 23 11 11 37 41 60 1 23 -1 103 60 37 86 15 25 23 37 70 84 37 54 84 87 82 53 90 60 15 53 60 -1 84 37 37 10 11 84 23 44 23 23 87 10 53 53 80 82 65 40 60 70 23 23 25 40 40 29 
103 103 104 104 103 103 103 103 103 103 103 103 103 104 103 103 103 104 103 103 103 103 103 103 103 103 103 103 104 103 103 104 103 103 103 104 103 103 103 103 103 103 103 103 103 103 103 103 103 103 104 103 103 103 103 103 103 103 103 103 103 103 103 -1 103 103 103 103 103 103 103 103 103 103 103 103 103 103 103 103 103 103 103 103 103 103 103 103 103 103 103 103 103 103 103 103 103 103 103 103 103 103 103 -1 103 103 103 103 103 103 103 
-1 60 60 91 38 82 60 82 60 93 38 82 82 60 93 60 60 69 43 106 57 98 57 106 60 43 98 38 60 43 68 82 60 97 38 69 69 70 -1 97 106 83 47 38 82 60 47 38 38 83 82 108 60 82 106 82 82 0 57 102 -1 0 60 103 -1 82 82 97 47 0 60 -1 82 93 57 83 91 82 38 60 60 93 -1 60 60 47 103 38 102 -1 82 89 82 -1 83 96 60 89 89 80 82 38 -1 38 70 106 -1 82 60 82 60 
101 44 75 72 37 44 67 67 37 37 101 82 40 61 78 44 67 69 40 40 37 67 37 62 44 107 67 87 61 67 45 87 67 97 78 73 37 -1 101 45 37 44 44 67 -1 44 44 44 72 86 40 95 67 40 110 73 40 101 101 67 70 44 37 103 82 -1 67 -1 47 37 37 70 44 37 72 44 67 82 67 67 67 44 44 45 62 101 37 37 73 97 82 78 44 73 62 87 44 67 45 80 67 -1 67 86 70 101 40 44 40 40 44 
77 41 32 77 19 41 86 -1 32 77 41 77 82 32 78 41 -1 77 7 18 77 41 19 19 83 41 16 41 32 41 39 77 16 97 78 77 86 86 77 16 86 -1 77 18 41 39 77 77 41 41 19 77 86 78 19 77 18 77 41 67 32 32 86 103 82 67 -1 16 32 86 86 82 44 86 77 49 86 -1 16 32 43 41 77 41 26 77 -1 86 86 98 82 78 44 78 83 39 41 39 7 80 82 77 67 86 86 77 82 44 60 82 41 
61 15 32 91 78 15 52 66 29 29 15 15 102 32 78 -1 -1 78 43 29 78 29 78 29 59 15 16 29 32 -1 39 87 16 97 78 29 78 65 43 16 65 15 44 29 15 59 44 43 52 41 29 108 -1 78 29 15 29 78 41 -1 15 29 15 103 97 -1 16 -1 32 78 97 97 44 65 54 96 52 66 -1 32 43 15 15 41 15 110 52 65 52 97 52 78 44 78 29 39 15 -1 26 80 52 65 59 39 52 29 29 44 97 97 29 
105 48 32 48 32 25 48 77 32 81 48 25 100 32 48 81 32 77 43 25 81 32 25 25 47 -1 32 48 32 25 -1 48 -1 97 47 32 85 73 47 30 106 81 47 25 47 39 47 -1 -1 100 84 108 32 25 30 77 25 105 105 45 32 25 25 103 47 47 32 32 -1 81 60 64 48 48 54 100 48 47 32 32 43 -1 100 60 30 47 39 48 48 98 48 32 47 48 25 39 48 39 32 80 -1 47 64 81 32 -1 105 25 100 79 54 
-1 34 35 104 20 25 81 77 35 -1 88 34 50 35 61 78 78 -1 20 20 -1 35 20 9 83 23 78 20 35 23 54 55 35 97 9 -1 -1 20 34 86 37 83 61 25 61 83 61 85 73 86 17 17 86 23 23 17 20 0 57 78 64 0 23 103 0 37 86 78 81 -1 37 64 73 35 20 83 73 55 20 35 64 9 64 36 20 36 36 37 9 64 93 35 61 9 23 51 64 78 35 80 81 57 64 81 17 23 23 25 51 40 85 
64 60 104 104 84 109 104 86 60 37 60 60 40 104 97 60 60 104 40 40 37 60 37 62 60 62 84 84 104 97 84 87 60 97 97 73 104 -1 101 97 37 83 60 80 65 60 60 85 73 86 84 104 60 97 84 104 90 101 101 60 -1 104 37 103 60 37 86 97 60 37 -1 -1 84 37 84 83 87 101 97 109 60 103 109 60 -1 84 37 37 73 97 84 97 96 64 83 87 60 -1 60 80 108 -1 109 60 -1 101 40 87 60 -1 60 
64 64 104 104 84 82 104 82 64 93 64 82 82 104 93 64 64 104 64 70 70 98 70 106 64 64 84 64 104 64 84 87 64 97 64 69 104 70 64 97 70 83 64 64 82 64 64 64 64 86 84 104 64 82 84 82 82 64 64 102 64 64 70 103 -1 70 82 97 64 64 -1 -1 84 70 64 83 87 82 97 109 64 93 64 64 70 84 70 70 102 64 82 89 82 64 83 87 64 70 89 80 82 70 64 64 70 106 64 82 64 70 64 
74 84 75 48 74 44 48 77 74 48 48 82 82 75 48 44 84 84 74 74 74 48 74 74 44 68 84 48 75 110 84 48 68 97 48 73 83 65 101 45 65 44 44 101 -1 44 44 44 -1 75 84 84 48 82 74 48 90 74 74 45 83 44 84 103 82 44 44 44 48 73 84 84 -1 48 -1 -1 48 74 44 90 83 44 44 75 -1 84 75 48 48 90 84 48 44 48 83 48 75 84 84 83 75 -1 59 101 48 68 74 44 100 82 44 
69 48 35 48 35 48 48 77 35 88 48 55 40 35 48 48 35 55 40 40 37 35 37 35 48 68 78 48 35 35 68 48 35 97 48 -1 37 -1 48 86 37 35 48 48 65 48 48 68 -1 86 40 55 48 40 35 35 93 37 57 102 70 35 37 103 93 37 86 65 48 35 37 70 48 -1 72 72 48 55 37 93 70 48 93 37 62 37 37 37 -1 93 93 35 65 -1 35 48 48 70 35 80 68 65 88 86 35 68 40 87 40 40 65 
57 84 75 72 -1 54 72 77 4 20 72 34 40 32 72 72 32 50 19 4 4 8 19 54 72 54 84 4 32 54 54 72 8 97 27 8 20 20 101 54 19 58 72 19 72 72 72 77 72 75 19 50 32 54 -1 77 19 -1 57 72 110 54 54 103 57 72 77 54 54 20 84 64 -1 72 -1 72 72 57 20 32 110 20 72 75 4 57 36 27 20 64 84 8 72 20 54 54 75 54 77 110 75 57 64 54 36 57 54 72 40 40 54 
61 83 -1 72 74 96 42 100 32 61 96 100 100 28 61 96 32 83 96 61 83 49 83 61 42 100 84 72 2 96 84 72 28 108 61 28 83 86 47 83 108 49 -1 47 42 83 42 42 72 -1 84 96 96 100 74 96 96 74 49 42 83 42 84 103 83 44 49 96 100 83 83 83 -1 72 72 -1 72 47 96 32 83 96 100 -1 72 47 49 96 96 100 42 72 96 61 83 96 -1 108 100 83 -1 72 59 83 28 100 61 44 100 100 44 
61 48 52 48 48 48 48 86 91 48 48 91 87 52 48 67 52 87 91 48 87 48 87 52 48 68 91 48 52 52 68 87 52 97 48 73 86 87 48 86 87 48 48 91 72 107 48 68 -1 86 84 95 -1 91 52 87 95 74 48 67 52 48 87 103 91 67 86 52 48 73 87 87 48 48 72 72 -1 68 91 52 91 48 100 48 72 68 52 -1 48 91 48 -1 96 48 52 87 52 67 52 91 52 72 67 86 48 68 52 87 100 79 52 
57 55 98 55 57 82 90 -1 55 57 47 55 82 98 47 66 66 55 7 18 57 98 57 82 47 68 98 98 98 98 68 55 98 97 47 55 57 57 47 98 82 66 47 18 82 82 47 -1 68 66 55 55 86 82 74 -1 18 -1 57 47 82 47 82 103 82 82 -1 66 47 55 101 82 74 55 57 47 68 -1 57 90 43 68 -1 66 85 47 66 55 47 98 82 98 82 82 55 55 95 82 -1 80 82 57 82 47 55 57 82 82 100 82 82 
57 15 32 91 20 15 48 66 91 20 14 34 53 32 -1 -1 -1 69 91 20 -1 34 20 53 67 15 -1 34 32 67 39 91 16 97 -1 69 20 20 34 16 53 15 44 91 15 39 44 38 14 41 84 108 67 -1 53 34 34 20 41 67 15 14 53 103 38 67 16 -1 32 20 97 97 44 37 20 96 91 57 -1 32 91 15 53 36 26 36 36 34 14 91 82 -1 44 14 53 39 15 -1 26 91 67 38 67 38 36 53 53 44 97 53 44 
61 60 32 68 32 90 90 98 32 93 60 90 90 32 93 60 32 90 90 90 32 32 90 32 90 68 32 32 32 52 68 55 -1 97 61 32 83 109 64 32 109 32 90 52 90 90 90 68 68 86 90 109 32 90 32 35 90 90 41 90 32 32 90 103 60 67 32 32 32 35 109 109 90 93 32 32 52 90 32 -1 60 68 90 60 90 90 52 76 90 90 -1 32 90 90 32 90 52 90 32 80 52 109 109 60 32 68 109 68 109 -1 60 
64 60 60 91 43 43 60 43 60 43 43 60 82 60 43 60 60 104 43 43 70 43 43 43 60 43 60 43 60 43 68 91 60 97 43 60 83 70 43 103 108 83 60 -1 110 60 60 43 43 83 43 108 43 43 110 60 43 64 83 60 -1 43 60 103 60 67 43 43 43 64 60 64 83 70 110 83 91 43 91 60 -1 103 64 60 60 110 103 70 43 64 60 43 96 64 83 96 60 70 60 -1 108 43 64 60 70 43 64 43 60 70 60 
61 15 61 48 20 15 -1 66 23 -1 15 15 82 61 48 -1 67 69 23 23 9 41 20 9 6 68 78 34 61 23 68 48 68 97 9 69 20 20 103 103 23 15 24 68 15 24 42 68 6 41 23 95 6 23 23 95 90 20 41 24 103 9 15 103 93 44 41 15 -1 9 103 93 44 48 20 96 48 68 15 68 103 -1 15 24 15 68 103 95 6 90 6 78 44 9 23 6 15 67 68 103 68 103 88 -1 6 68 23 44 100 79 44 
64 11 100 48 90 -1 90 77 53 34 5 -1 -1 98 10 5 77 50 56 40 77 56 40 53 90 5 78 34 98 53 90 55 64 97 11 55 69 40 64 45 12 15 44 25 -1 44 44 77 10 100 12 108 100 -1 53 11 11 77 77 45 64 34 53 103 -1 44 77 15 100 64 109 64 44 93 72 100 100 -1 53 90 64 15 -1 45 90 77 77 107 10 11 -1 78 44 64 50 55 10 53 53 80 -1 64 12 64 90 53 64 44 100 -1 44 
64 60 75 104 36 41 24 66 41 36 60 60 94 60 48 41 45 69 56 94 36 41 36 94 -1 94 45 41 60 41 45 104 60 97 36 69 -1 36 64 45 108 -1 24 80 45 -1 42 42 24 41 94 108 24 94 94 60 41 36 41 24 -1 42 60 103 60 45 41 41 60 36 60 64 75 37 75 -1 48 66 36 60 60 24 45 -1 60 36 36 107 24 64 24 41 45 64 -1 24 60 45 41 80 75 70 59 60 36 94 64 45 60 70 60 
85 -1 75 72 -1 10 90 98 4 20 1 1 50 98 10 1 26 50 19 4 4 8 19 62 90 62 -1 4 98 62 -1 55 8 97 11 8 85 62 10 30 19 15 72 19 72 39 72 85 72 75 -1 50 90 62 30 11 90 85 85 90 1 62 -1 103 60 62 26 15 30 20 -1 70 -1 62 4 72 72 85 26 90 60 15 90 60 -1 -1 39 27 10 90 -1 8 72 90 50 39 10 70 26 80 68 70 50 39 70 62 62 72 60 70 85 
57 84 75 104 84 47 90 77 84 36 47 84 84 98 47 84 84 69 47 84 36 98 36 84 47 68 84 84 98 110 84 77 68 97 47 69 -1 36 47 84 37 58 47 47 110 83 47 -1 68 86 84 69 86 84 110 77 90 -1 57 47 110 47 84 103 47 101 77 110 47 36 84 84 84 37 57 47 68 47 36 90 110 68 77 36 -1 -1 36 37 36 90 84 47 110 90 83 77 110 84 47 110 68 57 64 47 36 57 105 110 110 84 -1 
69 62 75 104 36 49 52 66 52 36 96 62 40 52 52 49 39 69 66 40 36 49 36 52 45 52 39 87 52 52 39 87 52 97 103 69 -1 -1 103 -1 37 49 75 52 45 39 75 77 52 -1 40 95 -1 40 39 77 95 36 49 45 103 36 37 103 103 37 -1 52 39 36 37 70 75 37 36 49 52 66 36 52 103 103 77 36 39 36 -1 37 52 97 52 76 96 73 83 39 52 39 39 103 52 65 40 -1 36 98 40 45 40 40 52 
57 62 96 31 27 107 95 77 27 34 48 34 40 55 48 96 95 55 95 27 37 27 37 62 95 107 78 -1 55 27 95 -1 76 97 27 55 37 -1 34 95 37 27 107 91 107 107 107 38 27 86 27 95 76 40 27 31 95 37 41 107 70 34 37 103 38 37 86 65 48 37 37 70 48 37 27 96 -1 55 34 76 70 95 107 107 27 37 37 -1 73 91 95 76 96 73 62 -1 95 70 27 80 76 65 40 86 31 57 40 -1 40 40 107 
61 10 61 48 20 10 -1 23 23 -1 -1 10 102 61 10 10 52 69 23 23 9 23 20 9 6 10 78 34 61 23 54 48 52 97 9 73 20 73 10 95 73 15 24 38 15 24 42 38 6 86 102 95 6 23 23 73 90 20 57 102 10 9 10 103 102 73 86 52 48 9 73 102 48 -1 20 96 48 47 14 90 43 6 10 24 10 36 52 73 -1 90 6 23 96 9 23 6 10 53 47 80 52 38 -1 38 6 23 23 25 109 102 29 
64 11 98 91 90 11 90 98 91 34 11 -1 82 98 91 11 91 55 56 56 91 98 56 91 90 11 98 34 98 91 90 55 98 97 11 55 69 97 64 97 97 98 90 91 82 90 90 98 90 97 90 108 90 97 56 11 11 64 64 90 64 34 11 103 -1 97 98 97 98 64 97 64 90 93 64 100 91 98 91 90 64 90 11 64 90 90 97 91 90 -1 -1 -1 82 64 83 55 64 -1 -1 80 98 64 64 64 90 98 64 25 97 82 64 
82 84 75 48 84 82 -1 56 56 93 48 56 82 79 93 81 79 84 56 56 84 56 56 56 -1 82 84 48 79 52 84 48 79 97 56 93 83 84 82 45 56 56 24 56 82 24 42 42 6 56 84 95 6 82 56 56 -1 82 56 24 24 42 84 103 82 82 82 52 48 93 84 82 84 93 84 42 48 82 82 -1 60 6 -1 24 -1 84 52 95 6 -1 -1 89 82 -1 83 6 52 89 89 80 82 84 59 60 6 98 82 45 60 79 60 
89 78 32 -1 8 43 48 43 -1 23 43 89 78 32 78 78 78 104 43 8 78 8 78 8 90 43 78 8 32 43 54 3 8 97 78 8 78 78 43 78 78 21 47 -1 78 78 47 43 3 41 19 95 76 78 23 31 21 78 41 78 32 23 23 103 89 78 78 78 32 35 97 89 48 35 8 72 -1 98 -1 32 43 78 78 41 8 47 76 76 23 -1 89 -1 78 78 23 87 76 78 89 80 76 43 89 43 3 23 23 43 97 78 43 
61 44 96 72 74 44 96 82 96 61 96 82 82 61 96 44 45 96 96 96 65 44 65 61 44 107 78 72 61 96 45 96 96 97 61 96 83 65 96 45 65 44 44 96 -1 44 44 44 72 96 82 96 96 82 110 96 96 74 44 45 96 44 44 103 82 44 44 44 47 61 96 82 44 65 72 96 96 82 44 90 96 44 44 45 72 110 96 96 96 82 82 78 -1 82 83 96 -1 45 45 96 82 65 59 96 96 61 82 44 96 82 44 
64 14 61 48 20 14 90 82 23 -1 14 34 82 61 -1 78 78 69 90 23 9 90 20 9 90 23 78 34 61 23 90 48 64 97 9 73 20 73 64 78 73 78 61 64 82 90 61 64 14 86 90 69 90 23 23 73 90 20 57 90 64 9 23 103 -1 73 78 78 48 9 64 64 48 -1 20 61 48 82 14 90 64 9 64 64 90 90 73 73 9 64 -1 78 82 -1 23 90 14 78 89 80 82 64 64 64 90 23 64 25 64 82 64 
61 62 83 91 23 25 83 23 23 23 25 25 50 61 61 83 32 50 23 23 23 23 23 -1 83 23 84 23 61 23 54 55 23 97 23 23 83 62 34 83 23 83 61 25 83 83 61 61 61 83 -1 50 29 23 23 50 23 105 83 83 83 23 23 103 83 62 83 29 25 23 83 83 83 35 54 83 52 55 53 32 83 23 50 -1 50 83 83 62 23 83 83 23 83 23 -1 51 83 53 53 83 83 83 50 83 50 23 23 25 83 40 29 
69 55 96 48 56 55 -1 56 55 81 96 55 51 55 48 96 39 51 56 56 87 56 56 56 6 107 39 87 55 52 39 55 39 97 55 55 86 87 96 -1 56 56 24 56 45 39 42 77 6 86 51 -1 6 97 39 -1 -1 77 56 24 96 42 87 103 96 87 39 39 39 51 87 87 48 48 54 96 87 55 39 90 96 6 55 24 39 77 39 -1 6 55 6 87 96 90 51 -1 -1 39 39 96 52 72 88 39 6 98 56 87 51 108 96 
64 10 75 48 48 10 52 66 52 81 -1 10 82 52 10 -1 52 95 95 95 78 41 78 52 60 10 78 48 52 52 95 95 52 97 38 95 83 70 10 95 108 15 75 38 15 44 75 38 10 75 84 95 -1 78 110 95 95 58 41 60 -1 14 10 103 60 44 41 15 48 64 60 64 75 48 75 -1 52 95 15 52 60 15 10 60 10 110 52 95 10 64 52 76 -1 14 83 -1 -1 67 52 80 52 38 64 60 52 52 64 44 60 70 60 
89 62 98 91 78 67 67 98 53 53 78 89 53 98 78 67 39 104 53 53 78 67 78 53 45 53 78 78 98 67 39 87 39 -1 78 53 78 70 78 -1 53 67 45 67 45 39 45 98 78 86 84 108 67 -1 39 89 89 78 67 67 70 53 53 103 89 67 39 -1 39 78 -1 70 84 70 54 108 67 82 -1 90 70 67 53 45 70 84 39 70 53 -1 89 78 45 78 53 39 67 -1 39 80 108 70 67 39 70 53 53 45 -1 70 67 
61 60 28 91 21 82 52 -1 21 53 47 89 53 28 61 41 26 77 7 18 77 -1 19 53 45 53 -1 21 -1 21 39 77 -1 97 27 28 85 53 47 -1 53 21 47 18 45 39 47 -1 27 41 84 95 32 -1 39 77 21 77 41 45 32 28 53 103 89 45 7 26 32 35 60 89 84 35 77 100 52 -1 26 32 60 68 53 41 26 47 39 27 47 -1 89 89 45 89 53 39 52 39 -1 80 -1 47 89 39 28 -1 105 45 100 53 29 
80 80 80 91 80 80 80 80 80 80 80 80 82 80 80 80 80 104 80 80 80 80 80 80 80 80 80 80 80 80 80 91 80 97 80 80 83 80 80 103 108 83 80 80 110 80 80 80 80 83 80 108 80 80 110 80 80 80 83 80 80 80 80 103 80 80 80 80 80 80 80 80 83 80 110 83 91 80 91 80 -1 103 80 80 80 110 103 80 80 80 80 80 96 80 83 96 80 80 80 -1 108 80 80 80 80 80 80 80 80 80 80 
82 82 75 68 52 82 52 98 52 81 68 82 82 98 68 67 52 108 98 108 78 98 108 52 52 68 98 68 98 52 68 68 52 108 82 98 83 86 68 98 108 75 75 52 82 82 75 68 68 75 82 108 -1 82 68 82 82 82 75 67 108 75 82 103 82 67 82 52 -1 81 108 82 75 68 75 -1 52 82 67 52 108 68 -1 75 68 68 52 76 52 98 82 76 82 82 83 52 52 108 -1 108 -1 75 82 81 52 68 82 68 -1 82 52 
57 38 75 72 57 38 72 77 57 38 38 38 65 104 38 65 67 104 43 43 57 38 57 105 70 43 84 38 104 43 84 72 70 97 38 69 57 65 -1 97 65 58 47 38 65 65 47 38 72 75 84 104 67 97 74 77 38 -1 57 67 70 38 65 103 38 -1 77 65 47 57 -1 70 -1 65 57 72 72 57 38 109 43 103 64 70 70 57 65 65 38 64 84 43 65 64 83 72 38 70 47 80 75 -1 64 38 70 57 64 65 70 70 65 
64 64 64 88 40 82 88 82 64 88 88 82 -1 64 88 67 67 50 40 40 88 67 40 88 59 64 67 64 64 67 59 55 64 97 64 88 69 40 64 59 12 67 59 64 59 59 59 64 88 67 12 109 67 40 40 50 40 64 64 -1 64 64 40 103 -1 67 67 59 64 64 109 64 59 88 64 59 67 82 67 109 64 88 12 59 50 64 40 40 -1 64 59 89 59 64 50 88 64 67 89 80 82 64 -1 64 88 106 64 59 109 -1 64 
64 60 104 104 38 38 81 86 60 81 38 38 82 104 38 81 39 104 43 43 81 98 81 81 60 43 39 38 104 43 39 104 60 97 38 104 86 86 -1 -1 86 81 47 38 45 39 47 38 38 86 104 95 86 97 39 95 95 101 81 45 -1 38 60 -1 38 86 86 39 81 81 60 64 101 86 54 83 86 47 38 60 60 -1 64 60 39 47 -1 86 38 64 60 43 96 64 83 39 60 39 39 80 81 38 64 -1 -1 81 64 45 60 70 60 
61 70 28 -1 36 48 -1 98 32 36 48 55 50 28 48 81 32 -1 50 50 36 98 36 61 6 61 84 48 -1 52 84 3 28 97 61 28 -1 70 103 103 70 83 24 91 42 24 42 85 3 86 17 17 6 97 50 17 90 36 57 24 70 28 70 103 70 70 86 52 32 17 -1 70 48 35 36 28 48 55 36 32 70 6 90 36 70 36 36 31 6 90 6 3 96 90 50 6 52 70 28 80 52 70 88 -1 -1 98 61 45 51 70 70 
57 62 98 68 23 25 68 98 23 23 68 98 106 98 61 81 68 50 23 23 57 98 23 -1 61 23 98 68 98 23 68 68 68 97 23 23 57 57 68 98 106 58 61 25 61 98 61 68 68 58 23 98 29 23 23 77 23 -1 57 67 68 23 23 103 106 101 77 29 -1 23 101 106 68 68 57 100 68 57 53 68 43 68 53 94 62 57 98 57 23 98 98 23 61 23 23 98 52 53 -1 80 68 57 106 81 98 -1 -1 25 100 106 29 
64 62 61 91 23 25 52 105 23 23 64 82 40 61 61 25 32 50 23 23 23 23 23 -1 64 23 105 23 61 23 54 87 23 97 23 23 23 40 64 105 -1 23 61 25 82 64 61 64 105 86 23 108 29 23 23 35 23 105 105 102 64 23 23 103 -1 40 82 29 105 23 40 64 74 40 54 61 52 82 53 109 64 23 64 64 62 105 40 40 23 64 82 23 82 64 23 56 64 53 105 80 82 64 64 64 61 -1 -1 25 40 40 29 
61 44 75 87 87 25 45 43 25 25 25 25 82 61 25 44 45 87 43 25 87 87 25 25 45 -1 45 87 61 25 45 87 68 97 87 25 83 87 43 45 87 44 44 25 -1 -1 44 44 68 44 25 95 87 25 25 87 95 74 44 45 45 25 25 103 82 44 44 44 25 25 87 82 44 87 72 44 87 82 44 68 43 44 44 45 72 110 45 -1 25 25 45 43 44 25 25 87 44 45 45 80 68 65 59 45 45 25 25 -1 60 82 44 
64 60 100 97 40 100 60 100 60 40 60 60 40 60 97 60 60 51 40 40 40 100 40 40 60 100 97 40 60 97 97 55 60 97 97 55 83 40 64 97 -1 83 60 80 100 60 60 100 100 100 40 -1 100 40 40 51 40 40 83 60 -1 40 40 103 60 40 60 97 100 51 60 64 100 40 40 100 100 100 97 109 60 100 100 60 60 110 40 40 109 97 60 97 96 64 83 51 60 -1 100 80 -1 70 109 60 51 100 40 60 -1 -1 60 
82 70 79 104 40 82 90 82 79 102 82 82 40 79 78 82 79 104 40 40 40 56 40 40 70 82 84 40 79 40 84 82 79 97 82 73 104 40 82 97 -1 82 82 40 82 82 82 82 73 86 40 108 79 40 40 82 40 82 82 102 70 40 40 103 82 40 82 97 79 40 -1 70 82 40 40 100 79 82 53 -1 70 79 -1 70 70 84 40 40 102 82 79 78 82 82 40 108 70 70 53 80 82 70 -1 70 70 106 40 82 -1 -1 70 
64 60 60 72 54 44 52 43 29 29 60 60 82 60 60 44 60 54 43 54 85 29 54 29 60 29 85 29 60 -1 54 107 60 97 29 29 85 65 43 45 54 29 44 29 -1 44 44 85 72 41 54 108 29 29 -1 60 29 85 85 45 -1 29 29 103 60 44 41 29 54 85 60 64 44 65 54 44 52 82 44 60 60 44 44 60 85 -1 52 107 29 64 60 43 44 64 29 96 60 67 29 80 52 65 64 60 70 29 29 44 60 70 -1 
