112
15 61
-1 8 8 45 77 8 8 106 -1 40 40 35 40 89 57 57 77 38 40 31 45 107 40 31 89 76 57 40 8 89 8 -1 57 103 58 -1 57 57 31 30 -1 8 41 31 40 -1 103 35 30 41 8 40 38 57 57 40 57 -1 57 89 31 96 40 45 35 55 45 8 30 89 66 58 8 107 30 31 31 40 72 57 8 35 8 48 31 47 84 44 30 -1 30 55 63 40 8 8 40 8 31 40 30 47 40 35 28 52 35 40 58 57 45 57 
8 -1 82 41 82 8 8 68 -1 18 94 94 40 82 49 49 103 41 8 103 94 94 94 103 82 82 103 97 8 74 8 8 103 103 41 103 97 41 41 30 8 -1 41 103 49 8 103 103 103 41 8 103 41 103 41 41 97 8 94 41 100 103 82 94 94 41 97 8 30 82 103 94 8 107 30 94 82 82 72 94 94 103 -1 82 103 41 94 41 30 8 30 94 49 94 -1 8 103 8 103 41 94 103 49 -1 41 52 94 94 94 41 94 94 
8 82 -1 65 -1 6 -1 62 6 55 28 94 62 69 56 43 77 38 6 43 55 43 53 43 -1 -1 43 69 6 74 48 43 54 43 43 81 53 38 4 54 55 65 65 -1 73 43 43 48 43 65 6 53 38 -1 53 43 53 53 43 43 73 96 24 99 55 -1 62 8 48 24 65 58 4 65 65 69 25 4 72 54 4 53 24 24 38 65 84 73 53 43 53 55 52 53 25 6 53 53 43 65 80 54 43 43 109 52 58 54 73 6 43 54 
45 41 65 -1 65 72 109 72 41 55 55 64 45 74 109 49 109 41 55 55 -1 63 20 55 65 65 102 55 104 74 65 45 109 55 41 81 22 41 41 55 55 -1 41 55 22 20 109 85 65 41 55 22 41 65 109 -1 109 109 94 41 73 96 65 20 55 -1 109 41 65 74 65 104 20 65 65 91 64 85 72 94 55 65 41 65 41 -1 91 41 36 45 99 55 49 22 20 64 55 94 102 41 94 70 20 41 41 52 64 85 73 -1 20 109 
77 82 -1 65 -1 72 2 72 72 52 77 77 77 88 56 80 77 38 72 38 72 77 38 38 2 2 80 72 72 74 88 38 52 80 38 81 38 38 -1 51 77 38 41 2 38 72 38 85 43 41 72 38 38 2 38 43 38 38 84 38 100 96 24 72 55 2 72 72 72 24 72 88 -1 65 52 84 25 -1 72 54 -1 72 77 24 38 72 84 38 80 38 38 80 52 38 25 72 51 38 38 65 80 72 72 77 109 52 72 77 72 77 72 52 
8 8 6 72 72 -1 -1 72 -1 18 28 28 40 95 95 49 109 72 -1 95 72 39 40 84 6 6 80 50 -1 74 8 8 104 80 58 8 97 41 72 18 18 8 41 6 40 8 95 85 30 41 -1 72 18 6 109 18 109 8 18 58 95 96 95 72 95 6 72 8 30 95 72 58 -1 85 30 28 95 40 72 95 6 72 8 84 18 72 84 85 30 8 30 80 52 40 8 -1 18 8 31 50 30 72 50 8 28 52 50 40 58 6 72 95 
8 8 -1 109 2 -1 -1 72 5 18 28 28 40 88 109 80 109 38 5 95 72 109 40 43 2 2 80 50 5 109 8 8 109 80 43 8 53 80 4 109 18 109 109 2 109 109 109 48 43 92 5 53 80 2 109 43 109 109 18 43 100 96 24 109 95 2 109 8 30 24 65 88 5 109 109 91 25 109 72 109 -1 53 24 24 18 72 91 109 80 8 30 80 80 40 25 5 18 8 103 65 80 109 50 80 109 80 100 109 109 -1 43 95 
106 68 62 72 72 72 72 -1 68 68 62 95 62 95 95 95 72 72 72 95 72 68 72 95 62 62 102 72 72 74 68 98 108 62 106 106 72 72 72 68 62 72 72 62 108 62 95 62 62 102 72 72 72 81 68 72 81 106 106 95 95 96 -1 72 95 62 62 68 -1 95 72 66 -1 108 68 95 95 72 72 95 72 72 62 62 95 72 95 108 68 95 68 72 72 72 72 -1 95 66 68 72 106 72 72 62 71 95 -1 66 -1 66 72 95 
-1 -1 6 41 72 -1 5 68 -1 18 28 35 40 88 88 49 103 97 5 95 45 39 40 31 82 82 54 97 5 74 -1 0 54 103 39 0 97 41 97 30 0 1 41 48 40 0 103 35 30 41 5 39 74 97 39 40 97 0 18 89 100 96 48 39 95 48 97 -1 30 74 48 88 5 65 30 31 97 40 72 94 6 35 1 48 18 72 90 41 30 0 30 74 101 40 1 5 18 -1 31 41 30 97 97 1 28 74 35 40 58 6 90 95 
40 18 55 55 52 18 18 68 18 -1 40 64 40 74 54 54 52 52 -1 52 55 39 55 52 55 55 54 40 18 74 39 40 52 55 39 40 51 52 52 -1 18 52 52 55 55 55 52 48 39 92 18 39 -1 54 39 -1 51 54 18 39 105 96 40 39 55 55 64 18 39 74 51 58 18 52 52 84 39 40 72 39 52 65 77 84 18 55 84 52 39 40 39 55 52 55 55 18 -1 18 68 65 39 54 55 51 52 52 58 39 58 52 55 52 
40 94 28 55 77 28 28 62 28 40 -1 -1 40 75 75 49 77 84 40 75 40 107 40 75 75 94 102 40 -1 75 28 75 104 55 55 11 40 77 84 40 -1 104 104 55 40 40 44 35 47 44 28 40 40 40 107 40 40 40 40 89 104 96 40 40 11 55 64 28 98 75 51 104 28 107 75 -1 64 40 72 75 91 35 77 84 75 77 84 44 40 40 75 75 104 40 11 28 64 40 75 40 94 104 40 35 28 104 35 40 58 77 40 79 
35 94 94 64 77 28 28 95 35 64 -1 -1 40 75 75 94 94 76 40 95 94 76 40 76 66 94 94 40 10 89 95 35 107 103 94 -1 97 77 76 64 10 94 94 64 40 35 94 35 47 94 28 96 64 76 94 64 76 35 94 89 100 96 66 94 -1 64 64 35 95 75 66 66 81 107 94 10 64 40 81 94 94 35 94 48 75 47 94 107 71 35 75 94 94 40 -1 64 64 94 103 40 94 47 94 35 28 100 35 94 94 66 94 94 
40 40 62 45 77 40 40 62 40 40 40 40 -1 69 56 49 77 40 40 95 45 107 40 45 62 62 102 40 40 89 62 45 107 55 55 40 40 77 40 40 -1 45 45 55 40 -1 44 62 62 44 40 40 40 40 107 40 40 40 40 89 95 96 -1 45 55 55 45 40 62 40 62 66 40 107 62 40 45 40 72 69 55 40 62 62 40 77 84 44 40 40 40 55 63 40 45 62 40 40 45 40 62 62 40 62 40 52 40 40 62 66 45 95 
89 82 69 74 88 95 88 95 88 74 75 75 69 -1 -1 14 74 88 69 95 72 79 88 89 69 69 15 69 75 74 88 75 107 88 79 89 88 74 88 88 69 49 49 88 49 75 79 88 88 15 69 88 74 56 79 69 14 88 88 89 95 96 69 79 95 74 88 88 88 -1 72 88 69 107 69 69 56 69 72 69 88 56 69 69 75 107 90 107 -1 69 69 74 49 88 79 69 88 69 75 69 88 88 69 79 88 74 69 69 88 56 90 79 
57 49 56 109 56 95 109 95 88 54 75 75 56 -1 -1 -1 109 56 56 95 56 76 56 56 69 56 15 69 109 74 88 75 109 26 110 81 56 49 56 54 56 49 49 33 49 109 49 81 88 15 69 56 56 56 26 56 -1 56 57 89 109 96 69 92 76 56 109 88 88 13 56 88 69 109 69 69 56 109 72 69 88 56 69 69 56 107 90 49 13 69 56 74 49 56 79 69 56 56 102 49 88 54 26 33 109 56 69 69 109 56 26 79 
57 49 43 49 80 49 80 95 49 54 49 94 49 14 -1 -1 92 87 49 49 102 54 49 43 69 43 -1 102 104 74 54 102 54 26 110 103 56 49 49 54 49 49 49 33 49 102 49 101 43 -1 102 49 92 33 26 43 14 54 57 110 73 96 48 92 55 49 107 49 102 14 101 88 102 49 69 69 53 49 102 54 33 53 49 48 103 49 110 49 14 69 110 80 49 49 49 69 51 56 102 49 80 54 26 33 49 87 102 54 73 54 26 54 
77 103 77 109 77 109 109 72 103 52 77 94 77 74 109 92 -1 52 52 103 63 -1 63 52 82 76 103 77 109 74 39 91 52 103 21 103 52 52 52 21 77 52 52 34 103 63 103 85 103 92 77 103 -1 76 109 91 109 109 34 34 105 96 103 -1 76 74 109 103 103 74 103 103 63 109 52 91 21 -1 72 21 52 103 77 103 103 77 91 52 80 52 91 -1 52 63 91 103 52 76 103 63 80 103 63 -1 109 52 103 21 109 -1 34 52 
38 41 38 41 38 72 38 72 97 52 84 76 40 88 56 87 52 -1 84 38 38 38 38 38 38 38 54 72 72 74 74 38 52 43 38 103 38 38 -1 51 38 38 41 38 87 38 87 87 43 87 72 38 38 38 38 38 38 38 84 38 87 96 95 52 76 87 97 97 72 74 51 84 38 87 52 84 38 38 72 54 38 53 77 84 38 87 84 -1 38 38 38 52 52 38 84 84 51 38 38 41 80 54 87 84 41 87 84 87 87 87 38 52 
40 8 6 55 72 -1 5 72 5 -1 40 40 40 69 56 49 52 84 -1 84 40 39 40 84 84 94 54 40 5 74 8 40 52 103 58 40 40 52 84 9 -1 8 41 55 40 40 103 40 84 44 5 84 9 6 39 9 40 58 -1 58 84 96 40 39 55 55 71 8 30 40 72 58 5 107 52 84 84 40 72 94 6 72 77 84 -1 72 84 44 71 40 86 55 52 40 58 5 9 8 103 40 94 71 40 84 28 52 58 40 58 6 58 86 
31 103 43 55 38 95 95 95 95 52 75 95 95 95 95 49 103 38 84 -1 45 76 46 -1 95 76 43 95 95 89 95 23 46 43 43 103 38 38 23 95 31 104 104 23 46 31 -1 48 43 46 95 84 38 76 46 43 38 31 84 89 -1 96 95 76 95 73 95 95 95 95 48 104 95 60 95 31 23 38 95 46 43 73 76 84 23 73 84 46 95 23 95 55 49 46 79 -1 95 76 31 73 60 103 49 46 60 60 95 46 73 46 43 95 
45 94 55 -1 72 72 72 72 45 55 40 94 45 72 56 102 63 38 40 45 -1 63 -1 45 55 94 102 72 72 74 100 45 107 55 110 45 22 41 36 51 22 3 41 55 22 -1 44 85 55 102 72 22 55 36 94 -1 36 36 94 110 100 96 45 -1 55 3 45 45 72 72 72 66 -1 44 65 45 63 40 72 94 55 72 94 55 51 3 91 44 36 45 110 55 63 22 -1 64 51 94 102 63 94 72 -1 51 41 55 64 94 72 3 -1 94 
107 94 43 63 77 39 109 68 39 39 107 76 107 79 76 54 -1 38 39 76 63 -1 51 76 79 76 54 79 107 74 39 76 107 43 -1 103 51 34 37 -1 107 37 41 34 79 63 79 107 39 92 79 39 16 76 39 39 76 54 34 34 107 96 107 -1 76 99 107 39 39 79 51 58 63 107 39 79 -1 16 72 -1 43 76 76 48 51 107 91 37 39 59 39 16 63 51 79 39 39 76 103 63 39 54 63 16 107 52 58 -1 58 16 34 79 
40 94 53 20 38 40 40 72 40 55 40 40 40 88 56 49 63 38 40 46 -1 51 -1 38 53 94 102 40 40 74 51 40 46 53 51 40 -1 51 36 51 -1 20 41 55 -1 20 44 40 55 44 40 -1 38 36 51 -1 36 36 40 51 73 96 40 20 55 55 45 40 51 40 51 88 20 44 65 40 53 40 72 46 55 53 77 84 51 20 84 44 36 40 36 55 49 -1 20 64 51 36 102 40 94 70 20 51 40 87 40 40 73 20 20 46 
31 103 43 55 38 84 43 95 31 52 75 76 45 89 56 43 52 38 84 -1 45 76 38 -1 43 76 43 89 75 89 48 -1 46 43 43 31 38 38 -1 76 31 38 41 -1 46 31 19 48 43 41 84 84 38 76 38 43 38 31 84 89 19 96 48 76 76 43 45 31 98 89 48 84 38 60 52 31 -1 38 72 46 43 76 76 84 -1 48 84 38 38 -1 38 55 52 38 76 19 76 76 31 41 60 97 98 84 60 52 76 76 84 43 43 86 
89 82 -1 65 2 6 2 62 82 55 75 66 62 69 69 69 82 38 84 95 55 79 53 43 -1 2 43 69 6 74 62 75 107 43 43 62 53 82 4 54 62 82 82 2 73 62 79 62 62 82 69 84 74 2 53 43 53 53 84 89 73 96 -1 79 66 2 62 82 62 -1 62 66 4 65 69 69 25 82 72 69 4 53 -1 -1 83 82 84 73 69 69 69 74 74 53 25 62 66 66 68 65 62 54 69 62 71 74 62 69 62 6 90 79 
76 82 -1 65 2 6 2 62 82 55 94 94 62 69 56 43 76 38 94 76 94 76 94 76 2 -1 43 97 6 74 100 76 107 43 43 94 53 82 4 76 82 82 82 2 73 94 94 48 43 82 6 53 38 2 53 43 53 94 94 43 100 96 24 76 76 2 76 82 100 24 65 94 4 65 65 94 -1 82 72 94 4 53 -1 24 76 82 94 73 53 76 53 94 76 94 -1 76 76 76 76 65 94 97 94 82 82 100 76 94 94 6 94 94 
57 103 43 102 80 80 80 102 54 54 102 94 102 15 15 -1 103 54 54 43 102 54 102 43 43 43 -1 102 104 109 54 102 54 -1 110 103 53 54 54 54 102 49 49 33 49 102 54 101 43 15 102 54 54 33 -1 43 15 54 57 110 73 96 48 102 55 43 107 54 102 79 101 101 102 54 109 79 53 54 102 54 33 53 77 48 103 107 110 54 80 43 110 80 49 102 79 54 54 101 102 102 80 54 -1 33 54 54 102 54 58 54 -1 54 
40 97 69 55 72 50 50 72 97 40 40 40 40 69 69 102 77 72 40 95 72 79 40 89 69 97 102 -1 40 74 74 40 107 102 106 106 97 77 72 40 -1 99 99 55 40 40 79 85 72 102 -1 40 74 81 79 40 97 40 106 89 106 106 40 99 106 99 97 97 72 -1 72 97 -1 85 69 69 97 40 72 69 72 72 69 69 40 72 90 44 69 69 69 55 99 40 97 69 106 -1 102 -1 106 97 -1 101 99 74 -1 40 72 74 72 79 
8 8 6 104 72 -1 5 72 5 18 -1 10 40 75 109 104 109 72 5 95 72 107 40 75 6 6 104 40 -1 109 8 75 104 80 58 11 40 104 72 18 10 104 104 6 40 8 104 104 30 104 5 40 104 6 104 40 109 8 18 58 104 96 95 72 11 6 104 8 30 75 72 104 5 104 109 10 64 40 72 75 6 72 8 84 18 72 84 104 104 8 30 75 104 40 11 5 18 8 75 104 104 104 40 104 -1 104 35 40 58 104 72 95 
89 74 74 74 74 74 109 74 74 74 75 89 89 74 74 74 74 74 74 89 74 74 74 89 74 74 109 74 109 -1 74 89 74 80 89 89 74 74 74 74 89 74 74 89 74 89 74 74 74 92 74 74 74 74 109 74 109 89 89 89 74 96 74 74 74 74 109 74 74 74 74 88 74 74 -1 74 89 109 74 74 74 74 74 74 89 74 91 74 74 -1 74 74 74 74 91 74 74 74 74 74 74 74 74 74 109 74 74 74 74 74 89 74 
8 8 48 65 88 8 8 68 -1 39 28 95 62 88 88 54 39 74 8 95 100 39 51 48 62 100 54 74 8 74 -1 8 54 48 39 8 88 51 74 -1 8 8 41 48 51 8 95 48 -1 41 8 39 74 54 39 39 88 8 88 39 100 96 48 39 95 48 62 8 -1 74 48 88 8 65 -1 74 39 109 72 39 88 65 8 48 95 48 90 51 -1 8 -1 74 74 51 100 -1 39 8 68 90 -1 48 98 48 88 74 100 39 68 74 90 95 
-1 8 43 45 38 8 8 98 0 40 75 35 45 75 75 102 91 38 40 23 45 76 40 -1 75 76 102 40 75 89 8 -1 46 43 43 0 38 38 23 30 0 8 41 23 40 -1 23 35 43 102 8 84 38 76 57 40 38 0 57 89 23 96 45 45 66 43 45 8 98 75 66 66 45 60 75 -1 23 40 72 75 43 35 8 84 23 45 84 38 30 0 75 75 52 40 45 23 66 8 -1 40 30 103 98 98 60 52 35 40 58 66 45 79 
57 103 54 109 52 104 109 108 54 52 104 107 107 107 109 54 52 52 52 46 107 107 46 46 107 107 54 107 104 74 54 46 -1 54 52 103 52 52 52 54 107 104 104 80 46 107 -1 85 73 46 104 52 -1 54 -1 52 109 54 57 52 73 96 107 52 107 73 107 54 54 107 73 104 85 -1 52 107 54 109 85 46 52 54 109 73 52 73 111 73 80 107 107 52 52 46 107 111 52 101 103 73 73 54 54 46 -1 52 58 -1 73 -1 54 -1 
103 103 43 55 80 80 80 62 103 55 55 103 55 88 26 26 103 43 103 43 55 43 53 43 43 43 -1 102 80 80 48 43 54 -1 43 103 53 43 43 54 55 103 103 -1 103 43 103 48 43 26 80 103 80 -1 26 43 53 53 43 43 100 103 48 103 55 43 62 103 103 43 48 88 80 54 80 91 53 80 80 54 -1 53 103 48 103 48 91 43 80 43 53 80 80 53 91 103 103 53 103 65 80 103 26 -1 103 80 100 54 58 54 26 103 
58 41 43 41 38 58 43 106 39 39 55 94 55 79 110 110 21 38 58 43 110 -1 51 43 43 43 110 106 58 89 39 43 52 43 -1 106 38 -1 37 21 55 37 41 -1 87 110 79 48 43 41 58 37 37 43 37 43 38 58 -1 -1 43 96 48 21 55 43 71 39 39 79 48 58 110 87 52 84 21 37 110 21 43 53 77 48 58 77 84 37 71 59 110 21 52 51 58 84 51 76 43 41 80 54 110 21 41 52 58 21 58 21 -1 79 
-1 103 81 81 81 8 8 106 0 40 11 -1 40 89 81 103 103 103 40 103 45 103 40 31 62 94 103 106 11 89 8 0 103 103 106 -1 57 103 103 103 0 103 103 48 103 0 103 -1 47 101 106 103 103 81 57 40 81 0 106 89 106 96 48 103 11 81 45 8 103 89 48 101 81 81 81 11 64 40 81 94 103 -1 103 48 103 47 103 81 30 0 30 94 101 40 11 64 64 8 103 81 106 47 103 -1 101 103 -1 40 106 103 45 101 
57 97 53 22 38 97 53 72 97 51 40 97 40 88 56 56 52 38 40 38 22 51 -1 38 53 53 53 97 40 74 88 38 52 53 38 57 -1 38 -1 51 22 38 41 38 22 22 44 101 70 44 97 -1 38 -1 53 22 -1 -1 57 38 38 96 97 22 55 53 97 97 88 90 51 88 22 44 52 84 53 38 72 54 88 53 53 84 38 22 90 38 -1 38 -1 55 52 22 97 84 51 -1 103 90 88 97 22 51 88 52 58 40 58 56 90 90 
57 41 38 41 38 41 80 72 41 52 77 77 77 74 49 49 52 38 52 38 41 34 51 38 82 82 54 77 104 74 51 38 52 43 -1 103 38 -1 -1 51 77 -1 41 34 87 38 52 85 43 41 77 -1 -1 54 -1 41 38 54 34 34 87 96 48 34 96 41 70 41 51 74 51 58 38 87 52 84 34 -1 72 54 52 54 77 84 38 77 84 -1 38 38 38 52 52 51 41 84 51 38 103 41 80 54 49 51 41 52 58 54 58 54 34 52 
31 41 4 41 -1 72 4 72 97 52 84 76 40 88 56 49 52 -1 84 23 36 37 36 -1 4 4 54 72 72 74 74 23 52 43 37 103 -1 -1 -1 51 36 37 41 23 36 31 23 48 43 41 72 36 -1 36 37 36 36 36 84 37 23 96 95 52 76 4 97 97 72 74 51 84 4 52 52 84 23 4 72 54 4 53 77 84 -1 72 84 17 36 23 36 52 52 36 84 84 51 36 31 41 80 54 36 84 41 52 84 52 84 52 37 52 
30 30 54 55 51 18 109 68 30 -1 40 64 40 88 54 54 21 51 9 95 51 -1 51 76 54 76 54 40 18 74 -1 30 54 54 21 103 51 51 51 -1 18 51 51 34 51 30 54 48 30 51 18 -1 9 54 -1 9 51 54 18 34 100 96 48 21 55 48 70 30 30 74 51 88 70 54 30 84 21 21 72 21 52 54 30 48 51 107 84 51 30 30 30 21 52 51 79 30 9 30 68 63 30 54 54 51 54 52 100 21 58 54 34 54 
-1 8 55 55 77 18 18 62 0 18 -1 10 -1 69 56 49 77 38 -1 31 22 107 -1 31 62 82 102 -1 10 89 8 0 107 55 55 0 22 77 36 18 -1 55 55 55 22 0 44 35 55 44 27 22 18 36 107 -1 36 0 18 89 107 96 12 22 55 55 107 8 30 27 51 58 27 107 65 10 64 -1 72 69 55 35 77 84 18 77 84 44 36 0 36 55 49 22 107 18 18 27 31 27 106 97 27 35 28 52 27 -1 58 77 22 107 
8 -1 65 -1 38 8 109 72 1 52 104 94 45 49 49 49 52 38 8 104 3 37 20 38 82 82 49 99 104 74 8 8 104 103 37 103 38 -1 37 51 55 -1 -1 37 49 20 49 85 65 -1 99 37 37 54 37 3 109 54 37 37 104 96 65 99 55 3 104 8 30 99 51 104 20 49 52 84 37 37 72 54 52 65 1 65 38 3 99 37 104 8 99 55 49 22 1 8 51 8 102 -1 94 104 49 1 -1 52 99 54 58 3 20 104 
41 41 65 41 41 41 109 72 41 52 104 94 45 49 49 49 52 41 41 104 41 41 41 41 82 82 49 99 104 74 41 41 104 103 41 103 41 41 41 51 55 -1 -1 41 49 41 49 85 65 41 99 41 41 54 41 41 109 54 41 41 104 96 65 99 55 41 104 41 41 99 51 104 41 49 52 84 41 41 72 54 52 65 41 65 41 41 99 41 104 41 99 55 49 41 41 41 51 41 102 41 94 104 49 41 41 52 99 54 58 41 41 104 
31 103 -1 55 2 6 2 62 48 55 55 64 55 88 33 33 34 38 55 23 55 34 55 -1 2 2 33 55 6 89 48 23 80 -1 -1 48 38 34 23 34 55 37 41 -1 55 31 23 48 -1 33 6 37 80 2 33 -1 53 58 34 34 23 96 48 34 55 2 62 48 48 24 48 58 4 65 48 31 23 4 72 34 -1 53 24 48 23 48 84 37 80 23 48 55 80 55 25 23 55 76 31 65 80 48 33 33 41 80 58 34 58 6 34 79 
40 49 73 22 38 40 109 108 40 55 40 40 40 49 49 49 103 87 40 46 22 79 -1 46 73 73 49 40 40 74 51 40 46 103 87 103 22 87 36 51 22 49 49 55 -1 22 -1 85 73 -1 40 22 46 36 46 22 36 36 108 87 73 96 40 22 55 73 107 40 102 79 51 88 22 -1 73 40 46 40 72 46 52 73 49 73 51 73 84 -1 36 40 36 55 49 22 22 46 51 36 102 49 73 92 49 46 46 87 40 73 73 73 22 46 
-1 8 43 20 72 8 109 62 0 55 40 35 -1 75 109 102 63 38 40 31 -1 63 20 31 62 94 102 40 8 89 8 -1 107 43 110 0 22 38 31 30 0 20 41 31 22 -1 31 35 62 102 8 22 38 36 57 20 109 0 57 89 31 96 12 20 66 20 -1 8 98 75 66 66 20 107 109 31 31 40 72 94 43 35 8 62 31 20 84 44 71 0 110 55 63 22 20 62 66 66 31 63 94 70 20 35 71 52 35 66 58 66 20 94 
103 103 43 109 38 95 109 95 103 52 44 94 44 79 49 49 103 87 103 -1 44 79 44 19 79 94 54 79 104 74 95 23 -1 103 79 103 44 52 23 54 44 49 49 23 -1 31 -1 103 103 44 79 103 32 54 32 44 109 54 94 79 19 103 95 79 95 73 107 103 103 79 103 103 44 32 52 79 23 103 72 -1 52 103 103 103 103 73 103 44 44 23 79 94 49 44 79 19 103 94 103 49 60 103 49 -1 32 52 103 32 73 32 44 32 
35 103 48 85 85 85 48 62 35 48 35 35 62 88 81 101 85 87 40 48 85 107 40 48 62 48 101 85 104 74 48 35 85 48 48 -1 101 85 48 48 35 85 85 48 85 35 103 -1 -1 101 85 70 101 81 101 48 81 35 101 48 85 96 48 101 35 48 62 35 48 107 48 101 85 85 48 35 101 85 85 101 48 35 85 48 83 -1 111 85 48 35 48 55 101 40 35 48 64 101 103 65 48 -1 85 35 101 85 35 85 85 85 48 101 
30 103 43 65 43 30 43 62 30 39 47 47 62 88 88 43 103 43 84 43 55 39 55 43 62 43 43 72 30 74 -1 43 73 43 43 47 70 43 43 30 55 65 65 -1 73 62 103 -1 -1 65 30 70 74 43 39 43 53 30 43 43 73 96 -1 99 55 -1 62 30 30 62 -1 66 70 65 30 84 43 85 72 103 43 65 62 -1 83 47 84 73 30 43 30 55 101 55 100 30 70 30 103 65 30 47 103 -1 101 73 47 66 62 65 43 95 
41 41 65 41 41 41 92 102 41 92 44 94 44 15 15 -1 92 87 44 46 102 92 44 41 82 82 15 102 104 92 41 102 46 26 41 101 44 41 41 51 44 -1 41 33 -1 102 44 101 65 -1 102 41 92 33 26 41 15 44 41 41 73 96 44 92 55 41 101 41 102 102 101 101 102 44 92 102 92 41 102 46 92 65 41 65 41 41 99 44 15 102 99 55 -1 44 41 46 51 101 102 41 73 92 -1 41 41 87 102 73 73 41 26 101 
8 8 6 55 72 -1 5 72 5 18 28 28 40 69 69 102 77 72 5 95 72 79 40 84 69 6 102 -1 5 74 8 8 104 80 58 106 97 77 72 18 27 99 99 6 40 8 79 85 30 102 -1 40 18 6 79 40 97 8 18 89 95 96 95 99 95 99 97 8 30 27 72 58 5 85 69 69 97 40 72 69 6 72 8 69 18 72 84 44 30 69 69 55 99 40 97 5 18 27 102 27 106 97 27 8 28 52 27 40 58 6 72 95 
40 103 53 22 38 72 53 72 39 39 40 96 40 88 56 49 103 38 84 84 22 39 -1 84 84 53 54 40 40 74 39 84 52 103 37 103 -1 -1 36 -1 22 37 41 37 22 22 103 70 70 41 40 -1 37 36 37 22 36 36 84 37 73 96 70 22 96 70 70 39 39 84 -1 70 70 44 39 84 39 37 72 39 52 53 77 84 -1 72 84 37 36 84 36 55 52 22 22 84 -1 36 103 41 39 70 22 -1 41 52 84 39 84 54 22 86 
38 41 38 41 38 18 80 72 74 -1 40 64 40 74 56 92 -1 38 9 38 55 16 38 38 74 38 54 74 104 74 74 38 -1 80 37 103 38 -1 -1 9 18 37 41 80 46 38 32 101 74 92 18 37 -1 38 32 9 38 38 18 37 105 96 74 16 55 74 107 74 74 74 51 88 38 32 -1 74 21 16 72 21 -1 74 77 84 38 73 84 37 80 38 38 16 -1 38 91 74 9 38 103 41 80 92 92 16 32 -1 100 32 73 16 37 32 
57 103 -1 65 2 6 2 81 97 54 40 76 40 56 56 33 76 38 6 76 36 76 36 76 2 2 33 81 6 74 54 76 54 -1 43 81 -1 54 36 54 36 54 54 2 36 36 54 81 43 33 6 36 38 -1 -1 36 -1 36 57 43 73 96 24 76 76 2 76 97 54 24 51 88 81 54 65 69 -1 4 81 54 33 -1 24 24 38 81 90 54 36 76 36 80 101 36 25 76 51 36 103 65 80 54 33 33 54 52 76 54 58 54 33 54 
57 41 53 109 38 109 109 68 39 39 107 94 107 79 26 26 109 38 39 46 94 39 51 38 53 53 -1 79 104 109 39 57 -1 26 37 57 53 -1 37 -1 107 37 41 33 46 57 32 101 39 26 79 37 32 -1 -1 39 53 -1 57 37 73 96 107 39 76 53 107 39 39 79 101 101 81 32 109 79 53 37 81 -1 33 53 77 48 38 107 111 37 39 57 39 94 101 51 79 39 39 101 102 41 39 -1 26 101 32 52 58 -1 58 -1 26 32 
40 41 43 -1 43 18 43 72 40 -1 40 64 40 69 56 43 91 38 9 43 -1 39 -1 43 43 43 43 40 40 74 39 40 52 43 43 40 22 41 36 9 -1 3 41 -1 22 20 44 48 43 41 40 22 9 36 39 -1 36 36 18 43 73 96 40 20 -1 -1 64 40 39 40 65 66 20 65 65 91 64 40 72 94 43 65 77 48 18 3 91 44 36 40 36 -1 52 22 20 64 9 36 102 65 80 70 20 43 41 52 64 40 73 3 20 91 
57 97 53 109 38 109 109 81 97 51 40 76 40 14 -1 14 109 38 40 38 36 76 36 38 53 53 15 97 109 109 88 38 109 53 38 81 -1 38 36 51 36 109 109 53 36 109 109 81 53 15 97 36 38 -1 53 36 -1 36 57 38 109 96 109 109 76 53 109 97 88 14 51 88 81 109 109 69 53 109 81 54 53 53 109 53 38 109 90 109 36 38 36 109 49 36 97 69 51 36 103 90 80 54 26 51 109 52 58 109 109 -1 90 109 
-1 8 53 109 38 8 109 106 0 54 40 35 40 88 56 54 109 38 58 31 36 54 36 31 53 94 54 40 8 89 8 0 54 53 58 0 -1 54 36 54 0 54 54 58 36 0 54 35 30 44 8 36 38 36 -1 36 36 -1 -1 58 73 96 40 36 106 53 45 8 30 79 51 58 8 54 109 31 53 40 72 54 88 35 8 84 58 107 84 54 36 0 36 94 101 36 58 84 51 36 31 90 94 54 54 35 54 52 58 54 58 54 54 54 
57 94 43 94 84 18 18 106 18 18 40 94 40 88 57 57 34 84 -1 84 94 34 40 84 84 94 57 106 18 89 88 57 57 43 -1 106 57 34 84 18 18 37 41 34 108 57 94 101 43 41 18 84 18 57 57 18 57 -1 -1 34 100 96 71 34 106 108 71 18 106 84 71 -1 18 108 94 84 34 37 72 94 43 106 94 84 -1 107 84 37 71 57 57 94 101 40 -1 84 18 94 103 106 94 71 94 84 71 52 -1 94 -1 57 34 86 
89 41 43 41 38 58 43 95 89 39 89 89 89 89 89 110 34 38 58 89 110 34 51 89 89 43 110 89 58 89 39 89 52 43 -1 89 38 34 37 34 89 37 41 34 87 89 79 48 43 41 89 37 37 43 37 43 38 58 34 -1 89 96 48 34 55 43 71 89 39 89 48 58 89 87 89 89 34 37 89 34 43 89 77 48 58 77 84 37 71 -1 89 34 52 51 58 89 51 76 89 41 80 54 89 34 41 52 58 34 58 34 34 79 
31 100 73 73 100 95 100 95 100 105 104 100 95 95 109 73 105 87 84 -1 100 107 73 19 73 100 73 106 104 74 100 23 73 100 43 106 38 87 23 100 107 104 104 23 73 31 19 85 73 73 95 73 105 73 73 73 109 73 100 89 -1 96 95 99 95 73 104 100 100 95 73 104 85 -1 73 31 23 85 85 46 100 73 85 73 23 73 84 73 100 23 100 100 104 73 100 19 95 100 31 73 -1 104 73 46 -1 -1 100 73 73 73 100 73 
96 103 96 96 96 96 96 96 96 96 96 96 96 96 96 96 96 96 96 96 96 96 96 96 96 96 96 106 96 96 96 96 96 103 96 96 96 96 96 96 96 96 96 96 96 96 103 96 96 96 96 96 96 96 96 96 96 96 96 96 96 -1 96 96 96 96 96 96 96 96 96 96 96 96 96 96 96 96 96 96 96 96 96 96 96 96 96 96 96 96 96 96 96 96 96 96 -1 96 103 96 106 96 96 96 96 96 96 96 96 96 96 96 
40 82 24 65 24 95 24 -1 48 40 40 66 -1 69 69 48 103 95 40 95 45 107 40 48 -1 24 48 40 95 74 48 45 107 48 48 48 97 48 95 48 12 65 65 48 40 12 95 48 -1 44 95 70 74 24 107 40 109 40 71 48 95 96 -1 45 66 48 -1 48 7 24 48 66 7 65 48 69 66 40 72 69 48 65 24 24 95 48 95 73 48 69 48 55 101 40 97 -1 66 66 68 65 48 48 40 48 71 95 7 66 7 66 45 95 
45 94 99 20 72 72 109 72 39 39 40 94 45 79 92 92 -1 52 39 76 -1 -1 20 76 79 76 102 99 72 74 39 45 52 103 21 103 22 34 52 21 22 99 99 34 22 20 79 101 99 92 99 22 16 76 39 20 109 36 34 34 99 96 45 -1 55 99 45 39 39 79 72 101 20 99 52 91 21 16 72 21 52 72 77 99 103 20 91 37 36 45 99 16 -1 22 20 39 39 76 102 -1 94 92 20 16 99 52 99 21 58 16 20 79 
35 94 55 55 55 95 95 95 95 55 11 -1 55 95 76 55 76 76 55 95 55 76 55 76 66 76 55 106 11 74 95 66 107 55 55 11 55 96 76 55 55 55 55 55 55 66 95 35 55 55 95 96 55 76 76 -1 76 106 106 55 95 96 66 55 -1 55 -1 95 95 95 66 66 55 65 65 11 -1 55 72 76 55 35 76 95 95 55 91 55 71 76 95 55 55 55 11 -1 -1 66 66 65 106 70 55 35 71 55 -1 66 95 66 55 95 
55 41 -1 -1 2 6 2 62 48 55 55 64 55 74 56 49 74 87 55 73 3 99 55 43 2 2 43 99 6 74 48 43 73 43 43 81 53 41 4 48 55 3 41 2 73 20 73 48 -1 41 99 70 74 2 53 -1 53 53 108 43 73 96 48 99 55 -1 70 48 48 74 -1 70 70 -1 -1 74 25 4 72 74 4 -1 24 48 70 3 91 73 48 74 99 55 74 55 20 48 55 70 103 -1 48 70 20 48 41 73 64 73 73 3 20 73 
45 97 62 109 72 72 109 62 97 64 64 64 45 88 109 107 109 97 71 95 45 107 45 45 62 76 107 97 104 109 62 45 107 62 71 45 97 70 97 70 107 104 104 62 107 -1 107 62 62 101 97 70 107 76 107 64 109 45 71 71 104 96 -1 45 -1 70 -1 97 62 107 -1 -1 70 107 109 45 64 109 72 97 88 70 62 62 70 107 84 107 71 45 97 64 101 45 97 62 64 -1 45 70 97 70 45 62 71 104 64 -1 62 -1 45 95 
8 8 8 41 72 8 8 68 -1 18 28 35 40 88 88 49 103 97 8 95 45 39 40 31 82 82 54 97 8 74 8 8 54 103 39 8 97 41 97 30 8 8 41 48 40 8 103 35 30 41 8 39 74 97 39 40 97 8 18 89 100 96 48 39 95 48 97 -1 30 74 48 88 8 65 30 31 97 40 72 94 8 35 8 48 18 72 90 41 30 8 30 74 101 40 8 8 18 8 31 41 30 97 97 8 28 74 35 40 58 8 90 95 
30 30 48 65 72 30 30 -1 30 39 98 95 62 88 88 102 103 72 30 95 72 39 51 98 62 100 102 72 30 74 -1 98 54 103 39 103 88 51 72 30 30 30 41 48 102 98 103 48 30 102 30 39 74 54 39 39 88 30 106 39 100 96 7 39 95 48 62 30 -1 74 48 88 7 108 30 98 39 72 72 39 88 72 30 48 95 72 90 108 30 30 30 74 74 51 100 7 39 30 -1 90 30 103 98 98 88 74 7 39 7 74 90 95 
89 82 24 74 24 95 24 95 74 74 75 75 40 -1 13 14 74 74 40 95 72 79 40 89 -1 24 79 -1 75 74 74 75 107 43 79 89 90 74 74 74 27 99 99 24 79 75 79 107 62 102 27 84 74 24 79 40 14 79 84 89 95 96 24 79 95 74 107 74 74 -1 72 88 27 107 -1 -1 79 40 72 -1 74 72 24 24 75 107 90 107 13 -1 -1 74 74 40 79 -1 95 27 75 27 74 79 27 79 107 74 27 -1 95 74 90 79 
66 103 65 65 72 72 65 72 48 51 51 66 62 72 56 101 103 51 72 48 72 51 51 48 62 65 101 72 72 74 48 66 73 48 48 48 51 51 51 51 51 51 51 48 51 66 103 48 -1 101 72 -1 51 51 101 65 51 51 71 48 73 96 48 72 66 -1 -1 48 48 72 -1 66 -1 65 65 84 66 51 72 101 48 65 62 48 51 72 84 51 48 48 48 65 101 51 72 48 51 66 103 65 48 -1 72 48 101 52 66 66 72 66 72 101 
58 94 58 104 88 58 88 66 88 58 104 66 66 88 88 88 103 84 58 104 66 58 88 84 66 94 101 97 104 88 88 66 104 88 58 101 88 58 84 88 58 104 104 58 88 66 103 101 66 101 58 70 88 88 101 66 88 58 -1 58 104 96 66 101 66 70 -1 88 88 88 66 -1 70 104 88 84 66 109 72 94 88 70 66 84 58 101 84 58 -1 58 88 88 101 88 58 66 66 66 103 104 88 -1 66 101 -1 104 58 66 58 66 58 101 
8 8 4 20 -1 -1 5 -1 5 18 28 81 40 69 69 102 63 38 5 95 -1 63 20 38 4 4 102 -1 5 74 8 45 85 80 110 81 22 38 4 70 27 20 41 4 22 20 44 85 70 102 5 70 38 81 81 20 81 8 18 89 85 96 7 20 55 70 70 8 7 27 -1 70 -1 85 69 69 81 4 -1 69 4 -1 77 70 18 -1 84 85 80 69 69 55 63 22 20 5 70 27 68 27 80 70 20 70 28 52 7 85 7 6 20 95 
107 107 65 65 65 85 109 108 65 52 107 107 107 107 109 49 109 87 107 60 44 107 44 60 65 65 54 85 104 74 65 60 -1 54 87 81 44 87 52 54 107 49 49 65 -1 107 32 85 65 44 85 44 32 54 32 65 109 54 108 87 -1 96 65 99 65 -1 107 65 108 107 65 104 85 -1 65 107 107 85 85 46 52 65 85 65 108 -1 111 -1 44 107 99 65 49 44 107 60 51 107 102 65 60 54 49 46 32 60 100 -1 -1 -1 44 32 
30 30 65 65 52 30 109 68 30 52 75 94 62 69 69 69 52 52 52 95 65 39 65 52 69 65 109 69 109 -1 -1 75 52 80 52 81 52 52 52 30 65 52 52 48 73 109 52 48 30 92 69 39 -1 65 109 65 109 109 94 89 73 96 48 52 65 -1 109 30 30 -1 65 88 69 65 -1 69 39 109 72 69 52 65 69 48 52 65 91 52 30 29 30 -1 52 65 91 30 52 30 68 65 30 70 69 48 109 52 69 69 73 -1 90 52 
31 94 69 91 84 28 91 95 31 84 -1 10 40 69 69 69 91 84 84 31 45 79 40 31 69 94 79 69 10 74 74 -1 107 91 84 11 84 84 84 84 10 84 84 31 40 31 79 35 84 102 69 84 74 69 79 91 69 31 84 89 31 96 69 91 11 74 45 31 98 -1 84 84 69 107 69 -1 31 40 72 69 91 35 69 84 -1 107 84 84 69 69 69 -1 74 40 91 69 84 69 31 69 91 103 69 84 28 74 69 69 84 74 90 79 
31 82 25 64 25 95 25 95 97 39 64 64 45 56 56 53 21 38 84 23 63 -1 53 -1 25 -1 53 97 64 89 39 23 54 53 21 64 53 34 23 21 64 37 41 23 46 31 23 101 43 92 97 39 21 -1 53 64 53 53 34 34 23 96 66 21 -1 25 64 97 39 79 66 66 81 107 39 31 -1 21 81 21 43 53 25 84 23 107 84 37 53 23 53 21 63 53 25 64 64 -1 31 63 94 97 97 21 101 52 64 21 58 21 34 79 
40 82 4 85 -1 40 109 72 40 40 40 40 40 69 109 49 -1 38 40 38 40 16 40 38 82 82 54 40 40 109 109 40 109 80 37 40 38 -1 4 21 -1 37 41 4 40 40 103 85 85 41 40 37 16 4 37 40 109 40 37 37 85 96 40 16 55 4 109 40 72 40 51 109 4 85 109 40 21 -1 72 21 4 72 -1 82 38 -1 91 37 80 40 38 16 52 40 82 40 51 40 103 40 80 54 40 16 109 52 40 40 85 -1 37 109 
72 72 72 72 72 72 72 72 72 72 72 81 72 72 72 102 72 72 72 95 72 72 72 72 72 72 102 72 72 74 72 72 85 80 110 81 72 72 72 72 72 72 72 72 72 72 72 85 72 102 72 72 72 81 81 72 81 72 72 89 85 96 72 72 72 72 72 72 72 72 72 72 -1 85 72 72 81 72 -1 72 72 72 77 72 72 72 84 85 80 72 72 72 72 72 72 72 72 72 72 72 80 72 72 72 72 72 72 85 72 72 72 95 
57 94 54 94 54 95 109 95 94 39 75 94 69 69 69 54 21 54 94 46 94 -1 46 46 69 94 54 69 75 74 39 75 46 54 21 94 54 54 54 21 69 54 54 34 46 94 -1 101 103 46 69 39 21 54 -1 94 54 54 94 34 46 96 69 21 76 74 97 94 39 -1 101 94 69 46 69 69 21 21 72 -1 94 54 69 69 75 107 111 46 69 69 69 94 63 46 -1 69 39 94 103 63 94 54 54 46 46 52 69 21 94 54 34 -1 
8 94 4 55 -1 6 -1 72 6 52 91 94 55 88 88 33 52 38 6 43 55 43 55 43 4 4 33 72 6 74 88 43 52 -1 43 103 88 52 4 52 55 52 52 -1 52 43 52 48 43 92 6 52 -1 33 33 43 53 88 43 43 100 96 48 52 55 4 88 8 88 74 48 88 4 52 52 91 43 4 72 94 -1 53 77 48 38 72 91 52 -1 43 88 -1 52 55 91 6 52 88 103 52 -1 88 33 33 52 52 100 52 58 6 33 52 
35 103 53 65 72 72 53 72 35 65 35 35 40 56 56 53 103 53 72 73 72 76 53 76 53 53 53 72 72 74 65 35 54 53 53 -1 53 54 53 54 35 65 65 53 73 35 103 35 65 65 72 53 74 -1 53 65 53 35 106 89 73 96 65 72 35 -1 70 35 72 72 65 70 -1 65 65 35 53 72 72 54 53 -1 53 65 103 72 90 73 53 35 53 65 72 53 35 72 53 53 103 65 106 47 72 35 54 73 35 54 72 54 72 54 
8 -1 24 41 77 8 24 62 1 77 77 94 62 69 69 49 77 77 77 76 94 76 77 76 -1 -1 77 69 8 74 8 8 109 103 77 103 53 77 77 30 77 1 41 24 49 8 103 85 62 41 8 77 77 24 77 77 109 8 94 77 85 96 24 77 76 24 62 8 30 24 62 66 77 85 69 69 25 -1 77 69 77 53 -1 24 83 77 84 77 30 69 69 77 49 77 1 62 76 8 103 41 94 103 49 1 41 77 62 69 62 77 77 79 
48 82 24 65 24 84 24 62 48 84 84 48 62 69 69 48 103 84 84 84 55 48 84 84 -1 24 48 69 84 74 48 84 73 48 48 48 84 84 84 48 84 65 65 48 73 62 103 48 -1 65 69 84 84 24 48 48 53 84 84 48 73 96 24 99 95 48 62 48 48 24 48 84 70 65 48 84 84 82 72 69 48 65 24 -1 -1 48 84 73 48 69 48 84 84 84 84 84 84 48 103 65 48 48 69 48 84 84 84 69 84 24 48 86 
31 103 38 41 38 18 18 95 18 18 75 75 40 75 56 103 103 38 -1 23 51 51 51 -1 83 76 103 40 18 89 95 23 52 103 58 103 38 38 -1 51 18 38 41 23 51 31 103 83 83 41 18 -1 38 38 38 18 38 58 -1 58 23 96 95 103 95 70 70 18 95 75 51 58 18 108 52 -1 23 38 72 75 38 103 83 -1 -1 72 -1 38 38 23 86 75 52 51 58 -1 51 38 103 90 94 103 103 -1 71 52 58 40 58 103 58 86 
47 41 65 -1 72 72 72 72 72 55 77 47 77 107 107 49 77 87 72 73 3 107 20 48 82 82 107 72 72 74 48 45 73 48 77 47 22 77 72 107 77 3 41 48 73 20 73 -1 47 41 72 72 73 81 107 3 109 107 107 77 73 96 48 20 55 3 107 72 72 107 72 101 -1 -1 65 107 107 -1 72 107 72 72 77 48 72 -1 91 73 48 107 107 55 101 22 107 72 55 72 72 41 73 47 20 47 41 73 47 -1 73 3 20 73 
84 94 84 91 84 84 91 95 90 84 84 94 84 90 90 110 91 84 84 84 91 91 84 84 84 94 110 90 84 91 90 84 111 91 84 103 90 84 84 84 84 99 99 84 84 84 103 111 84 99 84 84 84 90 111 91 90 84 84 84 84 96 95 91 91 91 84 90 90 90 84 84 84 111 91 84 84 91 84 111 91 90 84 84 -1 91 -1 84 90 84 -1 -1 111 84 91 84 84 90 103 90 90 111 90 84 111 84 84 90 84 91 90 -1 
44 41 73 41 38 85 109 108 41 52 44 107 44 107 49 49 52 -1 44 46 44 37 44 38 73 73 54 44 104 74 51 38 73 43 37 81 38 -1 17 51 44 37 41 37 -1 44 44 85 73 44 44 37 37 54 37 44 109 54 37 37 73 96 73 37 55 73 107 41 108 107 51 58 85 -1 52 84 37 37 85 46 52 73 77 73 38 73 84 -1 38 38 38 52 49 44 107 46 51 38 102 41 73 54 49 46 41 -1 58 73 73 73 37 73 
30 30 53 36 80 30 80 68 30 39 40 71 40 -1 13 14 80 38 71 95 36 39 36 38 69 53 80 69 104 74 -1 30 80 80 71 30 -1 38 36 30 36 104 104 80 36 71 44 48 30 15 30 36 80 36 39 36 36 36 71 71 100 96 48 36 71 48 71 30 30 13 48 -1 80 44 30 69 53 80 80 69 -1 53 30 48 38 48 90 38 -1 69 30 80 80 36 71 30 51 36 68 90 30 71 36 48 71 80 71 69 71 56 90 95 
-1 8 43 45 38 8 8 95 0 40 40 35 40 69 69 69 52 38 40 23 45 59 40 -1 69 76 43 69 8 -1 8 0 107 43 59 0 38 38 23 30 0 8 41 23 40 0 23 35 43 102 69 84 38 76 57 40 38 0 57 -1 23 96 69 45 76 74 45 8 30 -1 48 58 69 107 29 69 23 40 72 69 43 35 69 69 23 107 84 38 69 -1 69 74 52 40 79 69 76 8 31 69 30 47 69 35 60 52 35 69 58 74 59 79 
30 30 53 99 38 30 30 68 30 39 75 75 40 69 56 110 91 38 86 95 110 39 36 38 69 53 110 69 30 74 -1 75 107 53 110 30 -1 38 36 30 36 99 99 48 36 110 79 48 30 99 69 36 38 36 39 36 36 36 57 89 100 96 48 99 95 99 97 30 30 -1 48 88 69 99 30 69 53 38 72 69 88 53 69 48 86 107 -1 38 30 69 -1 86 99 36 79 30 51 36 68 -1 30 97 69 48 99 52 69 69 58 56 -1 86 
55 94 55 55 80 80 80 72 74 55 75 94 55 74 74 80 -1 52 55 55 55 16 55 55 74 94 80 55 75 74 74 75 52 80 21 94 55 52 52 21 55 55 55 55 55 55 94 55 55 55 55 55 16 80 94 -1 109 94 94 34 100 96 55 16 55 55 64 74 74 74 65 88 55 65 -1 -1 21 16 72 94 -1 65 77 84 75 55 -1 52 80 74 86 -1 52 55 -1 64 55 94 75 63 80 97 55 16 109 52 64 94 94 16 55 86 
63 49 52 49 52 52 80 72 101 52 104 94 63 49 49 49 52 52 52 49 63 63 49 52 74 76 49 99 104 74 74 52 52 80 52 101 52 52 52 52 49 49 49 80 49 63 49 101 101 -1 99 52 -1 101 101 52 49 101 101 52 104 96 101 -1 55 74 101 101 74 74 101 101 63 49 52 74 63 52 72 63 52 72 49 84 52 101 111 49 80 52 99 52 -1 49 63 111 52 101 102 63 80 -1 49 101 101 52 99 52 73 52 63 101 
40 94 53 22 38 40 40 72 40 55 40 40 40 88 56 49 63 38 40 46 22 51 -1 38 53 94 102 40 40 74 51 40 46 53 51 40 22 51 36 51 22 22 41 55 22 22 44 40 55 44 40 22 38 36 51 22 36 36 40 51 73 96 40 22 55 55 45 40 51 40 51 88 22 44 65 40 53 40 72 46 55 53 77 84 51 22 84 44 36 40 36 55 49 -1 22 64 51 36 102 40 94 70 22 51 40 87 40 40 73 22 22 46 
8 -1 25 20 25 8 25 72 1 55 11 -1 45 79 79 49 91 84 58 79 -1 79 20 76 25 -1 79 97 11 91 100 45 107 91 58 11 97 41 84 79 107 1 41 25 22 20 79 35 100 41 97 22 91 25 79 20 97 58 -1 58 100 96 97 20 11 20 97 8 100 79 72 58 20 107 91 91 25 82 72 -1 91 35 1 84 58 107 91 107 71 79 79 -1 63 22 -1 64 64 -1 102 41 -1 97 20 1 41 100 58 -1 58 107 20 79 
8 8 6 64 72 -1 5 -1 5 18 28 64 62 69 69 69 103 84 5 -1 64 39 64 19 62 76 54 69 5 74 -1 23 111 103 84 64 84 84 84 30 18 8 41 23 46 62 19 48 30 46 5 84 74 76 39 64 69 84 84 89 19 96 -1 39 -1 48 62 8 7 -1 48 66 5 60 30 69 64 40 72 69 6 72 62 84 -1 72 84 46 30 69 30 64 111 64 64 -1 64 8 68 69 30 111 69 84 28 60 7 69 7 6 90 -1 
40 103 53 55 51 18 18 95 18 -1 64 64 40 88 56 51 52 51 9 95 51 39 51 76 66 76 54 106 18 74 39 66 52 103 51 64 51 51 51 9 18 51 51 55 51 66 103 64 70 51 18 -1 9 51 39 9 51 51 18 51 95 -1 66 39 -1 55 64 18 39 95 51 66 70 51 52 84 64 51 72 39 52 53 76 84 51 55 84 51 51 76 51 55 52 51 64 64 -1 51 103 51 106 70 51 51 51 52 64 66 58 66 51 95 
8 8 53 94 38 8 8 66 -1 18 40 94 40 69 56 56 76 38 8 76 94 76 36 76 66 76 101 -1 8 74 8 8 101 53 76 8 -1 38 36 30 27 8 41 76 36 66 94 101 30 101 27 36 38 36 101 36 36 36 94 76 100 96 66 76 66 70 -1 8 30 27 66 66 27 107 30 69 -1 40 72 94 88 53 8 48 38 72 90 38 36 8 36 94 101 36 -1 8 51 -1 102 27 94 -1 27 101 101 52 27 66 94 66 90 101 
31 103 43 102 38 31 103 68 31 68 75 103 45 75 102 102 103 38 103 31 102 103 102 31 68 76 102 102 75 74 68 -1 103 103 43 103 103 103 31 68 31 102 102 31 102 31 103 103 103 102 102 103 103 103 102 102 103 31 103 89 31 103 68 102 66 103 45 31 -1 75 103 103 68 102 68 31 31 103 72 103 103 103 103 103 103 72 103 102 68 31 68 75 102 102 102 68 103 102 -1 102 68 103 -1 -1 103 103 68 40 68 103 102 103 
40 41 65 41 65 50 65 72 41 65 40 40 40 69 49 49 63 41 40 73 63 63 40 41 65 65 102 -1 104 74 90 40 73 65 41 81 90 41 41 63 27 -1 41 65 49 63 49 65 65 41 27 41 41 65 41 65 90 90 106 41 73 96 65 -1 65 -1 70 41 90 27 65 104 27 65 65 69 63 40 72 63 52 65 41 65 90 41 90 41 90 69 -1 63 63 40 41 69 51 27 102 -1 90 70 27 41 41 52 27 40 73 41 90 90 
30 94 80 94 80 30 80 106 30 39 94 94 62 88 88 80 80 80 94 60 94 39 94 60 62 94 80 106 104 74 -1 30 73 80 80 106 88 80 80 30 106 94 94 80 73 94 60 48 30 73 106 39 80 80 39 80 80 94 94 80 -1 106 48 94 106 48 97 30 30 74 48 88 80 60 30 91 94 80 80 94 -1 106 94 48 94 73 90 73 30 30 30 80 80 94 -1 30 106 94 68 90 -1 97 94 48 60 60 -1 94 73 73 90 94 
47 103 54 70 72 72 109 72 97 54 104 47 62 88 54 54 103 54 71 103 72 54 70 97 54 97 54 97 104 74 48 103 54 103 54 47 97 54 54 54 97 104 104 48 92 70 103 -1 47 92 97 70 92 54 -1 70 54 54 71 54 104 96 48 92 70 70 70 97 103 79 -1 -1 70 54 70 103 97 54 72 54 88 47 103 48 103 47 111 54 71 47 97 97 -1 70 97 111 70 -1 103 70 97 -1 54 -1 -1 92 47 54 71 54 54 -1 
40 49 43 20 72 50 50 72 97 55 40 94 40 69 26 26 63 87 40 49 -1 63 20 98 69 94 -1 -1 40 74 98 98 54 26 110 103 22 49 36 54 27 49 49 33 49 20 49 85 103 -1 27 22 92 33 26 20 26 54 94 89 73 96 40 20 55 20 45 97 98 27 72 66 20 49 69 69 97 40 72 54 33 72 49 69 103 20 90 49 36 69 69 55 49 22 20 69 51 27 -1 27 94 54 -1 98 49 87 27 40 72 20 20 54 
35 -1 43 41 77 8 80 62 1 51 35 35 62 79 33 33 -1 84 84 46 51 16 51 84 62 82 33 101 104 74 48 98 46 -1 21 -1 51 51 84 51 35 1 41 33 46 35 -1 35 -1 41 8 -1 16 33 101 43 51 35 84 34 46 96 48 16 35 48 62 8 98 79 48 101 70 46 48 84 21 16 72 46 33 35 1 48 -1 47 84 46 48 35 48 16 101 51 1 84 51 101 -1 41 48 -1 98 -1 101 52 35 21 84 16 33 101 
28 41 109 41 109 28 109 71 28 52 28 28 40 88 109 49 109 41 28 60 41 107 40 60 71 82 54 99 -1 109 88 60 -1 103 41 101 88 41 41 54 28 -1 41 41 46 71 32 101 101 41 28 41 32 54 32 41 109 54 71 41 -1 96 71 99 71 41 71 28 88 107 101 -1 28 32 109 28 101 109 72 46 52 54 41 84 71 41 111 41 71 60 99 109 101 40 41 28 51 101 103 41 60 -1 49 101 -1 60 71 32 71 -1 41 32 
52 52 52 52 52 52 80 95 74 52 104 100 52 74 56 87 52 87 52 60 55 52 87 52 74 100 54 74 104 74 74 52 52 80 52 103 52 52 52 52 52 52 52 80 87 52 52 85 73 87 52 52 -1 52 52 52 52 52 52 52 -1 96 95 52 55 73 104 74 74 74 52 104 52 60 52 74 52 52 72 52 52 73 77 84 52 73 84 -1 80 52 52 52 52 87 100 60 52 52 103 52 60 92 87 52 60 -1 100 52 73 52 52 52 
35 94 58 64 72 50 100 -1 35 58 35 35 40 69 69 102 103 84 58 95 64 58 40 76 62 76 102 -1 35 74 100 35 58 100 58 -1 58 58 84 100 27 99 99 58 40 35 103 35 47 102 27 84 100 76 58 64 58 58 -1 58 100 96 7 99 -1 64 64 35 7 27 66 58 7 100 69 69 64 40 72 69 100 35 62 84 58 47 84 58 71 35 69 64 99 40 58 7 64 27 68 27 -1 47 27 35 71 100 -1 40 7 66 58 95 
40 94 54 85 77 40 109 66 40 39 40 94 40 69 69 54 21 87 40 46 94 -1 40 76 69 94 54 40 40 74 39 40 -1 54 21 40 40 54 52 21 -1 54 54 34 73 66 32 85 66 73 40 39 32 54 -1 40 109 54 94 34 73 96 66 21 66 73 -1 40 39 -1 66 66 85 -1 69 69 21 40 85 21 52 54 69 69 40 -1 90 73 69 69 69 94 52 40 -1 69 66 66 40 40 94 54 40 21 32 52 40 -1 73 -1 34 32 
58 94 73 73 72 58 109 -1 58 58 58 94 62 88 109 73 109 87 58 73 72 58 73 84 62 94 58 72 58 74 68 58 73 58 58 106 58 58 84 58 58 58 58 58 73 58 73 85 62 73 58 84 73 58 58 73 109 58 -1 58 73 96 7 58 95 73 62 58 7 95 72 58 7 -1 73 84 58 85 72 94 58 72 62 84 58 73 84 73 71 58 58 94 73 73 58 7 58 94 68 73 73 71 72 84 71 73 7 73 -1 73 58 73 
57 41 6 -1 77 6 -1 66 6 52 77 66 66 56 56 54 -1 87 6 46 3 16 20 43 6 6 54 74 104 74 74 66 -1 54 21 103 56 54 52 54 77 3 41 6 73 66 32 85 65 41 6 54 16 54 -1 3 -1 54 57 34 73 96 66 16 66 3 -1 8 74 74 66 66 6 -1 -1 74 21 -1 72 54 6 54 77 24 103 3 91 73 56 74 56 16 52 22 107 6 66 66 103 41 73 54 20 16 -1 52 66 -1 73 -1 20 32 
45 94 43 20 72 72 43 72 90 55 40 94 45 90 26 26 34 38 58 43 -1 34 20 43 90 94 -1 72 72 89 90 45 54 26 -1 45 90 34 37 34 22 20 41 34 22 20 44 48 43 26 72 22 37 33 26 20 90 54 34 34 100 96 45 20 55 20 45 90 90 90 72 58 20 44 90 90 34 37 72 34 33 72 77 48 58 20 90 37 90 59 -1 55 63 22 20 90 51 90 102 90 90 54 20 33 41 52 58 34 58 20 -1 90 
57 94 54 109 52 95 95 95 95 52 79 94 95 79 79 54 52 52 86 95 94 79 46 86 79 94 54 79 95 74 95 79 -1 103 79 101 90 52 52 54 107 104 104 79 46 94 32 101 95 101 95 86 32 54 32 91 109 54 86 79 73 96 95 79 95 73 95 95 95 79 101 101 95 32 52 79 79 109 95 -1 52 54 79 86 86 73 -1 73 95 79 86 86 101 46 79 -1 95 101 103 90 94 -1 54 101 32 52 95 32 73 32 90 -1 
