22
0 1
-1 6 -1 6 12 12 2 2 13 12 2 13 -1 -1 12 6 2 6 13 20 -1 -1 
6 -1 6 6 8 19 -1 8 -1 19 19 8 6 8 12 6 6 6 13 -1 19 8 
-1 6 -1 6 7 12 -1 -1 7 7 -1 16 0 0 10 6 -1 6 10 10 -1 -1 
6 6 6 -1 9 19 -1 9 6 -1 19 16 6 16 12 6 -1 6 19 -1 19 6 
12 8 7 9 -1 12 12 -1 -1 7 -1 8 -1 8 10 7 12 8 10 10 7 8 
12 19 12 19 12 -1 12 15 11 12 14 -1 -1 11 -1 -1 11 11 13 -1 14 11 
2 -1 -1 -1 12 12 -1 2 1 3 2 16 -1 2 12 -1 -1 -1 10 1 2 2 
2 8 -1 9 -1 15 2 -1 -1 -1 2 8 4 8 15 -1 2 8 10 9 2 2 
13 -1 7 6 -1 11 1 -1 -1 7 4 -1 4 -1 15 -1 11 -1 13 1 7 -1 
12 19 7 -1 7 12 3 -1 7 -1 19 16 -1 8 12 7 -1 16 19 -1 19 7 
2 19 -1 19 -1 14 2 2 4 19 -1 13 4 -1 -1 -1 2 6 -1 -1 2 2 
13 8 16 16 8 -1 16 8 -1 16 13 -1 5 -1 5 5 -1 8 13 5 13 -1 
-1 6 0 6 -1 -1 -1 4 4 -1 4 5 -1 0 -1 5 -1 6 10 5 0 0 
-1 8 0 16 8 11 2 8 -1 8 -1 -1 0 -1 10 8 11 8 -1 10 0 0 
12 12 10 12 10 -1 12 15 15 12 -1 5 -1 10 -1 -1 12 12 10 5 -1 10 
6 6 6 6 7 -1 -1 -1 -1 7 -1 5 5 8 -1 -1 -1 6 10 -1 14 8 
2 6 -1 -1 12 11 -1 2 11 -1 2 -1 -1 11 12 -1 -1 -1 10 3 2 2 
6 6 6 6 8 11 -1 8 -1 16 6 8 6 8 12 6 -1 -1 13 6 6 8 
13 13 10 19 10 13 10 10 13 19 -1 13 10 -1 10 10 10 13 -1 10 10 10 
20 -1 10 -1 10 -1 1 9 1 -1 -1 5 5 10 5 -1 3 6 10 -1 -1 8 
-1 19 -1 19 7 14 2 2 7 19 2 13 0 0 -1 14 2 6 10 -1 -1 0 
-1 8 -1 6 8 11 2 2 -1 7 2 -1 0 0 10 8 2 8 10 8 0 -1 
