74
3 13
-1 57 50 53 54 58 20 20 53 73 48 73 73 68 57 39 60 20 56 53 -1 20 58 20 48 53 53 70 49 20 53 56 54 60 64 57 20 20 50 -1 48 21 73 20 56 58 56 48 20 37 -1 21 73 39 39 21 50 50 50 39 39 73 39 48 50 21 50 39 48 64 50 60 37 -1 
57 -1 66 43 -1 -1 43 66 16 27 -1 -1 -1 68 -1 12 4 66 27 27 43 51 10 43 66 -1 66 4 22 16 43 63 42 51 64 -1 11 43 47 15 12 57 11 -1 42 5 45 11 10 28 57 10 4 25 4 27 48 -1 5 15 4 42 10 10 48 51 -1 15 10 36 27 60 27 12 
50 66 -1 71 52 58 7 -1 53 47 48 47 66 68 66 43 60 66 56 53 7 50 58 7 -1 53 24 55 47 7 47 56 60 60 64 66 66 7 50 50 48 50 47 7 65 58 56 24 24 37 -1 50 7 24 56 7 7 50 50 50 24 47 70 48 50 24 -1 52 48 64 50 24 47 50 
53 43 71 -1 27 45 30 56 53 27 30 47 45 68 43 43 30 30 27 -1 30 41 30 30 71 53 53 19 30 30 -1 46 30 60 64 43 30 60 47 53 45 30 45 30 45 -1 45 30 47 30 56 30 27 19 56 27 19 53 19 56 45 45 30 61 60 45 30 30 32 36 45 -1 71 45 
54 -1 52 27 -1 1 29 52 16 27 1 1 1 68 1 12 -1 55 27 27 60 54 10 29 60 1 60 -1 54 16 29 56 54 60 64 1 11 60 59 54 12 16 52 1 52 60 56 11 10 60 56 10 -1 16 -1 27 54 1 5 52 -1 16 10 10 60 60 1 52 10 64 27 60 27 52 
58 -1 58 45 1 -1 29 66 16 61 1 1 1 68 1 12 -1 66 27 58 29 58 58 29 60 1 66 4 58 16 29 46 60 60 64 1 11 60 58 60 12 58 11 1 45 -1 45 11 10 58 58 10 4 16 4 27 46 1 -1 16 16 45 10 10 58 45 1 29 10 36 45 45 16 12 
20 43 7 30 29 29 -1 -1 29 42 43 36 43 68 43 43 29 -1 56 53 -1 20 30 -1 7 43 53 55 30 -1 17 46 23 51 64 43 17 -1 57 20 48 29 32 -1 46 46 23 30 20 37 57 29 7 43 32 7 7 -1 41 43 37 32 23 43 48 37 7 17 32 36 23 23 37 20 
20 66 -1 56 52 66 -1 -1 56 52 56 52 66 68 66 43 29 6 56 56 6 55 56 6 2 56 66 55 30 6 17 56 23 51 64 66 17 6 50 55 56 56 52 6 52 56 56 24 56 37 2 29 -1 56 56 -1 -1 6 50 52 24 52 23 56 50 24 -1 52 56 36 23 23 55 52 
53 16 53 53 16 16 29 56 -1 61 48 59 40 68 16 41 -1 53 56 53 41 41 58 29 53 53 53 72 61 16 53 61 61 60 64 16 72 72 59 53 -1 -1 61 53 61 61 56 72 40 61 41 29 59 -1 16 59 41 41 41 -1 16 -1 53 61 48 41 53 41 48 72 72 72 -1 40 
73 27 47 27 27 61 42 52 61 -1 63 42 73 68 27 73 27 55 27 27 73 55 61 42 47 27 47 -1 61 27 47 61 42 51 64 27 42 70 47 73 61 61 -1 27 42 61 44 42 47 61 70 42 42 27 27 27 27 27 27 52 27 -1 70 61 48 44 27 52 42 42 27 72 27 -1 
48 -1 48 30 1 1 43 56 48 63 -1 1 1 68 1 12 4 62 56 56 48 51 -1 62 48 1 48 4 22 51 28 63 68 51 64 1 11 48 48 62 48 51 11 1 63 5 56 48 -1 28 51 -1 4 25 4 51 48 1 22 56 4 63 -1 -1 48 51 1 51 -1 68 62 48 48 12 
73 -1 47 47 1 1 36 52 59 42 1 -1 1 68 1 12 4 36 27 27 48 51 10 36 47 1 47 4 42 51 47 61 42 51 64 1 -1 65 47 51 12 51 -1 1 42 5 44 -1 47 42 47 -1 -1 25 4 36 48 1 5 52 4 42 10 10 48 51 1 52 10 36 72 47 36 52 
73 -1 66 45 1 1 43 66 40 73 1 1 -1 68 1 -1 4 66 27 45 48 39 10 46 48 1 66 4 61 41 43 46 60 60 64 1 11 60 59 15 -1 15 11 1 45 -1 45 11 40 60 57 10 73 25 4 59 41 1 45 15 45 45 10 10 48 45 1 15 10 36 45 45 40 -1 
68 68 68 68 68 68 68 68 68 68 68 68 68 -1 68 68 68 68 68 68 68 68 68 68 68 68 68 72 68 68 68 68 68 68 68 68 69 68 68 68 68 68 68 68 68 68 68 68 68 68 68 68 68 68 68 68 68 68 68 68 68 68 68 68 68 68 68 68 -1 68 68 68 68 68 
57 -1 66 43 1 1 43 66 16 27 1 1 1 68 -1 12 4 66 27 27 43 51 10 43 66 1 66 4 22 16 43 63 42 51 64 1 11 43 47 15 12 57 11 1 42 5 45 11 10 28 57 10 4 25 4 27 48 1 5 15 4 42 10 10 48 51 1 15 10 36 27 60 27 12 
39 12 43 43 12 12 43 43 41 73 12 12 -1 68 12 -1 41 67 56 53 39 39 58 41 53 12 53 59 43 41 43 46 54 51 64 12 67 43 59 -1 12 -1 59 -1 45 12 45 43 40 43 39 43 59 39 39 59 41 41 41 -1 39 41 39 12 60 67 12 -1 12 64 45 60 40 12 
60 4 60 30 -1 -1 29 29 -1 27 4 4 4 68 4 41 -1 29 27 27 29 41 58 29 60 60 53 4 30 -1 29 61 60 60 64 4 72 60 59 60 8 8 52 4 45 5 29 30 40 60 58 29 4 8 4 27 41 4 5 8 -1 8 29 61 60 51 4 29 60 64 60 60 8 52 
20 66 66 30 55 66 -1 6 53 55 62 36 66 68 66 67 29 -1 55 30 6 55 30 -1 66 53 66 55 30 6 -1 46 23 51 67 66 -1 6 47 67 72 67 32 6 46 30 23 30 20 30 55 29 67 30 32 -1 55 6 67 55 32 30 23 46 67 67 -1 -1 32 36 23 23 36 67 
56 27 56 27 27 27 56 56 56 27 56 27 27 68 27 56 27 55 -1 27 56 55 56 56 56 56 56 -1 56 56 56 56 56 60 64 27 72 70 56 56 56 56 27 56 56 56 56 56 56 70 56 55 27 56 56 27 -1 56 27 56 27 27 70 56 56 55 56 56 56 64 27 72 27 27 
53 27 53 -1 27 58 53 56 53 27 56 27 45 68 27 53 27 30 27 -1 56 53 58 30 53 53 53 -1 30 30 3 56 56 53 64 27 72 70 56 53 53 56 27 53 45 3 56 30 56 30 56 53 27 -1 56 27 -1 53 -1 56 27 27 53 56 56 53 53 53 56 64 27 3 27 27 
-1 43 7 30 60 29 -1 6 41 73 48 48 48 68 43 39 29 6 56 56 -1 -1 48 6 48 60 48 55 49 6 17 46 23 51 64 43 17 -1 48 0 48 21 48 6 65 60 23 48 -1 37 0 21 7 39 39 21 48 6 41 55 37 32 23 48 48 21 7 17 48 64 37 23 37 0 
20 51 50 41 54 58 20 55 41 55 51 51 39 68 51 39 41 55 55 53 -1 -1 51 20 65 53 53 55 41 41 41 56 54 51 64 51 51 20 50 -1 41 -1 51 51 65 58 56 48 20 37 -1 -1 51 39 39 -1 41 41 41 55 39 41 39 51 50 -1 50 39 48 64 50 60 55 20 
58 10 58 30 10 58 30 56 58 61 -1 10 10 68 10 58 58 30 56 58 48 51 -1 30 48 10 48 58 -1 30 28 61 28 51 64 10 11 49 58 62 48 58 32 10 58 58 58 30 10 28 58 10 10 30 32 30 48 10 -1 56 32 28 10 10 48 51 10 58 10 68 58 30 32 12 
20 43 7 30 29 29 -1 6 29 42 62 36 46 68 43 41 29 -1 56 30 6 20 30 -1 71 53 53 70 30 -1 -1 46 -1 51 64 43 17 6 47 62 72 29 32 6 46 46 -1 30 20 30 70 29 7 30 32 17 46 6 41 55 32 32 -1 46 60 37 17 17 32 36 -1 -1 32 20 
48 66 -1 71 60 60 7 2 53 47 48 47 48 68 66 53 60 66 56 53 48 65 48 71 -1 53 -1 53 47 47 47 56 60 60 64 66 47 60 47 53 48 53 47 53 65 60 56 -1 -1 60 2 65 7 -1 53 7 48 53 50 47 -1 47 48 48 48 -1 -1 65 48 64 60 -1 47 47 
53 -1 53 53 1 1 43 56 53 27 1 1 1 68 1 12 60 53 56 53 60 53 10 53 53 -1 53 4 53 53 53 56 60 60 64 1 11 60 47 53 12 53 11 1 60 60 56 11 10 60 56 10 4 -1 4 56 53 1 5 53 -1 53 10 10 60 53 1 53 10 64 60 60 53 12 
53 66 24 53 60 66 53 66 53 47 48 47 66 68 66 53 53 66 56 53 48 53 48 53 -1 53 -1 53 53 53 53 56 60 60 64 66 66 60 47 53 48 53 47 53 65 60 56 24 24 53 24 53 66 -1 53 56 53 53 53 53 24 53 53 48 48 24 -1 53 48 64 60 24 47 53 
70 4 55 19 -1 4 55 55 72 -1 4 4 4 72 4 59 4 55 -1 -1 55 55 58 70 53 4 53 -1 61 16 19 61 72 60 64 4 72 70 59 53 72 55 9 4 42 70 56 72 56 70 70 55 4 19 4 -1 18 4 19 55 4 9 70 61 60 55 4 52 72 72 -1 72 -1 9 
49 22 47 30 54 58 30 30 61 61 22 42 61 68 22 43 30 30 56 30 49 41 -1 30 47 53 53 61 -1 30 -1 61 -1 60 64 22 30 49 47 53 61 30 32 30 61 61 30 30 22 -1 58 22 42 30 32 30 53 53 22 61 32 -1 22 61 60 49 30 30 32 68 30 30 32 61 
20 16 7 30 16 16 -1 6 16 27 51 51 41 68 16 41 -1 6 56 30 6 41 30 -1 47 53 53 16 30 -1 -1 46 23 51 64 16 17 6 47 67 16 -1 32 6 46 16 23 30 20 30 41 -1 67 30 16 7 41 6 41 16 16 16 23 51 60 51 7 -1 32 36 23 23 16 67 
53 43 47 -1 29 29 17 17 53 47 28 47 43 68 43 43 29 -1 56 3 17 41 28 -1 47 53 53 19 -1 -1 -1 46 23 51 64 43 17 17 47 53 48 29 47 -1 45 3 23 -1 47 28 47 29 47 -1 32 17 53 53 19 43 29 28 23 61 48 47 17 17 32 36 23 3 47 43 
56 63 56 46 56 46 46 56 61 61 63 61 46 68 63 46 61 46 56 56 46 56 61 46 56 56 56 61 61 46 46 -1 61 60 64 63 46 46 56 56 61 56 61 46 46 46 -1 61 56 61 56 63 61 56 56 56 46 46 46 56 46 -1 46 -1 56 46 46 46 61 68 46 46 61 61 
54 42 60 30 54 60 23 23 61 42 68 42 60 68 42 54 60 23 56 56 23 54 28 -1 60 60 60 72 -1 23 23 61 -1 60 64 42 72 60 47 54 72 29 -1 23 42 60 23 42 68 28 56 29 42 30 -1 72 54 23 28 52 -1 -1 23 61 60 44 23 23 -1 68 23 23 -1 42 
60 51 60 60 60 60 51 51 60 51 51 51 60 68 51 51 60 51 60 53 51 51 51 51 60 60 60 60 60 51 51 60 60 -1 64 51 51 60 51 60 51 51 51 51 60 60 60 51 51 60 51 -1 51 51 60 51 51 51 60 51 -1 60 51 51 60 51 60 51 51 64 60 60 60 52 
64 64 64 64 64 64 64 64 64 64 64 64 64 68 64 64 64 67 64 64 64 64 64 64 64 64 64 64 64 64 64 64 64 64 -1 64 69 64 64 64 64 64 64 65 65 64 64 64 64 64 64 65 64 64 64 64 64 64 64 64 64 64 64 64 -1 64 64 65 64 64 64 64 64 64 
57 -1 66 43 1 1 43 66 16 27 1 1 1 68 1 12 4 66 27 27 43 51 10 43 66 1 66 4 22 16 43 63 42 51 64 -1 11 43 47 15 12 57 11 1 42 5 45 11 10 28 57 10 4 25 4 27 48 1 5 15 4 42 10 10 48 51 1 15 10 36 27 60 27 12 
20 11 66 30 11 11 17 17 72 42 11 -1 11 69 11 67 72 -1 72 72 17 51 11 17 47 11 66 72 30 17 17 46 72 51 69 11 -1 72 47 67 72 67 11 11 42 72 23 11 47 72 69 11 11 30 72 17 55 11 11 52 69 42 23 11 69 51 17 17 69 -1 72 72 -1 52 
20 43 7 60 60 60 -1 6 72 70 48 65 60 68 43 43 60 6 70 70 -1 20 49 6 60 60 60 70 49 6 17 46 60 60 64 43 72 -1 70 60 72 21 60 6 65 60 23 72 20 -1 70 65 7 43 60 72 7 6 60 72 -1 49 70 48 60 -1 7 65 48 64 -1 60 -1 20 
50 47 50 47 59 58 57 50 59 47 48 47 59 68 47 59 59 47 56 56 48 50 58 47 47 47 47 59 47 47 47 56 47 51 64 47 47 70 -1 50 48 50 47 47 47 58 56 -1 47 47 -1 47 59 47 56 59 50 50 50 -1 47 47 70 48 50 47 47 59 48 64 50 47 47 50 
-1 15 50 53 54 60 20 55 53 73 62 51 15 68 15 -1 60 67 56 53 0 -1 62 62 53 53 53 53 53 67 53 56 54 60 64 15 67 60 50 -1 15 15 54 15 60 60 56 53 20 60 0 21 67 -1 -1 21 53 53 41 15 -1 53 -1 62 60 21 53 -1 54 64 60 60 53 0 
48 12 48 45 12 12 48 56 -1 61 48 12 -1 68 12 12 8 72 56 53 48 41 48 72 48 12 48 72 61 16 48 61 72 51 64 12 72 72 48 15 -1 8 48 12 45 12 45 48 -1 72 56 48 59 8 56 72 48 12 41 8 16 8 48 48 48 48 12 15 48 64 72 72 -1 12 
21 57 50 30 16 58 29 56 -1 61 51 51 15 68 57 -1 8 67 56 56 21 -1 58 29 53 53 53 55 30 -1 29 56 29 51 64 57 67 21 50 15 8 -1 61 15 56 58 56 30 56 30 21 21 67 8 56 21 -1 -1 -1 8 16 8 29 61 50 21 56 -1 56 64 29 29 8 15 
73 11 47 45 52 11 32 52 61 -1 11 -1 11 68 11 59 52 32 27 27 48 51 32 32 47 11 47 9 32 32 47 61 -1 51 64 11 11 60 47 54 48 61 -1 11 -1 44 44 -1 47 32 47 11 -1 47 32 27 46 11 45 52 32 -1 32 61 48 44 11 52 32 36 27 32 32 9 
20 -1 7 30 1 1 -1 6 53 27 1 1 1 68 1 -1 4 6 56 53 6 51 10 6 53 1 53 4 30 6 -1 46 23 51 65 1 11 6 47 15 12 15 11 -1 65 5 23 30 10 30 51 -1 4 -1 4 7 53 1 5 15 4 30 -1 10 65 51 1 15 10 36 62 23 37 12 
56 42 65 45 52 45 46 52 61 42 63 42 45 68 42 45 45 46 56 45 65 65 58 46 65 60 65 42 61 46 45 46 42 60 65 42 42 65 47 60 45 56 -1 65 -1 -1 -1 42 47 61 56 65 42 56 42 56 46 42 45 52 45 -1 46 61 65 -1 65 65 42 65 45 45 42 42 
58 5 58 -1 60 -1 46 56 61 61 5 5 -1 68 5 12 5 30 56 3 60 58 58 46 60 60 60 70 61 16 3 46 60 60 64 5 72 60 58 60 12 58 44 5 -1 -1 -1 30 40 60 58 60 44 19 56 56 46 5 -1 15 -1 -1 70 61 60 44 5 15 60 64 -1 3 70 12 
56 45 56 45 56 45 23 56 56 44 56 44 45 68 45 45 29 23 56 56 23 56 58 -1 56 56 56 56 30 23 23 -1 23 60 64 45 23 23 56 56 45 56 44 23 -1 -1 -1 30 56 30 56 29 44 56 56 56 -1 23 45 56 45 31 23 31 56 44 23 23 32 36 23 23 32 45 
48 11 24 30 11 11 30 24 72 42 48 -1 11 68 11 43 30 30 56 30 48 48 30 30 -1 11 24 72 30 30 -1 61 42 51 64 11 11 72 -1 53 48 30 -1 30 42 30 30 -1 -1 30 38 11 11 24 42 72 48 11 50 38 24 42 30 48 48 24 24 30 48 36 72 24 -1 42 
20 10 24 47 10 10 20 56 40 47 -1 47 40 68 10 40 40 20 56 56 -1 20 10 20 -1 10 24 56 22 20 47 56 68 51 64 10 47 20 47 20 -1 56 47 10 47 40 56 -1 -1 37 56 10 47 24 56 56 -1 10 22 56 24 40 10 10 -1 24 24 56 -1 64 37 24 40 20 
37 28 37 30 60 58 37 37 61 61 28 42 60 68 28 43 60 30 70 30 37 37 28 30 60 60 53 70 -1 30 28 61 28 60 64 28 72 -1 47 60 72 30 32 30 61 60 30 30 37 -1 70 65 37 30 32 72 37 37 28 61 37 28 70 61 60 37 30 65 32 64 37 60 37 37 
-1 57 -1 56 56 58 57 2 41 70 51 47 57 68 57 39 58 55 56 56 0 -1 58 70 2 56 24 70 58 41 47 56 56 51 64 57 69 70 -1 0 56 21 47 51 56 58 56 38 56 70 -1 21 7 56 56 21 -1 -1 -1 38 64 58 70 51 -1 21 2 39 56 64 -1 24 70 0 
21 10 50 30 10 10 29 29 29 42 -1 -1 10 68 10 43 29 29 55 53 21 -1 10 29 65 10 53 55 22 -1 29 63 29 -1 65 10 11 65 47 21 48 21 11 -1 65 60 29 11 10 65 21 -1 11 43 39 21 41 10 22 43 33 42 10 10 65 -1 10 29 10 36 29 29 36 52 
73 4 7 27 -1 4 7 -1 59 42 4 -1 73 68 4 59 4 67 27 27 7 51 10 7 7 4 66 4 42 67 47 61 42 51 64 4 11 7 59 67 59 67 -1 4 42 44 44 11 47 37 7 11 -1 56 4 7 7 4 67 -1 4 42 67 61 60 67 7 -1 42 36 27 60 27 -1 
39 25 24 19 16 16 43 56 -1 27 25 25 25 68 25 39 8 30 56 -1 39 39 30 30 -1 -1 -1 19 30 30 -1 56 30 51 64 25 30 43 47 -1 8 8 47 -1 56 19 56 24 24 30 56 43 56 -1 39 56 -1 -1 19 8 24 8 39 61 48 24 24 39 48 36 27 24 8 39 
39 4 56 56 -1 4 32 56 16 27 4 4 4 68 4 39 4 32 56 56 39 39 32 32 53 4 53 4 32 16 32 56 -1 60 64 4 72 60 56 -1 56 56 32 4 42 56 56 42 56 32 56 39 4 39 -1 56 -1 4 56 56 4 32 39 61 56 39 4 39 32 68 27 32 32 39 
21 27 7 27 27 27 7 -1 59 27 51 36 59 68 27 59 27 -1 27 27 21 -1 30 17 7 56 56 -1 30 7 17 56 72 51 64 27 17 72 59 21 72 21 27 7 56 56 56 72 56 72 21 21 7 56 56 -1 -1 7 27 -1 27 27 23 51 50 21 7 17 56 36 27 72 -1 27 
50 48 7 19 54 46 7 -1 41 27 48 48 41 68 48 41 41 55 -1 -1 48 41 48 46 48 53 53 18 53 41 53 46 54 51 64 48 55 7 50 53 48 -1 46 53 46 46 -1 48 -1 37 -1 41 7 -1 -1 -1 -1 41 19 -1 46 41 46 46 48 41 7 41 48 64 50 19 55 50 
50 -1 50 53 1 1 -1 6 41 27 1 1 1 68 1 41 4 6 56 53 6 41 10 6 53 1 53 4 53 6 53 46 23 51 64 1 11 6 50 53 12 -1 11 1 42 5 23 11 10 37 -1 10 4 -1 4 7 41 -1 41 41 4 41 10 10 50 37 1 41 10 64 50 23 37 12 
50 5 50 19 5 -1 41 50 41 27 22 5 45 68 5 41 5 67 27 -1 41 41 -1 41 50 5 53 19 22 41 19 46 28 60 64 5 11 60 50 41 41 -1 45 5 45 -1 45 50 22 28 -1 22 67 19 56 27 19 41 -1 41 45 45 22 22 50 41 5 41 22 64 45 19 27 45 
39 15 50 56 52 16 43 52 -1 52 56 52 15 68 15 -1 8 55 56 56 55 55 56 55 47 53 53 55 61 16 43 56 52 51 64 15 52 72 -1 15 8 8 52 15 52 15 56 38 56 61 38 43 -1 8 56 -1 -1 41 41 -1 16 8 39 61 50 55 52 15 56 52 50 72 8 52 
39 4 24 45 -1 16 37 24 16 27 4 4 45 68 4 39 -1 32 27 27 37 39 32 32 -1 -1 24 4 32 16 29 46 -1 -1 64 4 69 -1 47 -1 16 16 32 4 45 -1 45 24 24 37 64 33 4 24 4 27 46 4 45 16 -1 32 39 61 -1 24 24 39 32 64 -1 -1 32 39 
73 42 47 45 16 45 32 52 -1 -1 63 42 45 68 42 41 8 30 27 27 32 41 28 32 47 53 53 9 -1 16 28 -1 -1 60 64 42 42 49 47 53 8 8 -1 30 -1 -1 31 42 40 28 58 42 42 8 32 27 41 41 45 8 32 -1 32 -1 60 44 30 41 32 68 45 32 8 9 
39 10 70 30 10 10 23 23 53 70 -1 10 10 68 10 39 29 23 70 53 23 39 10 -1 48 10 53 70 22 23 23 46 23 51 64 10 23 70 70 -1 48 29 32 -1 46 70 23 30 10 70 70 10 67 39 39 23 46 10 22 39 39 32 -1 10 48 39 10 39 10 68 -1 23 70 39 
48 10 48 61 10 10 43 56 61 61 -1 10 10 68 10 12 61 46 56 56 48 51 10 46 48 10 48 61 61 51 61 -1 61 51 64 10 11 48 48 62 48 61 61 10 61 61 31 48 10 61 51 10 61 61 61 51 46 10 22 61 61 -1 10 -1 48 51 10 51 10 68 61 46 61 61 
50 48 50 60 60 58 48 50 48 48 48 48 48 68 48 60 60 67 56 56 48 50 48 60 48 60 48 60 60 60 48 56 60 60 -1 48 69 60 50 60 48 50 48 65 65 60 56 48 -1 60 -1 65 60 48 56 50 48 50 50 50 -1 60 48 48 -1 -1 48 65 48 -1 50 60 48 50 
21 51 24 45 60 45 37 24 41 44 51 51 45 68 51 67 51 67 55 53 21 -1 51 37 -1 53 24 55 49 51 47 46 44 51 64 51 51 -1 47 21 48 21 44 51 -1 44 44 24 24 37 21 -1 67 24 39 21 41 37 41 55 24 44 39 51 -1 -1 24 -1 48 64 37 24 37 67 
50 -1 -1 30 1 1 7 -1 53 27 1 1 1 68 1 12 4 -1 56 53 7 50 10 17 -1 1 -1 4 30 7 17 46 23 60 64 1 17 7 47 53 12 56 11 1 65 5 23 24 24 30 2 10 7 24 4 7 7 1 5 52 24 30 10 10 48 24 -1 17 10 36 23 24 36 12 
39 15 52 30 52 29 17 52 41 52 51 52 15 68 15 -1 29 -1 56 53 17 39 58 17 65 53 53 52 30 -1 17 46 23 51 65 15 17 65 59 -1 15 -1 52 15 65 15 23 30 56 65 39 29 -1 39 39 17 41 41 41 15 39 41 39 51 65 -1 17 -1 32 36 23 23 36 52 
48 10 48 32 10 10 32 56 48 42 -1 10 10 -1 10 12 60 32 56 56 48 48 10 32 48 10 48 72 32 32 32 61 -1 51 64 10 69 48 48 54 48 56 32 10 42 60 32 48 -1 32 56 10 42 48 32 56 48 10 22 56 32 32 10 10 48 48 10 32 -1 -1 32 32 32 12 
64 36 64 36 64 36 36 36 72 42 68 36 36 68 36 64 64 36 64 64 64 64 68 36 64 64 64 72 68 36 36 68 68 64 64 36 -1 64 64 64 64 64 36 36 65 64 36 36 64 64 64 36 36 36 68 36 64 64 64 52 64 68 68 68 -1 64 36 36 -1 -1 64 64 36 52 
50 27 50 45 27 45 23 23 72 27 62 72 45 68 27 45 60 23 27 27 37 50 58 -1 60 60 60 -1 30 23 23 46 23 60 64 27 72 -1 50 60 72 29 27 62 45 -1 23 72 37 37 -1 29 27 27 27 27 50 50 45 50 -1 45 -1 61 50 37 23 23 32 64 -1 23 -1 27 
60 60 24 -1 60 45 23 23 72 72 48 47 45 68 60 60 60 23 72 3 23 60 30 -1 -1 60 24 72 30 23 3 46 23 60 64 60 72 60 47 60 72 29 32 23 45 3 23 24 24 60 24 29 60 24 32 72 19 23 19 72 -1 32 23 46 60 24 24 23 32 64 23 -1 -1 45 
37 27 47 71 27 16 37 55 -1 27 48 36 40 68 27 40 8 36 27 27 37 55 32 32 47 53 47 -1 32 16 47 61 -1 60 64 27 -1 -1 47 53 -1 8 32 37 42 70 32 -1 40 37 70 36 27 8 32 -1 55 37 27 8 32 8 70 61 48 37 36 36 32 36 -1 -1 -1 27 
-1 12 50 45 52 12 20 52 40 -1 12 52 -1 68 12 12 52 67 27 27 0 20 12 20 47 12 53 9 61 67 43 61 42 52 64 12 52 20 50 0 12 15 9 12 42 12 45 42 20 37 0 52 -1 39 39 27 50 12 45 52 39 9 39 61 50 67 12 52 12 52 27 45 27 -1 
