32
1 19
-1 7 20 7 -1 4 11 -1 -1 -1 -1 -1 7 -1 7 4 26 10 -1 11 -1 7 -1 4 -1 -1 18 -1 7 5 13 8 
7 -1 7 7 23 7 23 -1 7 7 7 23 -1 7 7 23 26 21 7 7 7 7 7 -1 7 7 12 7 7 7 28 23 
20 7 -1 21 5 -1 19 5 20 7 5 19 21 31 5 5 31 -1 17 -1 -1 -1 5 31 -1 -1 18 5 20 5 20 -1 
7 7 21 -1 15 7 11 -1 -1 7 7 7 7 8 7 -1 26 21 15 21 8 -1 7 15 7 7 -1 7 7 26 13 8 
-1 23 5 15 -1 -1 11 0 0 0 0 0 7 -1 5 -1 31 5 0 5 0 15 0 -1 -1 0 15 0 7 5 13 5 
4 7 -1 7 -1 -1 22 -1 31 7 -1 4 7 4 -1 -1 31 2 14 2 2 2 -1 4 2 -1 29 -1 7 -1 13 -1 
11 23 19 11 11 22 -1 11 11 11 11 -1 11 11 22 22 31 19 11 -1 11 19 -1 11 22 11 18 11 11 22 13 19 
-1 -1 5 -1 0 -1 11 -1 0 -1 0 0 -1 0 -1 3 28 21 0 5 0 -1 0 1 0 -1 3 -1 -1 5 28 5 
-1 7 20 -1 0 31 11 0 -1 -1 0 0 21 -1 7 3 31 20 0 20 -1 -1 0 31 0 0 3 0 20 26 13 -1 
-1 7 7 7 0 7 11 -1 -1 -1 0 -1 7 0 7 4 28 10 0 11 0 7 0 11 0 0 7 0 7 7 13 8 
-1 7 5 7 0 -1 11 0 0 0 -1 0 7 0 5 5 31 -1 0 5 0 17 0 4 -1 -1 18 0 7 5 13 5 
-1 23 19 7 0 4 -1 0 0 -1 0 -1 7 0 7 23 31 10 0 6 0 7 0 -1 0 0 18 0 7 5 13 23 
7 -1 21 7 7 7 11 -1 21 7 7 7 -1 7 7 21 26 21 26 21 7 -1 7 1 7 7 -1 7 7 26 26 7 
-1 7 31 8 -1 4 11 0 -1 0 0 0 7 -1 5 4 31 10 0 31 0 8 0 4 0 0 8 0 30 5 -1 -1 
7 7 5 7 5 -1 22 -1 7 7 5 7 7 5 -1 5 26 18 -1 5 5 7 5 5 5 5 18 5 7 5 18 5 
4 23 5 -1 -1 -1 22 3 3 4 5 23 21 4 5 -1 26 18 -1 5 4 -1 5 -1 4 5 3 5 18 5 18 5 
26 26 31 26 31 31 31 28 31 28 31 31 26 31 26 26 -1 26 26 31 28 26 31 31 31 26 -1 28 -1 26 28 -1 
10 21 -1 21 5 2 19 21 20 10 -1 10 21 10 18 18 26 -1 -1 2 -1 -1 5 18 2 2 18 5 18 5 18 2 
-1 7 17 15 0 14 11 0 0 0 0 0 26 0 -1 -1 26 -1 -1 17 0 15 0 15 0 -1 -1 0 -1 26 -1 8 
11 7 -1 21 5 2 -1 5 20 11 5 6 21 31 5 5 31 2 17 -1 2 2 6 11 2 2 18 5 20 5 20 2 
-1 7 -1 8 0 2 11 0 -1 0 0 0 7 0 5 4 28 -1 0 2 -1 2 0 4 0 0 28 0 -1 5 -1 2 
7 7 -1 -1 15 2 19 -1 -1 7 17 7 -1 8 7 -1 26 -1 15 2 2 -1 5 15 2 2 3 7 7 5 13 2 
-1 7 5 7 0 -1 -1 0 0 0 0 0 7 0 5 5 31 5 0 6 0 5 -1 4 -1 0 18 0 7 5 13 5 
4 -1 31 15 -1 4 11 1 31 11 4 -1 1 4 5 -1 31 18 15 11 4 15 4 -1 4 4 12 4 7 5 13 -1 
-1 7 -1 7 -1 2 22 0 0 0 -1 0 7 0 5 4 31 2 0 2 0 2 -1 4 -1 0 18 0 7 5 13 2 
-1 7 -1 7 0 -1 11 -1 0 0 -1 0 7 0 5 5 26 2 -1 2 0 2 0 4 0 -1 18 0 7 5 18 2 
18 12 18 -1 15 29 18 3 3 7 18 18 -1 8 18 3 -1 18 -1 18 28 3 18 12 18 18 -1 7 -1 -1 18 16 
-1 7 5 7 0 -1 11 -1 0 0 0 0 7 0 5 5 28 5 0 5 0 7 0 4 0 0 7 -1 7 5 13 5 
7 7 20 7 7 7 11 -1 20 7 7 7 7 30 7 18 -1 18 -1 20 -1 7 7 7 7 7 -1 7 -1 26 -1 16 
5 7 5 26 5 -1 22 5 26 7 5 5 26 5 5 5 26 5 26 5 5 5 5 5 5 5 -1 5 26 -1 26 5 
13 28 20 13 13 13 13 28 13 13 13 13 26 -1 18 18 28 18 -1 20 -1 13 13 13 13 18 18 13 -1 26 -1 13 
8 23 -1 8 5 -1 19 5 -1 8 5 23 7 -1 5 5 -1 2 8 2 2 2 5 -1 2 2 16 5 16 5 13 -1 
