35
1 21
-1 28 12 12 31 20 20 28 22 13 11 -1 -1 -1 20 33 13 11 33 13 11 12 13 12 -1 24 24 13 -1 25 -1 -1 31 -1 12 
28 -1 3 -1 8 20 20 9 3 -1 17 17 3 9 20 3 9 -1 3 17 -1 8 8 16 3 28 20 9 -1 -1 9 17 9 9 29 
12 3 -1 -1 8 8 17 17 3 30 15 17 -1 12 23 -1 17 -1 -1 17 3 12 24 12 -1 15 24 8 3 34 -1 12 15 15 -1 
12 -1 -1 -1 8 8 20 9 -1 1 15 17 2 9 20 2 9 1 -1 18 1 8 8 18 2 15 24 8 1 1 2 8 9 18 2 
31 8 8 8 -1 -1 27 33 -1 27 27 31 21 27 23 33 23 23 23 23 5 -1 8 -1 22 31 23 -1 27 8 22 -1 31 -1 23 
20 20 8 8 -1 -1 20 20 4 20 20 20 21 27 20 32 20 20 23 20 -1 4 8 4 20 20 20 4 20 8 20 4 20 4 20 
20 20 17 20 27 20 -1 16 22 16 27 20 23 22 20 25 -1 16 19 16 -1 27 -1 16 22 -1 20 -1 25 25 22 25 20 16 16 
28 9 17 9 33 20 16 -1 27 -1 17 17 17 9 20 33 -1 -1 33 16 -1 33 30 16 17 28 20 9 -1 9 -1 17 9 -1 16 
22 3 3 -1 -1 4 22 27 -1 27 27 24 3 22 23 3 27 3 3 18 3 4 -1 4 22 29 24 -1 3 -1 22 4 27 4 29 
13 -1 30 1 27 20 16 -1 27 -1 27 13 13 -1 20 32 -1 1 3 13 1 27 13 16 13 28 20 -1 -1 1 -1 32 -1 7 16 
11 17 15 15 27 20 27 17 27 27 -1 -1 11 19 20 -1 19 11 19 -1 11 27 19 19 11 15 24 -1 11 25 11 11 15 15 15 
-1 17 17 17 31 20 20 17 24 13 -1 -1 0 0 20 10 17 -1 17 10 -1 12 24 31 -1 24 24 10 0 17 0 -1 17 0 17 
-1 3 -1 2 21 21 23 17 3 13 11 0 -1 0 23 2 23 2 2 13 11 -1 23 -1 0 31 23 13 0 31 0 -1 31 0 2 
-1 9 12 9 27 27 22 9 22 -1 19 0 0 -1 23 19 9 19 19 -1 9 12 -1 22 0 22 24 -1 0 9 0 0 9 0 16 
20 20 23 20 23 20 20 20 23 20 20 20 23 23 -1 32 23 20 23 23 -1 23 23 -1 26 20 -1 20 20 20 20 23 20 20 23 
33 3 -1 2 33 32 25 33 3 32 -1 10 2 19 32 -1 17 2 2 10 32 12 24 12 2 -1 24 10 25 25 2 25 -1 -1 2 
13 9 17 9 23 20 -1 -1 27 -1 19 17 23 9 23 17 -1 -1 19 -1 6 23 6 -1 17 6 23 -1 7 34 7 23 9 7 -1 
11 -1 -1 1 23 20 16 -1 3 1 11 -1 2 19 20 2 -1 -1 2 -1 1 12 16 16 2 15 24 16 1 1 2 11 -1 7 2 
33 3 -1 -1 23 23 19 33 3 3 19 17 2 19 23 2 19 2 -1 -1 3 12 23 -1 2 15 23 8 3 3 2 23 15 -1 2 
13 17 17 18 23 20 16 16 18 13 -1 10 13 -1 23 10 -1 -1 -1 -1 11 13 13 16 11 15 23 10 13 17 13 11 17 18 16 
11 -1 3 1 5 -1 -1 -1 3 1 11 -1 11 9 -1 32 6 1 3 11 -1 5 6 14 11 6 14 6 1 1 7 11 -1 7 16 
12 8 12 8 -1 4 27 33 4 27 27 12 -1 12 23 12 23 12 12 13 5 -1 8 4 12 31 23 4 12 8 12 4 31 4 12 
13 8 24 8 8 8 -1 30 -1 13 19 24 23 -1 23 24 6 16 23 13 6 8 -1 -1 -1 6 24 6 13 8 -1 23 13 8 16 
12 16 12 18 -1 4 16 16 4 16 19 31 -1 22 -1 12 -1 16 -1 16 14 4 -1 -1 22 31 14 4 12 8 22 -1 31 4 16 
-1 3 -1 2 22 20 22 17 22 13 11 -1 0 0 26 2 17 2 2 11 11 12 -1 22 -1 -1 -1 11 0 25 0 0 15 0 2 
24 28 15 15 31 20 -1 28 29 28 15 24 31 22 20 -1 6 15 15 15 6 31 6 31 -1 -1 24 6 -1 -1 15 -1 15 15 29 
24 20 24 24 23 20 20 20 24 20 24 24 23 24 -1 24 23 24 23 23 14 23 24 14 -1 24 -1 20 24 25 24 23 20 24 24 
13 9 8 8 -1 4 -1 9 -1 -1 -1 10 13 -1 20 10 -1 16 8 10 6 4 6 4 11 6 20 -1 9 8 9 4 9 4 16 
-1 -1 3 1 27 20 25 -1 3 -1 11 0 0 0 20 25 7 1 3 13 1 12 13 12 0 -1 24 9 -1 1 0 0 9 0 16 
25 -1 34 1 8 8 25 9 -1 1 25 17 31 9 20 25 34 1 3 17 1 8 8 8 25 -1 25 8 1 -1 9 25 9 8 -1 
-1 9 -1 2 22 20 22 -1 22 -1 11 0 0 0 20 2 7 2 2 13 7 12 -1 22 0 15 24 9 0 9 -1 0 9 0 2 
-1 17 12 8 -1 4 25 17 4 32 11 -1 -1 0 23 25 23 11 23 11 11 4 23 -1 0 -1 23 4 0 25 0 -1 -1 0 12 
31 9 15 9 31 20 20 9 27 -1 15 17 31 9 20 -1 9 -1 15 17 -1 31 13 31 15 15 20 9 9 9 9 -1 -1 15 15 
-1 9 15 18 -1 4 16 -1 4 7 15 0 0 0 20 -1 7 7 -1 18 7 4 8 4 0 15 24 4 0 8 0 0 15 -1 15 
12 29 -1 2 23 20 16 16 29 16 15 17 2 16 23 2 -1 2 2 16 16 12 16 16 2 29 24 16 16 -1 2 12 15 15 -1 
