60
0 4
-1 29 57 -1 28 12 12 54 16 36 16 12 -1 12 12 36 12 57 27 36 38 44 57 16 26 12 -1 3 12 12 16 57 3 12 57 44 3 12 12 26 12 13 44 12 -1 13 12 3 44 44 29 26 44 26 44 44 13 -1 54 16 
29 -1 -1 36 43 53 29 10 16 53 -1 16 29 29 16 36 2 2 43 36 21 2 57 2 10 10 24 16 16 -1 10 17 25 16 57 25 29 29 29 24 16 10 21 2 21 29 25 36 57 10 29 26 21 2 10 21 29 2 10 10 
57 -1 -1 44 43 53 43 17 16 53 1 16 16 16 16 21 -1 -1 43 55 21 -1 57 -1 53 23 53 16 16 1 16 17 53 16 57 25 29 53 16 53 16 10 21 -1 21 30 25 28 57 21 16 53 21 -1 17 21 31 -1 10 16 
-1 36 44 -1 47 27 12 32 32 36 32 27 0 12 27 36 12 31 27 36 36 44 57 32 26 32 0 -1 47 36 32 27 -1 27 45 44 -1 36 32 48 32 36 44 27 -1 27 27 -1 44 31 31 32 44 32 36 36 31 0 32 44 
28 43 43 47 -1 28 43 59 50 53 28 28 28 28 28 47 28 43 43 50 38 43 57 28 43 43 43 28 -1 50 28 50 43 28 43 43 47 28 28 43 43 50 59 -1 59 47 43 28 47 28 -1 37 59 28 59 50 50 43 28 -1 
12 53 53 27 28 -1 12 54 16 53 16 -1 11 -1 11 53 11 31 53 41 38 42 57 16 53 12 53 11 11 12 16 -1 53 11 45 38 54 11 11 53 45 13 -1 53 42 13 14 28 54 31 31 37 53 -1 -1 14 13 31 54 42 
12 29 43 12 43 12 -1 16 40 53 16 12 -1 12 46 36 12 43 40 46 38 43 57 16 25 12 12 12 12 12 16 12 12 12 -1 25 29 12 12 25 -1 46 38 -1 12 34 -1 45 44 28 29 32 45 43 44 46 40 34 16 16 
54 10 17 32 59 54 16 -1 30 58 -1 16 16 41 54 54 10 -1 31 41 41 49 57 30 10 10 24 31 49 10 -1 17 30 32 45 25 54 54 32 24 30 10 59 17 54 30 25 45 54 -1 30 32 54 17 -1 49 31 17 10 -1 
16 16 16 32 50 16 40 30 -1 58 16 16 16 16 16 50 -1 16 40 50 21 16 57 16 30 16 30 16 16 50 -1 50 30 16 40 25 50 16 16 30 -1 16 59 16 16 30 40 28 45 28 -1 32 45 16 30 50 40 16 30 16 
36 53 53 36 53 53 53 58 58 -1 58 53 53 53 53 -1 53 53 53 36 15 20 57 53 53 53 53 53 53 36 58 53 53 53 53 38 15 53 20 53 53 20 53 53 58 53 53 36 58 53 53 53 53 -1 58 53 53 53 -1 53 
16 -1 1 32 28 16 16 -1 16 58 -1 16 16 41 16 41 -1 7 43 41 41 2 57 16 -1 -1 24 16 16 1 7 16 25 16 16 25 29 16 16 24 16 -1 59 25 16 30 25 28 39 7 16 26 53 24 7 41 41 2 -1 7 
12 16 16 27 28 -1 12 16 16 53 16 -1 -1 -1 -1 37 -1 31 27 37 38 16 57 16 16 12 12 -1 -1 12 16 -1 12 -1 12 38 37 -1 -1 24 12 13 5 12 12 13 14 28 44 28 28 37 14 5 5 14 13 31 16 16 
-1 29 16 0 28 11 -1 16 16 53 16 -1 -1 -1 11 36 -1 16 38 36 38 44 57 16 25 -1 0 11 11 -1 16 11 -1 11 6 25 29 -1 -1 25 6 13 38 6 -1 13 6 3 44 28 29 32 14 32 44 14 13 0 16 16 
12 29 16 12 28 -1 12 41 16 53 41 -1 -1 -1 -1 41 11 31 27 41 41 41 57 16 25 12 12 11 11 12 45 5 12 11 45 25 29 11 11 48 45 -1 5 12 12 -1 14 45 45 28 28 32 14 5 5 14 -1 12 41 16 
12 16 16 27 28 11 46 54 16 53 16 -1 11 -1 -1 37 11 31 46 46 38 52 57 16 46 46 12 11 11 12 16 11 12 11 45 38 37 11 11 46 45 13 11 46 12 13 -1 28 45 28 28 37 -1 52 52 -1 13 31 54 52 
36 36 21 36 47 53 36 54 50 -1 41 37 36 41 37 -1 21 21 38 36 -1 20 57 21 53 36 36 36 47 36 58 36 36 36 47 38 -1 36 20 53 36 20 21 53 21 47 36 36 54 21 36 37 21 9 36 21 41 36 9 42 
12 2 -1 12 28 11 12 10 -1 53 -1 -1 -1 11 11 21 -1 2 27 41 21 2 57 -1 10 10 12 11 -1 12 -1 11 12 11 12 25 29 11 11 24 8 10 59 2 12 30 12 28 44 28 8 32 59 2 10 14 13 2 10 -1 
57 2 -1 31 43 31 43 -1 16 53 7 31 16 31 31 21 2 -1 31 50 21 2 57 2 10 10 24 31 16 2 7 -1 30 31 57 25 54 31 31 24 56 10 21 2 21 30 25 28 54 7 31 32 21 2 7 21 31 2 10 7 
27 43 43 27 43 53 40 31 40 53 43 27 38 27 46 38 27 31 -1 46 38 38 57 43 53 43 53 -1 53 38 38 27 38 27 40 38 27 53 -1 53 -1 46 38 -1 27 27 -1 27 45 31 31 38 53 -1 53 46 40 31 53 42 
36 36 55 36 50 41 46 41 50 36 41 37 36 41 46 36 41 50 46 -1 41 55 57 46 41 46 36 36 50 36 50 50 36 36 46 46 -1 36 41 41 46 -1 55 46 36 41 -1 36 54 50 -1 37 55 37 36 -1 55 36 41 50 
38 21 21 36 38 38 38 41 21 15 41 38 38 41 38 -1 21 21 38 41 -1 -1 57 21 41 38 38 38 38 41 38 38 38 38 38 38 15 36 -1 41 38 -1 21 21 21 41 41 36 44 21 41 38 21 15 36 21 41 21 15 42 
44 2 -1 44 43 42 43 49 16 20 2 16 44 41 52 20 2 2 38 55 -1 -1 57 2 53 23 44 44 49 2 16 49 38 16 52 44 20 44 20 48 52 20 -1 2 -1 52 41 44 44 -1 49 38 -1 2 44 -1 55 2 54 42 
57 57 57 57 57 57 57 57 57 57 57 57 57 57 57 57 57 57 57 57 57 57 -1 57 57 57 57 57 57 57 57 57 57 57 57 57 57 57 57 57 57 57 57 57 57 57 57 57 57 57 57 57 57 57 57 57 57 -1 57 57 
16 2 -1 32 28 16 16 30 16 53 16 16 16 16 16 21 -1 2 43 46 21 2 57 -1 25 -1 25 16 16 2 -1 16 25 16 45 25 29 16 16 25 16 16 21 2 16 30 25 28 45 21 16 32 21 2 30 21 16 2 30 16 
26 10 53 26 43 53 25 10 30 53 -1 16 25 25 46 53 10 10 53 41 41 53 57 25 -1 -1 -1 45 53 10 -1 53 25 32 45 25 53 53 25 -1 30 10 53 25 25 30 25 45 39 10 30 26 53 -1 10 53 25 26 10 10 
12 10 23 32 43 12 12 10 16 53 -1 12 -1 12 46 36 10 10 43 46 38 23 57 -1 -1 -1 24 12 12 12 23 12 -1 32 12 -1 29 12 12 24 32 10 38 -1 12 13 -1 32 39 10 29 32 46 24 10 46 13 12 10 10 
-1 24 53 0 43 53 12 24 30 53 24 12 0 12 12 36 12 24 53 36 38 44 57 25 -1 24 -1 3 53 12 24 57 51 51 57 25 3 51 12 24 51 24 44 25 0 30 25 3 39 24 29 -1 53 24 44 44 13 0 24 16 
3 16 16 -1 28 11 12 31 16 53 16 -1 11 11 11 36 11 31 -1 36 38 44 57 16 45 12 3 -1 11 12 45 -1 3 -1 45 38 3 11 11 48 18 13 11 18 3 -1 18 3 45 31 31 32 45 18 11 14 31 31 45 16 
12 16 16 47 -1 11 12 49 16 53 16 -1 11 11 11 47 -1 16 53 50 38 49 57 16 53 12 53 11 -1 50 16 11 53 11 47 38 47 11 11 53 16 13 11 4 12 47 14 -1 47 -1 -1 37 53 -1 11 14 13 16 16 4 
12 -1 1 36 50 12 12 10 50 36 1 12 -1 12 12 36 12 2 38 36 41 2 57 2 10 12 12 12 50 -1 16 50 12 12 57 25 -1 12 12 57 12 -1 38 2 12 13 41 36 57 50 -1 32 54 2 36 36 13 -1 10 16 
16 10 16 32 28 16 16 -1 -1 58 7 16 16 45 16 58 -1 7 38 50 38 16 57 -1 -1 23 24 45 16 16 -1 16 -1 32 45 25 32 16 32 24 8 10 38 16 16 -1 25 45 45 7 8 32 45 24 7 52 40 16 -1 7 
57 17 17 27 50 -1 12 17 50 53 16 -1 11 5 11 36 11 -1 27 50 38 49 57 16 53 12 57 -1 11 50 16 -1 12 11 57 38 27 11 11 57 56 13 5 17 12 27 14 27 57 -1 -1 37 14 5 5 56 -1 -1 54 16 
3 25 53 -1 43 53 12 30 30 53 25 12 -1 12 12 36 12 30 38 36 38 38 57 25 25 -1 51 3 53 12 -1 12 -1 -1 12 25 3 12 -1 25 -1 13 38 25 3 30 25 3 44 30 29 -1 53 -1 30 53 40 3 30 16 
12 16 16 27 28 11 12 32 16 53 16 -1 11 11 11 36 11 31 27 36 38 16 57 16 32 32 51 -1 11 12 32 11 -1 -1 45 32 27 11 11 32 32 13 11 27 12 27 14 27 45 28 28 32 14 32 11 14 13 31 32 16 
57 57 57 45 43 45 -1 45 40 53 16 12 6 45 45 47 12 57 40 46 38 52 57 45 45 12 57 45 47 57 45 57 12 45 -1 25 47 12 12 48 6 45 38 6 12 -1 6 45 45 57 57 32 45 43 48 52 40 -1 45 52 
44 25 25 44 43 38 25 25 25 38 25 38 25 25 38 38 25 25 38 46 38 44 57 25 25 -1 25 38 38 25 25 38 25 32 25 -1 44 25 -1 25 32 25 38 25 -1 48 25 44 44 44 29 32 44 25 44 44 25 44 25 42 
3 29 29 -1 47 54 29 54 50 15 29 37 29 29 37 -1 29 54 27 -1 15 20 57 29 53 29 3 3 47 -1 32 27 3 27 47 44 -1 -1 20 54 32 19 44 53 3 47 19 -1 54 47 19 37 54 37 -1 19 55 29 54 54 
12 29 53 36 28 11 12 54 16 53 16 -1 -1 11 11 36 11 31 53 36 36 44 57 16 53 12 51 11 11 12 16 11 12 11 12 25 -1 -1 11 53 12 13 11 53 12 13 12 36 44 28 28 -1 53 -1 36 14 13 12 53 16 
12 29 16 32 28 11 12 32 16 20 16 -1 -1 11 11 20 11 31 -1 41 -1 20 57 16 25 12 12 11 11 12 32 11 -1 11 12 -1 20 11 -1 25 18 20 -1 18 12 13 18 28 44 21 28 32 14 18 11 14 13 12 32 42 
26 24 53 48 43 53 25 24 30 53 24 24 25 48 46 53 24 24 53 41 41 48 57 25 -1 24 24 48 53 57 24 57 25 32 48 25 54 53 25 -1 48 24 48 25 48 48 25 48 -1 24 30 26 48 24 48 48 48 48 24 24 
12 16 16 32 43 45 -1 30 -1 53 16 12 6 45 45 36 8 56 -1 46 38 52 57 16 30 32 51 18 16 12 8 56 -1 32 6 32 32 12 18 48 -1 45 38 6 12 -1 6 45 45 56 8 32 45 18 48 56 -1 34 30 16 
13 10 10 36 50 13 46 10 16 20 -1 13 13 -1 13 20 10 10 46 -1 -1 20 57 16 10 10 24 13 13 -1 10 13 13 13 45 25 19 13 20 24 45 -1 13 25 13 13 -1 36 45 10 19 26 14 13 10 19 13 29 10 10 
44 21 21 44 59 -1 38 59 59 53 59 5 38 5 11 21 59 21 38 55 21 -1 57 21 53 38 44 11 11 38 38 5 38 11 38 38 44 11 -1 48 38 13 -1 21 -1 13 38 44 44 21 31 38 21 5 5 21 13 21 54 -1 
12 2 -1 27 -1 53 -1 17 16 53 25 12 6 12 46 53 2 2 -1 46 21 2 57 2 25 -1 25 18 4 2 16 17 25 27 6 25 53 53 18 25 6 25 21 -1 12 27 6 28 57 21 4 32 53 -1 53 21 40 2 25 4 
-1 21 21 -1 59 42 12 54 16 58 16 12 -1 12 12 21 12 21 27 36 21 -1 57 16 25 12 0 3 12 12 16 12 3 12 12 -1 3 12 12 48 12 13 -1 12 -1 48 12 3 -1 21 29 26 21 21 -1 21 13 0 54 42 
13 29 30 27 47 13 34 30 30 53 30 13 13 -1 13 47 30 30 27 41 41 52 57 30 30 13 30 -1 47 13 -1 27 30 27 -1 48 47 13 13 48 -1 13 13 27 48 -1 14 -1 -1 30 30 32 -1 52 48 52 13 34 30 52 
12 25 25 27 43 14 -1 25 40 53 25 14 6 14 -1 36 12 25 -1 -1 41 41 57 25 25 -1 25 18 14 41 25 14 25 14 6 25 19 12 18 25 6 -1 38 6 12 14 -1 36 39 25 19 32 14 18 36 14 14 34 25 52 
3 36 28 -1 28 28 45 45 28 36 28 28 3 45 28 36 28 28 27 36 36 44 57 28 45 32 3 3 -1 36 45 27 3 27 45 44 -1 36 28 48 45 36 44 28 3 -1 36 -1 45 28 28 32 45 28 36 36 45 3 45 28 
44 57 57 44 47 54 44 54 45 58 39 44 44 45 45 54 44 54 45 54 44 44 57 45 39 39 39 45 47 57 45 57 44 45 45 44 54 44 44 -1 45 45 44 57 -1 -1 39 45 -1 44 57 39 45 39 -1 44 45 -1 54 44 
44 10 21 31 28 31 28 -1 28 53 7 28 28 28 28 21 28 7 31 50 21 -1 57 21 10 10 24 31 -1 50 7 -1 30 28 57 44 47 28 21 24 56 10 21 21 21 30 25 28 44 -1 28 32 21 28 7 21 31 31 10 7 
29 29 16 31 -1 31 29 30 -1 53 16 28 29 28 28 36 8 31 31 -1 41 49 57 16 30 29 29 31 -1 -1 8 -1 29 28 57 29 19 28 28 30 8 19 31 4 29 30 19 28 57 28 -1 32 53 28 31 19 31 29 30 4 
26 26 53 32 37 37 32 32 32 53 26 37 32 32 37 37 32 32 38 37 38 38 57 32 26 32 -1 32 37 32 32 37 -1 32 32 32 37 -1 32 26 32 26 38 32 26 32 32 32 39 32 32 -1 53 32 37 37 40 26 32 32 
44 21 21 44 59 53 45 54 45 53 53 14 14 14 -1 21 59 21 53 55 21 -1 57 21 53 46 53 45 53 54 45 14 53 14 45 44 54 53 14 48 45 14 21 53 21 -1 14 45 45 21 53 53 -1 -1 -1 -1 55 21 54 -1 
26 2 -1 32 28 -1 43 17 16 -1 24 5 32 5 52 9 2 2 -1 37 15 2 57 2 -1 24 24 18 -1 2 24 5 -1 32 43 25 37 -1 18 24 18 13 5 -1 21 52 18 28 39 28 28 32 -1 -1 5 52 13 2 9 52 
44 10 17 36 59 -1 44 -1 30 58 7 5 44 5 52 36 10 7 53 36 36 44 57 30 10 10 44 11 11 36 7 5 30 11 48 44 -1 36 11 48 48 10 5 53 -1 48 36 36 -1 7 31 37 -1 5 -1 52 13 48 -1 7 
44 21 21 36 50 14 46 49 50 53 41 14 14 14 -1 21 14 21 46 -1 21 -1 57 21 53 46 44 14 14 36 52 56 53 14 52 44 19 14 14 48 56 19 21 21 21 52 14 36 44 21 19 37 -1 52 52 -1 -1 21 54 52 
13 29 31 31 50 13 40 31 40 53 41 13 13 -1 13 41 13 31 40 55 41 55 57 16 25 13 13 31 13 13 40 -1 40 13 40 25 55 13 13 48 -1 13 13 40 13 13 14 45 45 31 31 40 55 13 13 -1 -1 31 40 55 
-1 2 -1 0 43 31 34 17 16 53 2 31 0 12 31 36 2 2 31 36 21 2 -1 2 26 12 0 31 16 -1 16 -1 3 31 -1 44 29 12 12 48 34 29 21 2 0 34 34 3 -1 31 29 26 21 2 48 21 31 -1 54 16 
54 10 10 32 28 54 16 10 30 -1 -1 16 16 41 54 9 10 10 53 41 15 54 57 30 10 10 24 45 16 10 -1 54 30 32 45 25 54 53 32 24 30 10 54 25 54 30 25 45 54 10 30 32 54 9 -1 54 40 54 -1 10 
16 10 16 44 -1 42 16 -1 16 53 7 16 16 16 52 42 -1 7 42 50 42 42 57 16 10 10 16 16 4 16 7 16 16 16 52 42 54 16 42 24 16 10 -1 4 42 52 52 28 44 7 4 32 -1 52 7 52 55 16 10 -1 
