94
12 82
-1 34 37 55 38 24 37 34 34 37 24 55 56 37 55 24 24 70 50 52 55 37 86 50 -1 76 88 38 55 55 24 66 24 37 24 66 34 -1 24 55 55 66 37 37 76 66 24 38 66 30 30 55 24 55 37 -1 37 42 24 24 37 52 55 -1 24 52 -1 55 24 37 66 34 55 86 37 24 24 55 55 24 55 66 24 70 66 37 55 69 37 37 24 55 37 24 
34 -1 34 34 46 46 46 34 34 34 34 55 56 28 34 46 46 61 50 61 46 34 93 43 34 76 71 38 -1 35 28 34 61 34 -1 34 61 46 34 46 46 61 67 28 61 61 -1 34 61 30 30 46 61 55 46 28 46 61 34 46 46 -1 61 28 34 46 35 46 46 61 28 34 35 71 60 60 28 46 55 46 93 35 34 70 61 92 55 34 28 74 46 28 46 61 
37 34 -1 50 65 65 79 21 50 21 79 62 91 91 79 64 79 50 50 50 50 -1 80 50 50 87 71 79 50 50 50 50 50 21 21 34 50 33 79 50 50 62 87 50 79 71 50 21 50 50 -1 50 50 65 79 50 91 87 79 50 74 50 -1 50 62 62 62 62 50 87 50 50 79 50 21 50 50 50 62 -1 62 65 79 70 74 33 87 -1 50 33 62 50 21 50 
55 34 50 -1 78 68 92 14 -1 92 79 55 75 55 -1 68 68 36 50 45 55 14 41 50 34 86 88 47 55 41 41 -1 48 92 8 34 8 55 47 55 55 -1 67 36 61 31 41 -1 8 41 8 36 47 55 72 -1 91 45 79 68 86 8 41 55 62 52 31 41 -1 48 55 34 55 41 21 36 55 55 68 14 55 35 79 70 48 92 55 14 8 50 48 14 -1 92 
38 46 65 78 -1 65 77 47 50 65 38 78 75 91 91 38 38 84 77 65 -1 65 80 50 38 81 71 -1 55 39 38 78 65 85 81 81 51 69 27 20 39 65 67 84 77 65 39 38 65 81 39 39 65 65 77 39 91 87 81 80 46 65 65 55 65 -1 81 65 78 65 81 65 65 75 84 65 65 -1 -1 38 27 -1 38 81 77 77 81 77 77 84 65 20 93 77 
24 46 65 68 65 -1 46 71 71 65 24 38 75 46 68 16 -1 75 71 65 65 65 75 59 16 76 71 38 30 75 24 71 65 37 71 71 75 24 16 65 65 65 67 75 75 71 16 38 71 30 71 65 65 65 46 65 75 71 24 16 75 65 65 24 16 -1 71 46 16 65 75 -1 65 75 75 -1 24 65 65 38 59 65 24 75 71 71 75 65 71 59 46 65 46 24 
37 46 79 92 77 46 -1 87 88 92 79 46 56 -1 79 60 46 43 77 54 46 37 86 43 37 76 88 46 13 46 46 92 76 37 46 72 75 -1 46 46 46 46 37 13 54 54 -1 92 69 46 46 46 54 67 -1 28 -1 87 76 46 -1 46 90 28 60 46 37 46 46 37 28 46 54 74 60 56 13 54 68 54 87 72 79 70 74 92 60 54 13 37 46 13 -1 54 
34 34 21 14 47 71 87 -1 34 21 34 47 91 91 -1 34 34 36 50 50 50 -1 87 50 34 87 71 47 34 35 50 14 50 21 -1 34 34 33 47 50 50 14 87 50 87 71 34 -1 34 35 -1 50 47 87 87 14 91 87 34 50 74 34 21 34 34 50 35 87 14 87 34 34 35 50 21 35 34 50 47 14 87 35 34 70 74 33 87 -1 34 33 50 14 14 50 
34 34 50 -1 50 71 88 34 -1 50 34 48 75 88 3 34 34 36 50 45 50 34 88 50 34 76 88 38 34 35 50 3 48 88 -1 34 -1 88 34 50 48 3 57 36 61 36 34 3 -1 35 -1 36 61 48 61 3 75 45 34 50 61 -1 41 55 34 50 48 41 3 48 36 34 35 50 84 36 34 50 48 14 53 35 34 70 48 50 55 34 -1 50 48 50 3 50 
37 34 21 92 65 65 92 21 50 -1 50 62 91 91 21 64 50 50 50 50 50 -1 80 50 50 87 71 80 50 50 50 92 50 21 21 34 50 33 62 50 50 62 87 50 87 71 50 21 50 50 -1 50 50 65 87 50 91 87 50 50 74 50 -1 50 62 62 62 62 50 87 50 50 87 50 21 50 50 50 62 21 62 65 50 70 74 92 87 -1 50 33 62 50 -1 50 
24 34 79 79 38 24 79 34 34 50 -1 38 75 76 79 24 24 90 50 52 79 79 93 50 -1 58 71 38 30 79 24 66 -1 37 24 34 90 24 24 79 32 30 67 50 40 52 90 38 32 90 32 90 24 90 79 24 79 87 -1 24 90 48 90 24 24 52 24 40 24 48 30 34 79 50 79 24 24 79 38 -1 90 58 -1 70 48 50 40 79 34 50 -1 50 93 24 
55 55 62 55 78 38 46 47 48 62 38 -1 91 55 55 38 38 84 50 52 55 62 80 50 38 86 71 38 55 55 38 55 48 55 38 66 48 55 -1 55 48 62 67 55 61 71 38 38 -1 64 48 55 38 48 72 -1 91 67 38 38 86 48 -1 55 62 62 48 55 38 48 55 48 55 71 84 38 38 55 -1 38 62 78 38 70 48 92 55 62 48 84 48 55 55 38 
56 56 91 75 75 75 56 91 75 91 75 91 -1 56 91 75 75 75 91 56 91 75 75 75 75 86 75 91 56 75 56 75 91 56 75 75 75 56 75 75 75 75 75 75 75 75 56 75 75 75 91 75 75 91 56 91 -1 75 86 75 75 75 75 91 75 75 75 56 75 56 75 75 56 75 75 -1 56 56 75 56 91 75 75 75 75 92 75 91 56 75 56 56 56 56 
37 28 91 55 91 46 -1 91 88 91 76 55 56 -1 91 60 46 43 91 43 91 37 88 43 76 76 88 91 -1 91 28 55 76 37 28 76 43 6 76 46 76 30 91 -1 76 43 6 55 76 30 91 43 76 76 6 28 6 91 76 43 6 28 91 28 76 76 63 46 46 37 28 88 54 43 60 43 -1 54 55 54 91 76 76 70 43 92 55 91 -1 43 46 -1 6 54 
55 34 79 -1 91 68 79 -1 3 21 79 55 91 91 -1 68 68 36 50 79 91 7 91 50 34 79 71 79 55 91 41 3 79 21 7 34 8 33 79 79 79 3 87 91 79 31 79 3 8 35 7 79 47 91 79 3 91 87 79 91 74 8 41 55 34 79 31 41 3 87 55 34 55 50 21 91 79 79 68 -1 91 35 79 70 48 92 55 7 8 33 79 -1 3 50 
24 46 64 68 38 16 60 34 34 64 24 38 75 60 68 -1 -1 75 50 52 46 74 86 59 16 86 71 38 30 75 24 68 90 60 24 64 75 60 16 46 60 64 67 59 60 71 16 38 90 64 30 90 24 67 60 67 60 67 24 16 -1 60 64 24 -1 16 24 64 16 52 75 16 60 74 60 60 24 46 68 38 59 64 24 75 74 92 60 86 60 74 64 60 60 24 
24 46 79 68 38 -1 46 34 34 50 24 38 75 46 68 -1 -1 75 50 52 46 34 80 59 -1 76 71 38 30 46 24 68 24 37 24 34 75 24 -1 46 46 30 67 59 60 71 -1 38 38 30 30 46 24 65 46 24 46 67 24 -1 15 46 38 24 15 5 24 46 -1 52 30 5 35 59 60 5 24 46 68 38 59 35 24 70 48 92 60 80 34 59 46 80 46 24 
70 61 50 36 84 75 43 36 36 50 90 84 75 43 36 75 75 -1 84 43 51 84 75 43 36 86 75 84 70 75 70 45 84 84 36 70 -1 43 68 51 51 61 84 -1 61 36 51 36 84 90 36 -1 61 84 84 51 75 45 86 43 75 36 90 70 90 51 70 51 51 61 -1 45 55 75 84 -1 43 84 68 51 59 70 90 70 -1 84 84 86 36 43 51 43 36 61 
50 50 50 50 77 71 77 50 50 50 50 50 91 91 50 50 50 84 -1 50 50 50 93 50 50 76 71 77 50 50 50 50 50 85 50 50 50 85 50 50 50 50 85 50 77 71 50 50 50 50 -1 50 50 91 77 50 91 71 50 50 50 50 50 50 50 50 50 50 50 50 50 50 77 50 84 50 50 -1 77 50 91 77 50 70 77 -1 84 50 50 50 50 50 85 50 
52 61 50 45 65 65 54 50 45 50 52 52 56 43 79 52 52 43 50 -1 50 50 73 -1 52 76 71 52 43 50 50 45 52 89 52 72 45 54 52 50 52 61 57 23 54 -1 54 52 52 50 23 45 -1 65 -1 72 54 45 52 23 54 52 65 52 52 52 45 52 45 52 43 45 54 23 73 45 52 54 65 54 59 65 52 70 77 50 87 54 54 23 52 50 54 54 
55 46 50 55 -1 65 46 50 50 50 79 55 91 91 91 46 46 51 50 50 -1 50 39 50 38 81 71 4 55 39 46 55 40 91 39 39 51 46 27 -1 39 39 91 91 40 51 39 38 91 39 39 39 65 91 77 39 91 91 79 91 46 41 65 55 65 4 39 40 39 91 51 50 55 39 60 39 91 4 4 39 91 4 79 70 77 50 40 91 91 50 46 -1 46 50 
37 34 -1 14 65 65 37 -1 34 -1 79 62 75 37 7 74 34 84 50 50 50 -1 74 50 34 86 74 47 34 35 50 14 50 -1 7 34 34 33 47 50 50 62 33 50 74 57 74 7 84 35 2 50 47 65 79 14 37 42 79 50 74 34 2 37 62 62 35 42 14 37 84 34 35 74 -1 74 34 84 62 2 62 35 79 84 74 33 74 2 37 33 62 14 9 50 
86 93 80 41 80 75 86 87 88 80 93 80 75 88 91 86 80 75 93 73 39 74 -1 73 93 86 73 80 86 -1 41 41 86 88 35 29 75 88 80 29 86 29 74 73 88 73 39 41 80 35 93 39 93 80 93 86 75 87 86 80 86 93 80 86 80 39 35 41 39 87 66 73 35 -1 73 29 35 93 68 39 -1 35 93 70 86 93 -1 80 -1 73 80 29 93 -1 
50 43 50 50 50 59 43 50 50 50 50 50 75 43 50 59 59 43 50 -1 50 50 73 -1 50 76 73 80 43 50 50 45 50 89 50 50 43 89 59 50 50 50 74 -1 54 19 50 50 50 50 -1 43 19 80 19 50 75 45 50 -1 74 50 50 43 50 50 45 50 50 52 43 50 54 -1 73 73 43 50 68 50 59 50 50 70 43 50 73 50 43 -1 50 50 50 50 
-1 34 50 34 38 16 37 34 34 50 -1 38 75 76 34 16 -1 36 50 52 38 34 93 50 -1 76 71 38 30 35 -1 66 10 37 -1 34 34 0 -1 46 32 30 67 76 76 52 16 38 32 30 30 90 -1 76 93 0 37 52 10 16 16 52 64 0 -1 52 0 64 16 52 30 34 35 93 34 16 -1 93 38 10 93 35 10 70 93 93 55 34 34 37 10 50 93 -1 
76 76 87 86 81 76 76 87 76 87 58 86 86 76 79 86 76 86 76 76 81 86 86 76 76 -1 86 81 76 76 76 76 76 87 76 76 76 76 76 86 86 76 87 76 76 87 86 76 76 76 76 86 76 76 76 86 76 87 -1 76 86 76 76 86 76 76 76 76 76 87 76 76 76 86 86 86 -1 81 81 58 76 -1 58 76 86 76 -1 86 76 86 58 76 76 76 
88 71 71 88 71 71 88 71 88 71 71 71 75 88 71 71 71 75 71 71 71 74 73 73 71 86 -1 80 88 73 71 71 71 88 71 71 71 88 71 71 88 71 74 73 88 71 71 71 71 71 71 71 71 71 88 71 75 71 71 73 74 71 71 71 71 71 71 71 71 71 71 -1 71 -1 73 73 88 71 71 71 73 71 71 71 71 71 73 71 -1 73 71 71 71 71 
38 38 79 47 -1 38 46 47 38 80 38 38 91 91 79 38 38 84 77 52 4 47 80 80 38 81 80 -1 38 80 38 47 79 87 38 81 93 38 -1 20 39 80 87 80 76 87 38 38 38 38 91 39 38 80 77 38 91 87 38 80 38 93 80 38 38 4 38 80 38 87 38 38 80 80 80 38 38 4 4 38 -1 4 38 70 77 77 80 80 80 80 80 80 93 80 
55 -1 50 55 55 30 13 34 34 50 30 55 56 -1 55 30 30 70 50 43 55 34 86 43 30 76 88 38 -1 41 -1 55 50 37 1 34 61 13 30 55 55 30 67 13 61 55 1 55 55 30 30 55 30 55 13 -1 13 67 30 30 13 1 41 -1 30 55 63 55 55 61 -1 34 55 43 60 70 13 55 55 55 55 35 30 70 70 50 55 86 13 43 46 13 13 30 
55 35 50 41 39 75 46 35 35 50 79 55 75 91 91 75 46 75 50 50 39 35 -1 50 35 76 73 80 41 -1 41 41 40 67 35 -1 75 88 68 -1 39 -1 67 75 40 75 39 41 61 35 39 39 61 91 72 39 75 91 76 80 75 41 41 55 49 39 35 41 39 61 66 35 35 22 73 -1 35 39 68 39 22 35 79 70 75 50 22 91 22 50 46 -1 41 22 
24 28 50 41 38 24 46 50 50 50 24 38 56 28 41 24 24 70 50 50 46 50 41 50 -1 76 71 38 -1 41 -1 41 50 37 24 49 50 24 24 46 46 -1 67 28 60 71 -1 38 50 -1 -1 46 24 55 46 28 46 67 24 24 46 41 41 28 24 46 41 41 24 52 28 50 49 50 60 41 24 46 38 24 62 49 24 70 50 50 55 50 28 50 46 50 41 24 
66 34 50 -1 78 71 92 14 3 92 66 55 75 55 3 68 68 45 50 45 55 14 41 45 66 76 71 47 55 41 41 -1 66 57 8 66 45 66 47 55 55 3 57 45 54 -1 41 3 66 66 8 45 45 55 45 3 75 45 66 45 75 8 41 66 62 52 -1 41 3 66 66 45 55 45 57 45 66 54 68 14 55 66 66 70 66 92 55 57 8 45 66 14 3 92 
24 61 50 48 65 65 76 50 48 50 -1 48 91 76 79 90 24 84 50 52 40 50 86 50 10 76 71 79 50 40 50 66 -1 50 24 76 48 69 79 40 -1 50 67 50 40 52 90 52 -1 90 -1 90 -1 48 79 40 91 52 10 50 44 48 90 66 90 52 48 40 40 48 66 48 53 50 84 40 -1 40 48 -1 53 76 10 70 48 50 40 50 44 50 -1 50 50 50 
37 34 21 92 85 37 37 21 88 21 37 55 56 37 21 60 37 84 85 89 91 -1 88 89 37 87 88 87 37 67 37 57 50 -1 21 34 57 -1 37 46 67 67 -1 89 88 57 37 21 69 67 21 46 69 67 37 37 37 42 37 89 37 69 21 37 67 62 37 42 92 37 66 34 54 74 21 56 37 85 55 21 87 35 37 70 74 -1 87 42 37 -1 46 87 85 92 
24 -1 21 8 81 71 46 -1 -1 21 24 38 75 28 7 24 24 36 50 52 39 7 35 50 -1 76 71 38 1 35 24 8 24 21 -1 -1 8 24 24 35 32 8 87 28 61 71 1 7 8 35 7 36 24 48 72 8 46 71 24 24 46 1 64 24 24 52 35 46 8 48 28 -1 35 71 21 35 24 93 38 14 87 35 24 70 48 33 87 7 8 33 24 14 8 24 
66 34 34 34 81 71 72 34 34 34 34 66 75 76 34 64 34 70 50 72 39 34 29 50 34 76 71 81 34 -1 49 66 76 34 -1 -1 34 66 34 29 39 29 67 76 76 66 34 34 66 -1 34 39 34 72 72 72 75 66 76 34 75 34 41 66 49 39 -1 41 39 66 66 34 -1 29 34 29 -1 39 81 39 29 -1 34 70 66 34 29 34 29 34 49 29 34 29 
34 61 50 8 51 75 75 34 -1 50 90 48 75 43 8 75 75 -1 50 45 51 34 75 43 34 76 71 93 61 75 50 45 48 57 8 34 -1 69 34 51 51 61 57 17 61 -1 51 8 8 90 8 -1 61 48 45 8 75 45 90 43 75 -1 61 55 90 51 45 61 8 61 17 45 35 75 75 -1 61 51 48 51 93 35 90 70 17 50 75 57 8 43 51 50 8 61 
-1 46 33 55 69 24 -1 33 88 33 24 55 56 6 33 60 24 43 85 54 46 33 88 89 0 76 88 38 13 88 24 66 69 -1 24 66 69 -1 24 46 88 66 33 13 88 54 6 69 69 30 88 46 69 55 6 0 6 42 24 24 6 69 33 0 24 69 0 42 24 -1 66 69 54 88 33 56 13 54 55 54 87 66 24 70 69 33 55 69 -1 33 46 13 6 24 
24 34 79 47 27 16 46 47 34 62 24 -1 75 76 79 16 -1 68 50 52 27 47 80 59 -1 76 71 -1 30 68 24 47 79 37 24 34 34 24 -1 68 68 30 67 59 76 47 16 -1 11 30 30 68 24 48 79 11 46 87 24 16 16 48 11 24 24 16 24 46 -1 48 30 16 55 59 47 16 24 27 11 -1 27 27 24 70 48 92 55 47 34 59 24 55 47 24 
55 46 50 55 20 65 46 50 50 50 79 55 75 46 79 46 46 51 50 50 -1 50 29 50 46 86 71 20 55 -1 46 55 40 46 35 29 51 46 68 -1 -1 29 67 50 40 51 -1 50 40 35 -1 -1 65 55 77 -1 46 51 79 46 46 41 65 55 65 -1 35 40 -1 65 51 50 55 29 60 29 35 -1 68 -1 29 20 79 70 77 50 40 50 29 50 46 20 46 50 
55 46 50 55 39 65 46 50 48 50 32 48 75 76 79 60 46 51 50 52 39 50 86 50 32 86 88 39 55 39 46 55 -1 67 32 39 51 88 68 -1 -1 67 67 50 -1 51 39 52 32 67 32 39 32 67 44 39 46 67 32 46 44 44 65 55 67 39 48 -1 39 48 51 48 54 86 60 39 32 39 68 32 67 86 32 70 86 50 -1 86 44 50 32 39 46 50 
66 61 62 -1 65 65 46 14 3 62 30 62 75 30 3 64 30 61 50 61 39 62 29 50 30 76 71 80 30 -1 -1 3 50 67 8 29 61 66 30 29 67 -1 67 30 61 31 30 3 61 30 30 39 61 67 61 3 75 67 30 80 46 -1 -1 66 62 62 -1 -1 3 61 66 50 35 29 67 29 30 39 62 14 62 35 30 70 61 92 29 62 8 50 62 29 3 61 
37 67 87 67 67 67 37 87 57 87 67 67 75 91 87 67 67 84 85 57 91 33 74 74 67 87 74 87 67 67 67 57 67 -1 87 67 57 33 67 67 67 67 -1 74 67 57 67 87 67 67 87 57 87 67 87 67 91 -1 87 87 74 67 67 67 67 67 67 -1 67 87 67 57 67 74 -1 74 67 84 67 87 87 87 67 70 74 33 87 -1 37 33 67 87 85 87 
37 28 50 36 84 75 13 50 36 50 50 55 75 -1 91 59 59 -1 50 23 91 50 73 -1 76 76 73 80 13 75 28 45 50 89 28 76 17 13 59 50 50 30 74 -1 76 23 13 50 84 30 23 17 23 76 13 28 13 45 76 23 13 36 50 28 76 50 70 46 50 37 17 50 54 23 73 17 13 84 55 50 59 76 50 70 17 50 84 91 13 23 51 13 13 50 
76 61 79 61 77 75 54 87 61 87 40 61 75 76 79 60 60 61 77 54 40 74 88 54 76 76 88 76 61 40 60 54 40 88 61 76 61 88 76 40 -1 61 67 76 -1 54 60 61 61 76 40 40 61 76 -1 40 54 87 76 54 -1 -1 61 55 60 40 61 40 40 61 61 61 54 74 60 60 -1 54 61 54 76 76 40 70 61 77 40 54 -1 74 40 76 54 54 
66 61 71 31 65 71 54 71 36 71 52 71 75 43 31 71 71 36 71 -1 51 57 73 19 52 87 71 87 55 75 71 -1 52 57 71 66 -1 54 47 51 51 31 57 23 54 -1 51 31 71 66 71 36 19 71 19 31 75 -1 52 23 75 36 41 66 52 52 31 57 31 52 36 -1 54 23 57 36 52 54 68 54 87 66 52 70 36 57 87 57 36 23 51 71 31 54 
24 -1 50 41 39 16 -1 34 34 50 90 38 56 6 79 16 -1 51 50 54 39 74 39 50 16 86 71 38 1 39 -1 41 90 37 1 34 51 6 16 -1 39 30 67 13 60 51 -1 38 90 30 30 39 24 67 6 39 6 67 90 16 -1 1 90 28 67 39 41 -1 16 37 28 16 54 74 60 60 13 39 68 39 59 35 90 70 74 92 60 54 13 74 -1 13 6 24 
38 34 21 -1 38 38 92 -1 3 21 38 38 75 55 3 38 38 36 50 52 38 7 41 50 38 76 71 38 55 41 38 3 52 21 7 34 8 69 -1 50 52 3 87 50 61 31 38 -1 8 35 7 36 -1 55 52 3 91 87 38 38 38 52 38 55 38 52 31 41 3 52 55 34 55 50 21 36 38 38 38 38 38 35 38 70 48 92 55 7 8 33 52 14 3 38 
66 61 50 8 65 71 69 34 -1 50 32 -1 75 76 8 90 38 84 50 52 91 84 80 50 32 76 71 38 55 61 50 66 -1 69 8 66 8 69 11 40 32 61 67 84 61 71 90 8 -1 90 8 90 32 -1 61 11 91 71 32 80 61 -1 11 66 90 53 -1 53 8 -1 66 -1 53 71 84 36 32 84 11 32 53 66 32 70 -1 50 84 69 8 84 -1 53 8 61 
30 30 50 41 81 30 46 35 35 50 90 64 75 30 35 64 30 90 50 50 39 35 35 50 30 76 71 38 30 35 -1 66 90 67 35 -1 90 30 30 35 67 30 67 30 76 66 30 35 90 -1 30 90 30 90 72 30 46 67 90 30 46 41 64 30 -1 64 35 64 30 90 30 35 35 35 60 35 35 39 64 90 64 35 90 70 90 50 35 35 30 50 -1 35 41 30 
30 30 -1 8 39 71 46 -1 -1 -1 32 48 91 91 7 30 30 36 -1 23 39 2 93 -1 30 76 71 91 30 39 -1 8 -1 21 7 34 8 88 30 -1 32 30 87 23 40 71 30 7 8 30 -1 39 32 91 93 39 91 71 32 23 46 8 2 30 30 39 41 40 39 48 30 -1 55 23 21 36 32 18 68 2 91 35 32 70 48 18 40 2 8 23 32 -1 9 -1 
55 46 50 36 39 65 46 50 36 50 90 55 75 43 79 90 46 -1 50 45 39 50 39 43 90 86 71 39 55 39 46 45 90 46 36 39 -1 46 68 -1 39 39 57 17 40 36 39 36 90 90 39 -1 61 90 77 39 75 45 90 43 46 36 90 55 90 39 70 40 39 61 17 45 55 75 84 17 90 39 68 39 90 39 90 70 17 50 40 50 36 43 -1 39 36 50 
24 61 50 47 65 65 54 47 61 50 24 38 75 76 47 24 24 61 50 -1 65 47 93 19 -1 76 71 38 30 61 24 45 -1 69 24 34 61 69 24 65 32 61 87 23 61 19 24 -1 32 30 32 61 -1 65 19 24 54 45 24 23 61 -1 65 24 24 -1 24 40 24 -1 30 34 54 23 47 61 24 54 65 32 65 65 24 70 48 50 40 69 61 23 32 50 47 24 
55 55 65 55 65 65 67 87 48 65 90 48 91 76 91 67 65 84 91 65 91 65 80 80 76 76 71 80 55 91 55 55 48 67 48 72 48 55 48 55 67 67 67 76 76 71 67 55 -1 90 91 90 65 -1 72 -1 91 67 76 80 67 48 65 55 67 -1 48 -1 55 48 55 48 -1 80 67 65 -1 55 48 48 -1 65 90 70 48 67 55 80 48 67 -1 -1 55 80 
37 46 79 72 77 46 -1 87 61 87 79 72 56 6 79 60 46 84 77 -1 77 79 93 19 93 76 88 77 13 72 46 45 79 37 72 72 45 6 79 77 44 61 87 13 -1 19 6 52 61 72 93 77 19 72 -1 72 6 87 79 23 6 44 79 72 93 52 72 44 77 87 28 45 -1 23 60 56 44 -1 77 -1 87 72 79 70 77 77 87 -1 44 23 46 87 6 -1 
-1 28 50 -1 39 65 28 14 3 50 24 -1 91 28 3 67 24 51 50 72 39 14 86 50 0 86 71 38 -1 39 28 3 40 37 8 72 8 0 11 -1 39 3 67 28 40 31 39 3 11 30 39 39 24 -1 72 -1 91 67 86 80 86 8 11 -1 67 39 0 -1 3 37 28 48 -1 86 67 39 53 39 11 39 53 72 24 70 86 92 -1 86 8 37 53 -1 3 24 
37 46 91 91 91 75 -1 91 75 91 79 91 -1 6 91 60 46 75 91 54 91 37 75 75 37 76 75 91 13 75 46 75 91 37 46 75 75 6 46 46 46 75 91 13 54 75 6 91 91 46 91 75 54 91 6 91 -1 91 76 91 6 75 91 91 60 75 37 46 46 37 75 75 54 75 60 -1 13 54 91 54 91 75 79 75 75 92 60 91 13 37 46 -1 6 54 
42 61 87 45 87 71 87 87 45 87 87 67 75 91 87 67 67 45 71 45 91 42 87 45 52 87 71 87 67 91 67 45 52 42 71 66 45 42 87 51 67 67 -1 45 87 -1 67 87 71 67 71 45 45 67 87 67 91 -1 87 87 74 45 87 66 67 52 45 42 45 87 45 45 87 74 42 45 67 87 67 87 87 87 87 70 74 42 87 -1 42 42 51 87 87 87 
24 34 79 79 81 24 76 34 34 50 -1 38 86 76 79 24 24 86 50 52 79 79 86 50 10 -1 71 38 30 76 24 66 10 37 24 76 90 24 24 79 32 30 87 76 76 52 90 38 32 90 32 90 24 76 79 86 76 87 -1 24 86 48 90 24 24 52 24 40 24 48 30 34 76 86 86 86 25 79 81 10 76 25 10 70 86 50 25 86 76 50 10 50 93 24 
24 46 50 68 80 16 46 50 50 50 24 38 75 43 91 16 -1 43 50 23 91 50 80 -1 16 76 73 80 30 80 24 45 50 89 24 34 43 24 16 46 46 80 87 23 54 23 16 38 80 30 23 43 23 80 23 80 91 87 24 -1 16 93 80 24 16 16 24 46 16 87 43 16 80 23 73 16 24 93 68 38 -1 80 24 70 43 50 80 80 80 23 46 80 93 80 
37 46 74 86 46 75 -1 74 61 74 90 86 75 6 74 -1 15 75 50 54 46 74 86 74 16 86 74 38 13 75 46 75 44 37 46 75 75 6 16 46 44 46 74 13 -1 75 -1 38 61 46 46 46 61 67 6 86 6 74 86 16 -1 44 64 86 15 46 37 46 16 37 75 75 54 74 -1 -1 44 46 68 46 86 86 90 75 74 92 -1 86 44 74 46 13 6 54 
52 -1 50 8 65 65 46 34 -1 50 48 48 75 28 8 60 46 36 50 52 41 34 93 50 52 76 71 93 1 41 41 8 48 69 1 34 -1 69 48 41 44 -1 67 36 -1 36 1 52 -1 41 8 36 -1 48 44 8 75 45 48 93 44 -1 41 28 52 52 41 41 8 -1 28 48 53 75 60 36 44 93 48 48 93 35 48 70 48 93 44 69 8 50 48 41 93 -1 
55 61 -1 41 65 65 90 21 41 -1 90 -1 75 91 41 64 38 90 50 65 65 2 80 50 64 76 71 80 41 41 41 41 90 21 64 41 61 33 11 65 65 -1 67 50 61 41 90 38 11 64 2 90 65 65 79 11 91 87 90 80 64 41 -1 55 -1 -1 41 41 38 48 66 48 55 80 21 41 64 65 11 2 -1 65 90 70 48 92 55 2 80 33 -1 80 9 80 
-1 28 50 55 55 24 28 34 55 50 24 55 91 28 55 24 24 70 50 52 55 37 86 43 0 86 71 38 -1 55 28 66 66 37 24 66 55 0 24 55 55 66 67 28 55 66 28 55 66 30 30 55 24 55 72 -1 91 66 24 24 86 28 55 -1 24 55 -1 55 55 37 28 66 55 86 67 55 24 55 55 55 55 66 24 70 66 37 55 86 28 37 55 55 55 24 
24 34 62 62 65 16 60 34 34 62 24 62 75 76 34 -1 15 90 50 52 65 62 80 50 -1 76 71 38 30 49 24 62 90 67 24 49 90 24 24 65 67 62 67 76 60 52 67 38 90 -1 30 90 24 67 93 67 60 67 24 16 15 52 -1 24 -1 62 24 -1 16 52 30 34 49 74 60 60 24 93 62 24 62 49 24 70 90 67 60 62 34 67 -1 67 62 24 
52 46 62 52 -1 -1 46 50 50 62 52 62 75 76 79 16 5 51 50 52 4 62 39 50 52 76 71 4 55 39 46 52 52 62 52 39 51 69 16 -1 39 62 67 50 40 52 39 52 53 64 39 39 -1 -1 52 39 75 52 52 16 46 52 -1 55 62 -1 53 53 39 52 51 5 53 75 60 5 53 4 4 39 53 4 52 70 53 50 40 62 39 50 53 53 62 50 
-1 35 62 31 81 71 37 35 48 62 24 48 75 63 31 24 24 70 50 45 39 35 35 45 0 76 71 38 63 35 41 -1 48 37 35 -1 45 0 24 35 48 -1 67 70 61 31 41 31 -1 35 41 70 24 48 72 0 37 45 24 24 37 41 41 -1 24 53 -1 41 31 48 -1 48 35 35 84 35 35 84 48 48 53 35 24 70 48 37 55 69 37 37 48 35 31 24 
55 46 62 41 65 46 46 87 41 62 40 55 56 46 41 64 46 51 50 52 40 42 41 50 64 76 71 80 55 41 41 41 40 42 46 41 61 42 46 40 -1 -1 -1 46 40 57 -1 41 53 64 40 40 40 -1 44 -1 46 42 40 46 46 41 41 55 -1 53 41 -1 40 53 55 53 53 74 42 41 53 40 55 40 53 41 40 70 53 42 40 42 44 42 46 53 41 61 
24 46 50 -1 78 16 46 14 3 50 24 38 75 46 3 16 -1 51 50 45 39 14 39 50 16 76 71 38 55 39 24 3 40 92 8 39 8 24 -1 -1 39 3 67 50 40 31 16 3 8 30 39 39 24 55 77 3 46 45 24 16 16 8 38 55 16 39 31 40 -1 48 51 16 55 39 60 16 24 39 -1 38 38 78 24 70 77 92 40 14 8 50 46 14 3 24 
37 61 87 48 65 65 37 87 48 87 48 48 56 37 87 52 52 61 50 52 91 37 87 52 52 87 71 87 61 61 52 66 48 37 48 66 61 -1 48 65 48 61 87 37 61 52 37 52 -1 90 48 61 -1 48 87 37 37 87 48 87 37 -1 48 37 52 52 48 53 48 -1 66 48 53 52 84 61 48 84 48 48 87 65 48 70 48 37 87 -1 37 37 48 87 37 61 
66 28 50 55 81 75 28 34 36 50 30 55 75 28 55 75 30 -1 50 43 51 84 66 43 30 76 71 38 -1 66 28 66 66 66 28 66 17 66 30 51 51 66 67 17 61 36 28 55 66 30 30 17 30 55 28 28 75 45 30 43 75 28 66 28 30 51 -1 55 51 66 -1 66 55 75 84 17 28 84 55 51 55 66 30 -1 17 50 55 69 28 43 51 28 28 30 
34 34 50 34 65 -1 46 34 34 50 34 48 75 88 34 16 5 45 50 45 50 34 73 50 34 76 -1 38 34 35 50 45 48 34 -1 34 45 69 16 50 48 50 57 50 61 -1 16 34 -1 35 -1 45 34 48 45 48 75 45 34 16 75 48 48 66 34 5 48 53 16 48 66 -1 35 26 73 5 34 50 48 48 53 35 34 70 48 50 84 34 26 50 48 50 50 50 
55 35 79 55 65 65 54 35 35 87 79 55 56 54 55 60 35 55 77 54 55 35 35 54 35 76 71 80 55 35 49 55 53 54 35 -1 35 54 55 55 54 35 67 54 54 54 54 55 53 35 55 55 54 -1 -1 -1 54 87 76 80 54 53 55 55 49 53 35 53 55 53 55 35 -1 35 60 35 35 54 55 54 53 35 79 70 53 77 55 54 54 54 53 53 54 54 
86 71 50 41 75 75 74 50 50 50 50 71 75 43 50 74 59 75 50 23 39 74 -1 -1 93 86 -1 80 43 22 50 45 50 74 71 29 75 88 59 29 86 29 74 23 74 23 74 50 71 35 23 75 23 80 23 86 75 74 86 23 74 75 80 86 74 75 35 74 39 52 75 26 35 -1 -1 -1 35 84 68 39 22 35 50 75 74 50 22 74 22 23 50 29 93 22 
37 60 21 21 84 75 60 21 84 21 79 84 75 60 21 60 60 84 84 73 60 -1 73 73 34 86 73 80 60 73 60 57 84 21 21 34 75 33 47 60 60 67 -1 73 60 57 60 21 84 60 21 84 47 67 60 67 60 42 86 73 -1 60 21 67 60 60 84 42 60 84 84 73 60 -1 -1 60 60 84 84 21 73 84 79 84 -1 33 60 42 60 -1 60 87 21 73 
24 60 50 36 65 -1 56 35 36 50 24 38 -1 43 91 60 5 -1 50 45 39 74 29 73 16 86 73 38 70 -1 41 45 40 56 35 29 -1 56 16 29 39 29 74 17 60 36 60 36 36 35 36 17 61 65 56 39 -1 45 86 16 -1 36 41 55 60 5 35 41 16 61 17 5 35 -1 60 -1 35 39 65 39 29 35 24 70 17 92 60 86 29 73 51 29 56 29 
24 28 50 55 65 24 13 34 34 50 24 38 56 -1 79 24 24 43 50 52 91 34 35 43 -1 -1 88 38 13 35 24 66 -1 37 24 -1 61 13 24 35 32 30 67 13 -1 52 13 38 32 35 32 90 24 -1 44 53 13 67 25 24 44 44 64 24 24 53 35 53 24 48 28 34 35 35 60 35 -1 54 38 32 53 25 24 70 48 50 25 54 13 43 32 13 13 24 
55 46 50 55 -1 65 54 50 50 50 79 55 56 54 79 46 46 84 -1 54 4 84 93 50 93 81 71 4 55 39 46 54 40 85 93 39 51 54 27 -1 39 39 84 84 54 54 39 38 84 39 18 39 54 55 -1 39 54 87 79 93 46 93 65 55 93 4 84 40 39 84 84 50 54 84 84 39 54 -1 4 39 93 4 79 84 -1 18 84 54 54 84 46 20 93 -1 
55 55 62 68 -1 65 68 47 48 62 38 -1 75 55 68 68 68 68 77 65 4 62 68 68 38 81 71 4 55 68 38 68 48 55 38 81 48 55 11 68 68 62 67 55 61 68 68 38 11 64 68 68 65 48 77 11 91 67 81 68 68 48 11 55 62 4 48 55 -1 48 55 48 55 68 84 65 38 4 -1 38 27 4 38 70 48 77 55 62 48 68 48 20 68 77 
24 46 -1 14 38 38 54 14 14 21 -1 38 56 54 -1 38 38 51 50 54 39 2 39 50 10 58 71 38 55 39 24 14 -1 21 14 39 51 54 -1 -1 32 14 87 50 54 54 39 38 32 90 2 39 32 48 -1 39 54 87 10 38 46 48 2 55 24 39 48 40 38 48 51 48 54 39 21 39 32 39 38 -1 38 38 10 70 48 33 40 2 54 33 10 14 14 54 
55 93 62 55 27 59 87 87 53 62 90 62 91 91 91 59 59 59 91 59 91 62 -1 59 93 76 73 -1 55 22 62 55 53 87 87 29 93 87 27 29 67 62 87 59 76 87 59 38 53 64 91 90 65 -1 87 53 91 87 76 -1 86 93 -1 55 62 53 53 53 38 87 55 53 53 22 73 29 53 93 27 38 -1 27 90 70 53 93 22 -1 22 59 53 -1 93 -1 
66 35 65 35 -1 65 72 35 35 65 58 78 75 76 35 64 35 70 77 65 4 35 35 50 35 -1 71 4 35 35 49 66 76 35 35 -1 35 66 27 20 86 35 87 76 76 66 35 35 66 35 35 39 65 65 72 72 75 87 25 80 86 35 65 66 49 4 35 41 78 65 66 35 35 35 84 35 25 4 4 38 27 -1 58 70 77 77 25 86 35 84 49 20 93 77 
24 34 79 79 38 24 79 34 34 50 -1 38 75 76 79 24 24 90 50 52 79 79 93 50 10 58 71 38 30 79 24 66 10 37 24 34 90 24 24 79 32 30 67 50 40 52 90 38 32 90 32 90 24 90 79 24 79 87 10 24 90 48 90 24 24 52 24 40 24 48 30 34 79 50 79 24 24 79 38 10 90 58 -1 70 48 50 40 79 34 50 10 50 93 24 
70 70 70 70 81 75 70 70 70 70 70 70 75 70 70 75 70 70 70 70 70 84 70 70 70 76 71 70 70 70 70 70 70 70 70 70 70 70 70 70 70 70 70 70 70 70 70 70 70 70 70 70 70 70 70 70 75 70 70 70 75 70 70 70 70 70 70 70 70 70 -1 70 70 75 84 70 70 84 70 70 70 70 70 -1 70 70 70 70 70 70 70 70 70 70 
66 61 74 48 77 71 74 74 48 74 48 48 75 43 48 74 48 -1 77 77 77 74 86 43 93 86 71 77 70 75 50 66 48 74 48 66 17 69 48 77 86 61 74 17 61 36 74 48 -1 90 48 17 48 48 77 86 75 74 86 43 74 48 48 66 90 53 48 53 77 48 17 48 53 74 -1 17 48 -1 48 48 53 77 48 70 -1 77 -1 86 48 74 48 53 93 77 
37 92 33 92 77 71 92 33 50 92 50 92 92 92 92 92 92 84 -1 50 50 33 93 50 93 76 71 77 50 50 50 92 50 -1 33 34 50 33 92 50 50 92 33 50 77 57 92 92 50 50 18 50 50 67 77 92 92 42 50 50 92 93 92 37 67 50 37 42 92 37 50 50 77 50 33 92 50 18 77 33 93 77 50 70 77 -1 84 42 37 33 50 50 -1 92 
55 55 87 55 81 75 60 87 55 87 40 55 75 55 55 60 60 84 84 87 40 74 -1 73 55 -1 73 80 55 22 55 55 40 87 87 29 75 55 55 40 -1 29 87 84 40 87 60 55 84 35 40 40 40 55 87 -1 60 87 25 80 -1 44 55 55 60 40 55 40 40 87 55 84 55 22 60 60 25 84 55 40 22 25 40 70 -1 84 -1 -1 22 74 40 55 55 22 
69 34 -1 14 77 65 54 -1 34 -1 79 62 91 91 7 86 80 86 50 54 91 2 80 50 34 86 71 80 86 91 50 57 50 42 7 34 57 69 47 50 86 62 -1 91 54 57 54 7 69 35 2 50 69 80 -1 86 91 -1 86 80 86 69 2 86 62 62 69 42 14 -1 69 34 54 74 42 86 54 54 62 2 -1 86 79 70 86 42 -1 -1 54 42 62 -1 9 54 
37 28 50 8 77 71 13 34 -1 50 34 48 56 -1 8 60 34 36 50 54 91 37 -1 43 34 76 -1 80 13 22 28 8 44 37 8 29 8 -1 34 29 44 8 37 13 -1 36 13 8 8 30 8 36 61 48 44 8 13 42 76 80 44 8 80 28 34 39 37 44 8 37 28 26 54 22 60 29 13 54 48 54 22 35 34 70 48 37 22 54 -1 37 48 13 8 22 
37 74 33 50 84 59 37 33 50 33 50 84 75 43 33 74 59 43 50 23 50 33 73 -1 37 86 73 80 43 50 50 45 50 -1 33 34 43 33 59 50 50 50 33 23 74 23 74 33 84 50 23 43 23 67 23 37 37 42 50 23 74 50 33 37 67 50 37 42 50 37 43 50 54 23 -1 73 43 84 68 33 59 84 50 70 74 33 74 42 37 -1 50 50 85 50 
24 46 62 48 65 46 46 50 48 62 -1 48 56 46 79 64 46 51 50 52 46 62 80 50 10 58 71 80 46 46 46 66 -1 46 24 49 51 46 24 46 32 62 67 51 40 51 -1 52 -1 -1 32 -1 32 -1 46 53 46 51 10 46 46 48 -1 55 -1 53 48 46 46 48 51 48 53 50 60 51 32 46 48 10 53 49 10 70 48 50 40 62 48 50 -1 53 46 24 
55 28 50 14 20 65 13 14 50 50 50 55 56 -1 -1 60 80 43 50 50 -1 14 29 50 50 76 71 80 13 -1 50 14 50 87 14 29 50 13 55 20 39 29 87 13 76 71 13 14 53 35 -1 39 50 -1 87 -1 -1 87 50 80 13 41 80 55 67 53 35 53 14 87 28 50 53 29 87 29 13 20 20 14 -1 20 50 70 53 50 55 -1 13 50 53 -1 13 50 
37 46 21 -1 93 46 -1 14 3 -1 93 55 56 6 3 60 46 36 85 54 46 9 93 50 93 76 71 93 13 41 41 3 50 85 8 34 8 6 47 46 46 3 85 13 54 31 6 3 8 41 9 36 47 55 6 3 6 87 93 93 6 93 9 55 62 62 31 41 3 37 28 50 54 93 21 56 13 93 68 14 93 93 93 70 93 -1 55 9 8 85 46 13 -1 -1 
24 61 50 92 77 24 54 50 50 50 24 38 56 54 50 24 24 61 50 54 50 50 -1 50 -1 76 71 80 30 22 24 92 50 92 24 29 61 24 24 50 50 61 87 50 54 54 24 38 61 30 -1 50 24 80 -1 24 54 87 24 80 54 -1 80 24 24 50 24 61 24 61 30 50 54 22 73 29 24 -1 77 54 -1 77 24 70 77 92 22 54 22 50 24 50 -1 -1 
