27
17 19
-1 -1 24 -1 12 1 1 1 10 6 -1 1 1 15 7 3 -1 24 16 1 3 25 1 24 -1 -1 1 
-1 -1 6 0 12 -1 -1 -1 6 6 -1 -1 -1 22 7 6 -1 6 5 -1 7 12 -1 5 0 -1 -1 
24 6 -1 12 12 18 -1 18 6 -1 6 24 9 9 18 6 6 -1 -1 6 12 12 6 24 -1 18 9 
-1 0 12 -1 12 1 15 20 10 12 0 12 -1 15 15 -1 0 15 15 1 -1 12 -1 12 0 0 15 
12 12 12 12 -1 12 15 14 14 12 26 12 -1 15 -1 -1 12 15 14 12 12 12 12 12 12 26 -1 
1 -1 18 1 12 -1 1 1 10 6 -1 1 1 23 18 18 1 18 -1 1 10 25 1 -1 23 -1 1 
1 -1 -1 15 15 1 -1 1 -1 -1 1 1 1 9 15 -1 -1 2 2 1 7 22 -1 5 2 1 1 
1 -1 18 20 14 1 1 -1 -1 6 1 1 1 20 -1 14 -1 18 -1 1 -1 14 1 5 16 1 1 
10 6 6 10 14 10 -1 -1 -1 6 -1 6 6 9 7 6 -1 6 7 6 7 14 6 10 16 6 10 
6 6 -1 12 12 6 -1 6 6 -1 26 12 -1 -1 12 6 6 2 2 6 12 12 6 12 2 26 -1 
-1 -1 6 0 26 -1 1 1 -1 26 -1 1 1 20 7 26 0 20 5 1 -1 12 1 5 0 0 -1 
1 -1 24 12 12 1 1 1 6 12 1 -1 -1 15 15 -1 1 15 15 1 12 12 -1 12 -1 -1 -1 
1 -1 9 -1 -1 1 1 1 6 -1 1 -1 -1 9 4 3 1 9 5 1 -1 -1 1 -1 11 1 1 
15 22 9 15 15 23 9 20 9 -1 20 15 9 -1 15 -1 9 -1 15 22 -1 22 -1 -1 23 22 9 
7 7 18 15 -1 18 15 -1 7 12 7 15 4 15 -1 -1 7 15 -1 7 7 -1 21 12 15 18 4 
3 6 6 -1 -1 18 -1 14 6 6 26 -1 3 -1 -1 -1 6 13 -1 6 3 14 3 13 11 11 -1 
-1 -1 6 0 12 1 -1 -1 -1 6 0 1 1 9 7 6 -1 6 -1 1 7 12 1 24 -1 0 1 
24 6 -1 15 15 18 2 18 6 2 20 15 9 -1 15 13 6 -1 2 6 13 22 13 13 2 18 9 
16 5 -1 15 14 -1 2 -1 7 2 5 15 5 15 -1 -1 -1 2 -1 5 7 14 25 5 2 -1 15 
1 -1 6 1 12 1 1 1 6 6 1 1 1 22 7 6 1 6 5 -1 7 12 1 5 1 1 1 
3 7 12 -1 12 10 7 -1 7 12 -1 12 -1 -1 7 3 7 13 7 7 -1 12 3 12 3 3 10 
25 12 12 12 12 25 22 14 14 12 12 12 -1 22 -1 14 12 22 14 12 12 -1 -1 12 12 -1 25 
1 -1 6 -1 12 1 -1 1 6 6 1 -1 1 -1 21 3 1 13 25 1 3 -1 -1 13 11 -1 1 
24 5 24 12 12 -1 5 5 10 12 5 12 -1 -1 12 13 24 13 5 5 12 12 13 -1 -1 5 5 
-1 0 -1 0 12 23 2 16 16 2 0 -1 11 23 15 11 -1 2 2 1 3 12 11 -1 -1 0 11 
-1 -1 18 0 26 -1 1 1 6 26 0 -1 1 22 18 11 0 18 -1 1 3 -1 -1 5 0 -1 -1 
1 -1 9 15 -1 1 1 1 10 -1 -1 -1 1 9 4 -1 1 9 15 1 10 25 1 5 11 -1 -1 
