17
0 13
-1 8 8 11 -1 11 8 11 -1 11 8 -1 4 8 -1 8 8 
8 -1 8 9 8 -1 8 -1 -1 -1 5 -1 7 -1 8 -1 -1 
8 8 -1 11 8 11 8 11 -1 11 8 -1 8 8 8 -1 8 
11 9 11 -1 8 11 -1 11 6 -1 8 -1 8 9 8 8 8 
-1 8 8 8 -1 8 8 12 -1 8 8 0 -1 12 0 8 8 
11 -1 11 11 8 -1 8 1 1 1 -1 -1 10 -1 8 1 1 
8 8 8 -1 8 8 -1 8 -1 3 8 3 8 8 8 8 8 
11 -1 11 11 12 1 8 -1 1 1 -1 -1 -1 1 8 -1 1 
-1 -1 -1 6 -1 1 -1 1 -1 1 -1 0 -1 1 -1 -1 -1 
11 -1 11 -1 8 1 3 1 1 -1 5 -1 7 1 8 1 1 
8 5 8 8 8 -1 8 -1 -1 5 -1 5 -1 5 8 -1 -1 
-1 -1 -1 -1 0 -1 3 -1 0 -1 5 -1 7 1 0 1 1 
4 7 8 8 -1 10 8 -1 -1 7 -1 7 -1 -1 8 -1 8 
8 -1 8 9 12 -1 8 1 1 1 5 1 -1 -1 8 1 1 
-1 8 8 8 0 8 8 8 -1 8 8 0 8 8 -1 8 -1 
8 -1 -1 8 8 1 8 -1 -1 1 -1 1 -1 1 8 -1 1 
8 -1 8 8 8 1 8 1 -1 1 -1 1 8 1 -1 1 -1 
