93
2 45
-1 53 58 25 39 -1 41 14 69 63 53 53 63 32 5 39 53 32 25 34 32 58 53 53 39 -1 39 32 53 58 53 69 25 53 5 63 53 53 58 25 53 39 53 83 53 53 63 53 53 53 53 39 39 -1 25 63 14 34 53 63 5 14 53 -1 14 14 5 39 34 25 25 70 66 53 53 53 83 53 39 53 25 5 25 5 25 53 53 34 53 70 69 32 60 
53 -1 58 -1 62 66 51 14 62 18 54 23 23 32 3 33 53 32 3 61 32 73 53 -1 62 3 62 32 53 73 53 62 -1 -1 87 62 53 72 58 51 53 51 33 23 53 43 58 91 53 23 42 -1 73 -1 -1 62 62 86 53 66 66 33 -1 53 14 32 -1 23 51 25 25 32 66 -1 53 53 72 18 18 53 3 85 3 43 3 -1 -1 -1 51 85 32 -1 86 
58 58 -1 14 26 14 58 -1 26 56 11 7 11 69 7 39 26 88 14 61 58 58 28 11 -1 69 7 58 -1 58 11 -1 58 58 88 28 58 56 7 26 30 58 58 23 58 40 -1 38 30 28 58 88 73 58 11 35 7 88 -1 35 7 14 31 58 14 14 60 11 60 31 35 65 31 58 28 58 72 30 26 58 58 28 14 28 73 58 88 62 -1 72 31 47 58 
25 -1 14 -1 64 14 51 14 62 18 54 14 18 18 -1 54 78 18 -1 61 32 80 53 1 14 -1 14 66 14 58 53 62 1 1 14 66 53 72 14 25 53 39 80 54 53 54 14 54 75 82 80 1 39 1 -1 54 14 54 14 66 66 14 1 25 14 14 -1 18 51 25 25 18 66 1 82 18 80 18 18 53 -1 14 -1 82 -1 1 1 1 51 54 54 1 18 
39 62 26 64 -1 64 41 26 26 56 89 26 26 26 64 39 26 26 78 64 58 58 81 26 26 39 -1 30 26 58 26 62 26 39 64 62 89 -1 26 26 30 26 89 78 53 78 26 26 37 87 58 39 39 30 39 62 26 52 41 72 26 64 26 58 -1 64 72 39 51 26 89 39 37 52 64 41 48 30 64 53 39 26 64 89 51 89 62 62 26 37 41 41 41 
-1 66 14 14 64 -1 81 14 81 60 57 14 60 32 -1 66 26 81 14 34 32 58 81 66 14 -1 14 66 81 58 53 69 25 61 -1 63 53 72 14 25 53 81 80 83 53 83 90 83 83 81 53 39 81 0 14 83 14 34 14 66 -1 14 66 0 14 14 -1 39 34 25 25 65 66 58 83 53 83 81 39 53 60 -1 83 -1 14 81 57 34 57 83 81 34 60 
41 51 58 51 41 81 -1 41 41 54 90 43 43 85 58 41 41 81 54 91 90 58 81 43 41 41 41 51 55 51 51 90 91 51 91 55 53 41 47 41 45 -1 85 -1 91 43 90 43 75 43 51 -1 -1 51 43 43 41 52 41 51 68 73 41 58 78 73 51 41 51 90 83 45 90 52 83 41 83 68 43 53 91 41 83 43 51 52 51 51 51 83 -1 -1 41 
14 14 -1 14 26 14 41 -1 26 56 11 -1 11 18 -1 39 26 26 14 61 58 58 28 11 2 14 -1 30 2 12 11 2 65 61 14 28 53 56 -1 26 30 26 80 23 53 40 2 38 30 23 29 39 39 30 11 62 -1 11 2 66 -1 14 26 12 14 14 60 11 60 26 12 65 31 58 61 41 80 30 26 53 60 14 14 14 14 14 92 62 2 11 11 47 60 
69 62 26 62 26 81 41 26 -1 56 69 26 70 17 26 39 26 -1 17 69 69 85 81 62 26 69 -1 32 81 32 26 62 17 62 69 62 70 26 26 26 30 26 85 62 69 62 90 26 30 81 70 39 81 62 39 62 26 69 41 32 26 26 -1 58 26 32 62 39 81 -1 17 17 62 62 81 41 72 81 26 62 81 -1 81 70 51 81 62 62 17 70 69 32 41 
63 18 56 18 56 60 54 56 56 -1 12 12 -1 18 18 54 56 18 -1 60 32 58 74 12 56 18 56 29 56 12 12 72 18 18 60 63 70 56 56 67 30 56 50 54 75 54 56 54 56 23 29 67 67 75 18 54 -1 12 29 72 12 18 56 12 78 18 72 -1 60 18 12 18 -1 29 29 18 72 18 18 75 18 77 18 70 18 18 92 18 18 72 72 75 18 
53 54 11 54 89 57 90 11 69 12 -1 -1 11 54 11 54 30 88 54 57 90 89 88 11 11 54 11 30 11 12 11 90 54 54 57 89 89 89 11 54 30 54 89 54 90 54 90 54 30 23 29 54 57 30 -1 54 11 -1 90 30 11 14 54 12 14 54 54 11 57 57 89 54 89 54 89 54 89 30 54 53 54 90 54 89 54 89 57 54 57 -1 -1 54 54 
53 23 7 14 26 14 43 -1 26 12 -1 -1 -1 18 7 54 30 70 12 57 90 58 49 -1 7 67 7 30 7 12 -1 7 23 23 57 63 53 48 7 67 30 26 33 23 53 40 7 30 30 23 29 23 57 30 10 43 7 10 7 30 7 14 23 12 14 14 23 -1 60 57 12 70 12 23 29 48 48 30 67 53 60 77 49 43 14 23 23 23 7 10 10 23 60 
63 23 11 18 26 60 43 11 70 -1 11 -1 -1 18 11 66 30 70 9 60 58 58 74 11 11 70 11 29 63 -1 11 72 29 23 60 63 70 56 11 67 30 58 50 23 53 71 63 30 30 23 29 29 73 30 11 63 9 11 29 29 -1 73 23 -1 14 70 60 9 60 70 -1 70 9 29 29 18 72 70 18 53 60 60 74 70 73 89 29 23 70 70 11 29 60 
32 32 69 18 26 32 85 18 17 18 54 18 18 -1 18 71 78 -1 -1 69 32 85 81 32 26 32 17 32 69 32 32 69 -1 32 69 70 70 89 58 32 71 75 85 54 32 71 90 91 75 32 85 32 85 32 18 32 18 69 32 32 92 18 17 18 78 18 18 18 77 -1 17 -1 18 32 32 18 72 18 18 53 18 17 18 70 18 -1 32 32 17 85 69 32 18 
5 3 7 -1 64 -1 58 -1 26 18 11 7 11 18 -1 54 26 65 3 61 58 58 58 3 7 3 7 58 7 58 11 7 65 61 5 63 58 56 7 25 30 58 61 54 58 71 7 38 75 82 58 3 73 58 3 58 7 34 -1 66 5 -1 3 58 -1 -1 3 11 34 25 65 65 66 58 61 65 80 18 64 58 3 5 3 5 3 3 3 3 7 70 58 3 18 
39 33 39 54 39 66 41 39 39 54 54 54 66 71 54 -1 39 71 54 61 33 80 75 33 39 39 39 66 66 66 66 72 33 -1 66 66 71 72 39 -1 71 39 33 54 75 71 66 54 75 33 42 39 39 75 -1 54 39 52 41 66 66 33 33 39 78 71 -1 39 51 39 71 -1 66 33 61 -1 80 80 39 75 -1 41 54 54 51 33 33 33 51 54 54 75 80 
53 53 26 78 26 26 41 26 26 56 30 30 30 78 26 39 -1 26 78 91 32 58 53 30 26 39 -1 30 26 30 -1 62 30 39 91 55 53 26 47 26 30 26 80 47 53 40 26 -1 30 30 30 30 78 30 39 47 26 78 41 30 26 26 26 30 78 78 30 78 77 26 77 39 37 78 30 41 48 30 -1 53 77 26 77 47 51 78 30 62 26 30 30 47 41 
32 32 88 18 26 81 81 26 -1 18 88 70 70 -1 65 71 26 -1 13 81 32 85 81 32 26 32 8 32 70 32 32 62 -1 32 81 70 70 89 26 26 32 81 85 83 32 71 70 91 32 81 70 88 81 32 18 32 26 88 32 32 70 33 8 70 26 32 32 18 77 8 -1 13 89 32 81 18 83 70 18 53 77 -1 77 70 88 13 32 32 -1 70 81 32 18 
25 3 14 -1 78 14 54 14 17 -1 54 12 9 -1 3 54 78 13 -1 61 32 73 75 3 54 3 54 32 70 12 77 69 13 3 77 70 70 56 14 54 77 75 80 54 75 54 70 54 75 82 29 3 78 75 -1 54 9 54 14 66 92 14 3 12 78 -1 3 9 77 13 65 13 9 65 82 -1 72 -1 -1 75 3 77 3 54 3 13 92 3 17 54 54 75 -1 
34 61 61 61 64 34 91 61 69 60 57 57 60 69 61 61 91 81 61 -1 61 73 74 61 61 34 61 91 74 73 77 69 91 61 -1 63 53 61 61 34 77 61 61 83 91 71 61 91 91 87 61 68 57 34 57 87 61 34 61 66 34 -1 87 34 61 61 34 39 34 57 34 61 66 61 61 91 83 68 57 53 91 34 74 34 73 57 57 34 57 57 57 34 60 
32 32 58 32 58 32 90 58 69 32 90 90 58 32 58 33 32 32 32 61 -1 58 53 32 58 32 58 32 55 58 32 69 -1 32 69 55 53 72 58 32 32 58 33 55 -1 55 90 55 32 32 58 32 69 44 32 -1 58 69 -1 32 32 58 55 58 58 32 32 39 51 -1 32 32 69 58 58 53 90 90 55 53 58 90 90 90 73 32 32 32 32 90 -1 32 58 
58 73 58 80 58 58 58 58 85 58 89 58 58 85 58 80 58 85 73 73 58 -1 58 73 58 80 58 58 58 58 58 58 58 73 91 63 58 89 58 58 58 58 80 58 58 73 58 58 80 58 58 73 73 58 73 58 58 73 -1 80 80 73 73 58 58 73 73 58 80 58 73 73 80 -1 58 58 80 80 73 58 -1 85 80 80 73 -1 73 73 58 85 58 80 80 
53 53 28 53 81 81 81 28 81 74 88 49 74 81 58 75 53 81 75 74 53 58 -1 49 28 53 81 53 -1 74 53 28 53 53 81 28 53 89 58 81 53 81 85 83 53 83 28 83 53 -1 53 88 81 -1 53 35 28 88 53 35 81 74 53 35 58 75 53 49 81 81 83 83 83 53 -1 53 83 81 81 53 81 -1 49 -1 88 81 53 49 -1 83 81 53 81 
53 -1 11 1 26 66 43 11 62 12 11 -1 11 32 3 33 30 32 3 61 32 73 49 -1 11 3 11 30 49 12 11 62 1 1 87 55 53 48 11 51 30 43 33 -1 53 43 11 43 30 -1 29 1 43 1 1 43 11 11 53 66 11 33 1 12 78 32 1 11 51 25 12 45 66 1 49 53 83 30 43 53 3 49 49 43 3 1 1 1 49 11 11 1 86 
39 62 -1 14 26 14 41 2 26 56 11 7 11 26 7 39 26 26 54 61 58 58 28 11 -1 39 -1 30 2 58 26 2 26 39 87 28 58 26 7 26 30 26 39 41 58 40 2 26 30 28 58 39 39 58 39 62 26 88 2 35 7 14 26 58 26 14 39 39 51 26 26 39 31 58 28 41 72 30 26 58 39 26 14 28 51 52 62 62 2 37 31 41 41 
-1 3 69 -1 39 -1 41 14 69 18 54 67 70 32 3 39 39 32 3 34 32 80 53 3 39 -1 39 32 70 32 32 69 -1 3 5 70 70 89 14 -1 32 39 80 54 32 71 70 91 32 82 70 39 39 0 3 32 39 69 14 32 5 14 3 0 14 32 3 39 34 -1 -1 70 66 3 82 18 80 70 39 53 3 5 3 5 3 3 3 3 32 70 69 32 18 
39 62 7 14 -1 14 41 -1 -1 56 11 7 11 17 7 39 -1 8 54 61 58 58 81 11 -1 39 -1 30 7 58 16 62 17 39 87 62 53 4 7 -1 30 -1 39 41 53 40 7 16 30 87 58 39 39 30 39 62 -1 52 41 30 7 14 -1 58 4 14 39 39 51 8 17 39 37 52 58 41 48 30 16 53 39 8 14 14 51 52 62 62 7 37 41 41 41 
32 32 58 66 30 66 51 30 32 29 30 30 29 32 58 66 30 32 32 91 32 58 53 30 30 32 30 -1 59 -1 -1 72 -1 32 91 59 50 48 58 51 30 51 50 51 91 40 59 91 30 30 29 -1 91 30 32 32 29 86 29 -1 66 73 32 29 58 32 -1 30 51 32 29 32 66 29 29 91 48 30 30 53 59 32 66 66 51 32 -1 32 51 72 32 -1 86 
53 53 -1 14 26 81 55 2 81 56 11 7 63 69 7 66 26 70 70 74 55 58 -1 49 2 70 7 59 -1 58 53 2 53 53 81 -1 53 56 7 26 53 58 80 55 53 55 2 38 53 22 53 88 81 22 53 35 7 88 2 35 7 74 31 35 14 70 59 11 60 31 35 70 31 58 22 53 83 70 55 53 59 22 49 22 73 81 53 49 2 70 31 53 58 
58 73 58 58 58 58 51 12 32 12 12 12 -1 32 58 66 30 32 12 73 58 58 74 12 58 32 58 -1 58 -1 27 58 27 50 91 59 50 48 58 51 30 58 50 83 58 40 58 58 30 74 -1 27 73 58 73 58 12 73 -1 27 12 73 73 12 58 73 27 12 51 58 12 70 12 -1 -1 58 83 30 73 58 50 58 74 74 73 50 27 73 51 70 58 27 58 
53 53 11 53 26 53 51 11 26 12 11 -1 11 32 11 66 -1 32 77 77 32 58 53 11 26 32 16 -1 53 27 -1 11 27 53 77 59 53 48 11 26 -1 26 80 23 53 40 11 16 -1 23 29 27 78 -1 11 32 11 11 53 27 11 14 26 12 78 32 27 11 77 26 77 45 48 29 29 48 48 -1 16 53 77 77 77 53 51 53 27 53 51 11 11 27 77 
69 62 -1 62 62 69 90 2 62 72 90 7 72 69 7 72 62 62 69 69 69 58 28 62 2 69 62 72 2 58 11 -1 62 62 69 28 58 72 7 62 30 58 62 62 69 62 2 38 72 87 58 62 69 58 62 62 7 69 2 72 7 14 -1 58 14 14 72 72 60 -1 69 69 -1 58 90 58 72 90 62 58 76 90 90 90 62 62 62 62 2 72 -1 62 58 
25 -1 58 1 26 25 91 65 17 18 54 23 29 -1 65 33 30 -1 13 91 -1 58 53 1 26 -1 17 -1 53 27 27 62 -1 1 91 55 53 48 58 25 30 39 33 23 20 71 90 91 30 23 29 1 91 1 1 20 18 69 20 27 25 33 1 25 65 -1 1 39 51 13 17 13 66 1 29 65 91 18 18 53 91 17 3 25 3 1 1 1 17 70 20 -1 18 
53 -1 58 1 39 61 51 61 62 18 54 23 23 32 61 -1 39 32 3 61 32 73 53 1 39 3 39 32 53 50 53 62 1 -1 61 62 50 72 58 15 53 39 -1 23 53 71 58 91 75 23 42 1 39 1 1 62 39 86 53 66 66 -1 1 53 61 32 1 39 51 25 71 15 66 1 61 15 80 80 39 53 15 85 3 74 3 1 1 1 51 85 32 1 80 
5 87 88 14 64 -1 91 14 69 60 57 57 60 69 5 66 91 81 77 -1 69 91 81 87 87 5 87 91 81 91 77 69 91 61 -1 63 53 72 91 25 77 81 91 83 91 83 88 91 91 87 91 68 57 5 57 87 14 -1 14 66 5 19 87 5 14 14 5 39 -1 57 25 65 66 57 61 91 83 68 57 53 91 5 77 5 68 57 57 -1 57 57 57 -1 60 
63 62 28 66 62 63 55 28 62 63 89 63 63 70 63 66 55 70 70 63 55 63 28 55 28 70 62 59 -1 59 59 28 55 62 63 -1 70 89 63 70 55 63 80 55 55 55 -1 55 59 28 70 59 55 28 55 -1 28 69 63 -1 63 63 55 -1 63 70 59 63 77 55 -1 70 66 63 28 70 80 70 55 53 59 28 77 70 59 89 59 62 28 70 46 59 80 
53 53 58 53 89 53 53 53 70 70 89 53 70 70 58 71 53 70 70 53 53 58 53 53 58 70 53 50 53 50 53 58 53 50 53 70 -1 89 58 70 53 58 50 83 53 71 70 53 53 53 -1 53 70 -1 53 70 70 70 53 70 70 50 53 53 58 70 53 53 77 70 -1 70 89 50 50 53 83 70 53 53 50 53 77 70 53 50 53 53 53 70 83 53 58 
53 72 56 72 -1 72 41 56 26 56 89 48 56 89 56 72 26 89 56 61 72 89 89 48 26 89 4 48 56 48 48 72 48 72 72 89 89 -1 56 26 48 26 89 89 53 48 56 26 -1 89 89 39 89 48 89 62 -1 89 41 72 56 56 26 56 4 75 72 56 60 72 89 89 -1 72 89 48 48 48 64 53 76 89 89 89 72 89 48 62 56 -1 72 75 41 
58 58 7 14 26 14 47 -1 26 56 11 7 11 58 7 39 47 26 14 61 58 58 58 11 7 14 7 58 7 58 11 7 58 58 91 63 58 56 -1 26 30 58 58 47 58 47 7 -1 30 23 58 39 73 58 47 47 7 11 -1 58 7 14 26 58 14 14 60 11 60 58 12 47 31 58 58 58 80 30 47 58 58 58 14 47 73 58 58 58 7 11 58 47 58 
25 51 26 25 26 25 41 26 26 67 54 67 67 32 25 -1 26 26 54 34 32 58 81 51 26 -1 -1 51 26 51 26 62 25 15 25 70 70 26 26 -1 30 -1 33 54 91 54 26 26 75 51 42 -1 -1 25 -1 54 26 52 41 51 25 33 26 25 78 32 15 -1 51 25 25 15 66 52 51 15 80 54 -1 53 15 41 25 25 51 52 51 51 51 54 41 52 41 
53 53 30 53 30 53 45 30 30 30 30 30 30 71 30 71 30 32 77 77 32 58 53 30 30 32 30 30 53 30 -1 30 30 53 77 55 53 48 30 30 -1 30 80 45 53 -1 30 30 30 30 30 30 45 30 45 45 30 30 53 30 30 30 30 30 78 71 30 30 77 71 71 45 48 30 30 48 48 30 30 53 77 77 77 45 51 53 30 53 51 30 30 30 77 
39 51 58 39 26 81 -1 26 26 56 54 26 58 75 58 39 26 81 75 61 58 58 81 43 26 39 -1 51 58 58 26 58 39 39 81 63 58 26 58 -1 30 -1 85 6 58 43 58 26 75 81 58 6 6 58 39 43 26 52 -1 92 92 58 26 58 26 75 39 39 51 26 39 39 37 58 58 -1 75 81 39 58 92 -1 81 43 51 81 92 62 51 85 6 6 -1 
53 33 58 80 89 80 85 80 85 50 89 33 50 85 61 33 80 85 80 61 33 80 85 33 39 80 39 50 80 50 80 62 33 -1 91 80 50 89 58 33 80 85 -1 33 91 71 80 91 80 33 -1 33 85 33 33 62 80 85 50 80 80 33 33 50 61 33 33 39 80 85 50 33 80 33 50 33 80 80 85 53 -1 85 80 80 80 -1 33 33 51 85 85 80 80 
83 23 23 54 78 83 -1 23 62 54 54 23 23 54 54 54 47 83 54 83 55 58 83 -1 41 54 41 51 55 83 23 62 23 23 83 55 83 89 47 54 45 6 33 -1 55 -1 55 -1 83 23 83 6 6 23 -1 -1 78 52 41 55 83 83 55 55 78 54 23 78 51 55 83 45 83 23 83 41 83 54 -1 53 54 41 83 -1 51 23 23 23 51 83 6 6 41 
53 53 58 53 53 53 91 53 69 75 90 53 53 32 58 75 53 32 75 91 -1 58 53 53 58 32 53 91 53 58 53 69 20 53 91 55 53 53 58 91 53 58 91 55 -1 53 90 91 53 53 53 53 91 -1 53 20 53 69 20 91 91 53 53 53 58 32 53 53 91 20 53 32 66 53 53 53 91 53 91 53 91 53 53 53 53 53 53 53 53 70 20 -1 91 
53 43 40 54 78 83 43 40 62 54 54 40 71 71 71 71 40 71 54 71 55 73 83 43 40 71 40 40 55 40 40 62 71 71 83 55 71 48 47 54 -1 43 71 -1 53 -1 55 43 40 43 71 43 43 40 43 43 78 52 43 40 71 71 55 55 78 71 71 78 51 71 71 -1 71 71 83 71 83 40 43 53 71 43 83 43 51 71 40 43 51 71 43 43 43 
63 58 -1 14 26 90 90 2 90 56 90 7 63 90 7 66 26 70 70 61 90 58 28 11 2 70 7 59 2 58 11 2 90 58 88 -1 70 56 7 26 30 58 80 55 90 55 -1 38 90 28 58 88 90 58 90 35 7 88 2 35 7 14 31 35 14 70 59 11 60 90 35 70 31 58 90 58 90 70 55 58 59 90 90 90 73 90 59 62 2 70 -1 90 58 
53 91 38 54 26 83 43 38 26 54 54 30 30 91 38 54 -1 91 54 91 55 58 83 43 26 91 16 91 38 58 16 38 91 91 91 55 53 26 -1 26 30 26 91 -1 91 43 38 -1 30 43 58 43 91 30 43 43 26 91 38 91 38 38 26 58 78 91 91 78 91 26 83 45 83 58 83 91 83 30 16 53 91 91 83 43 51 91 91 91 38 83 43 -1 91 
53 53 30 75 37 83 75 30 30 56 30 30 30 75 75 75 30 32 75 91 32 80 53 30 30 32 30 30 53 30 -1 72 30 75 91 59 53 -1 30 75 30 75 80 83 53 40 90 30 -1 30 30 30 91 30 75 83 37 30 53 30 80 75 30 30 37 75 30 30 77 72 75 75 37 75 83 -1 -1 30 30 53 76 75 77 76 51 89 30 53 51 37 83 75 75 
53 23 28 82 87 81 43 23 81 23 23 23 23 32 82 33 30 81 82 87 32 58 -1 -1 28 82 87 30 22 74 23 87 23 23 87 28 53 89 23 51 30 81 33 23 53 43 28 43 30 -1 53 23 81 22 23 43 23 87 53 35 23 74 87 23 78 32 23 23 82 81 82 45 66 23 22 53 83 82 43 53 82 22 -1 22 82 23 23 -1 22 83 81 23 81 
53 42 58 80 58 53 51 29 70 29 29 29 29 85 58 42 30 70 29 61 58 58 53 29 58 70 58 29 53 -1 29 58 29 42 91 70 -1 89 58 42 30 58 -1 83 53 71 58 58 30 53 -1 29 73 36 42 58 29 73 29 29 29 42 42 29 58 70 29 29 51 58 36 70 29 29 29 53 80 70 73 53 42 85 74 70 73 42 29 42 51 70 58 29 80 
39 -1 88 1 39 39 -1 39 39 67 54 23 29 32 3 39 30 88 3 68 32 73 88 1 39 39 39 -1 88 27 27 62 1 1 68 59 53 39 39 -1 30 6 33 6 53 43 88 43 30 23 29 -1 6 1 1 43 39 88 29 27 68 33 1 29 78 32 1 39 -1 39 39 39 66 1 29 39 48 68 39 53 3 41 3 43 -1 1 1 1 -1 85 6 1 41 
39 73 73 39 39 81 -1 39 81 67 57 57 73 85 73 39 78 81 78 57 69 73 81 43 39 39 39 91 81 73 78 69 91 39 57 55 70 89 73 -1 45 6 85 6 91 43 90 91 91 81 73 6 -1 73 39 43 39 -1 73 91 81 73 39 73 78 73 39 39 51 57 39 39 89 -1 73 91 91 81 -1 73 91 -1 81 43 73 -1 57 57 57 85 6 -1 41 
-1 -1 58 1 30 0 51 30 62 75 30 30 30 32 58 75 30 32 75 34 44 58 -1 1 58 0 30 30 22 58 -1 58 1 1 5 28 -1 48 58 25 30 58 33 23 -1 40 58 30 30 22 36 1 73 -1 1 44 30 86 -1 30 5 33 1 0 58 75 1 30 51 25 36 70 66 1 22 -1 48 30 30 -1 3 22 3 22 3 1 1 1 22 70 44 1 58 
25 -1 11 -1 39 14 43 11 39 18 -1 10 11 18 3 -1 39 18 -1 57 32 73 53 1 39 3 39 32 53 73 11 62 1 1 57 55 53 89 47 -1 45 39 33 -1 53 43 90 43 75 23 42 1 39 1 -1 43 18 10 14 66 66 14 1 12 14 18 1 39 51 18 25 15 18 1 82 15 80 18 18 53 3 41 3 43 3 1 1 1 51 10 10 1 18 
63 62 35 54 62 83 43 62 62 54 54 43 63 32 58 54 47 32 54 87 -1 58 35 43 62 32 62 32 35 58 32 62 20 62 87 -1 70 62 47 54 45 43 62 -1 20 43 35 43 83 43 58 43 43 44 43 -1 62 69 20 35 62 58 -1 35 78 32 59 78 51 20 35 45 62 58 83 43 83 70 43 53 59 62 83 43 51 62 62 62 32 70 20 32 43 
14 62 7 14 26 14 41 -1 26 -1 11 7 9 18 7 39 26 26 9 61 58 58 28 11 26 39 -1 29 7 12 11 7 18 39 14 28 70 -1 7 26 30 26 80 78 53 78 7 26 37 23 29 39 39 30 18 62 -1 11 7 66 7 14 26 12 14 14 60 -1 60 26 12 18 9 29 29 18 48 18 67 53 60 26 14 89 14 89 62 62 7 37 11 41 18 
34 86 88 54 52 34 52 11 69 12 -1 10 11 69 34 52 78 88 54 34 69 73 88 11 88 69 52 86 88 73 11 69 69 86 -1 69 70 89 11 52 30 52 85 52 69 52 88 91 30 87 73 88 -1 86 10 69 11 -1 69 86 34 34 69 12 78 73 34 11 34 -1 69 69 69 52 88 91 72 68 52 86 91 52 54 34 73 52 -1 34 -1 10 10 34 86 
53 53 -1 14 41 14 41 2 41 29 90 7 29 32 -1 41 41 32 14 61 -1 -1 53 53 2 14 41 29 2 -1 53 2 20 53 14 63 53 41 -1 41 53 -1 50 41 20 43 2 38 53 53 29 29 73 -1 14 20 7 69 -1 29 7 14 31 -1 14 14 14 41 34 20 29 65 31 -1 29 41 80 53 41 53 21 41 14 14 73 21 29 53 2 85 20 29 41 
63 66 35 66 72 66 51 66 32 72 30 30 29 32 66 66 30 32 66 66 32 80 35 66 35 32 30 -1 35 27 27 72 27 66 66 -1 70 72 58 51 30 92 80 55 91 40 35 91 30 35 29 27 91 30 66 35 66 86 29 -1 66 66 55 35 66 32 -1 30 51 32 35 66 66 29 29 66 80 80 30 53 -1 66 66 66 51 66 27 66 51 70 46 27 80 
5 66 7 66 26 -1 68 -1 26 12 11 7 -1 92 5 66 26 70 92 34 32 80 81 11 7 5 7 66 7 12 11 7 25 66 5 63 70 56 7 25 30 92 80 83 91 71 7 38 80 23 29 68 81 5 66 62 7 34 7 66 -1 14 26 12 14 14 -1 11 -1 25 12 66 66 29 29 66 80 68 92 53 -1 5 66 5 66 66 92 34 7 70 81 80 -1 
14 33 14 14 64 14 73 14 26 18 14 14 73 18 -1 33 26 33 14 -1 58 73 74 33 14 14 14 73 74 73 14 14 33 -1 19 63 50 56 14 33 30 58 33 83 53 71 14 38 75 74 42 33 73 33 14 58 14 34 14 66 14 -1 33 58 14 14 14 14 34 25 65 33 66 -1 -1 33 83 82 64 53 14 14 74 74 73 33 33 33 74 83 83 33 18 
53 -1 31 1 26 66 41 26 -1 56 54 23 23 17 3 33 26 8 3 87 55 73 53 1 26 3 -1 32 31 73 26 -1 1 1 87 55 53 26 26 26 30 26 33 55 53 55 31 26 30 87 42 1 39 1 1 -1 26 69 31 55 26 33 -1 55 26 32 1 39 51 8 17 17 31 1 53 41 72 81 26 53 3 8 3 55 3 1 1 -1 17 72 31 1 41 
-1 53 58 25 58 0 58 12 58 12 12 12 -1 18 58 39 30 70 12 34 58 58 35 12 58 0 58 29 35 12 12 58 25 53 5 -1 53 56 58 25 30 58 50 55 53 55 35 58 30 23 29 29 73 0 12 35 12 12 -1 35 12 58 55 -1 58 58 5 12 60 25 12 70 12 58 29 53 72 70 18 53 58 5 25 5 73 58 29 34 58 70 46 29 58 
14 14 14 14 -1 14 78 14 26 78 14 14 14 78 -1 78 78 26 78 61 58 58 58 78 26 14 4 58 14 58 78 14 65 61 14 63 58 4 14 78 78 26 61 78 58 78 14 78 37 78 58 78 78 58 14 78 14 78 14 66 14 14 26 58 -1 14 14 78 34 25 65 65 37 58 61 65 48 78 -1 58 14 14 14 14 14 78 14 14 14 37 58 78 78 
14 32 14 14 64 14 73 14 32 18 54 14 70 18 -1 71 78 32 -1 61 32 73 75 32 14 32 14 32 70 73 32 14 -1 32 14 70 70 75 14 32 71 75 33 54 32 71 70 91 75 32 70 32 73 75 18 32 14 73 14 32 14 14 32 58 14 -1 14 18 77 18 -1 -1 18 -1 61 -1 75 18 18 75 14 14 14 70 73 18 32 32 32 70 32 32 18 
5 -1 60 -1 72 -1 51 60 62 72 54 23 60 18 3 -1 30 32 3 34 32 73 53 1 39 3 39 -1 59 27 27 72 1 1 5 59 53 72 60 15 30 39 33 23 53 71 59 91 30 23 29 1 39 1 1 59 60 34 14 -1 -1 14 1 5 14 14 -1 39 60 25 25 15 -1 1 29 15 72 18 18 53 3 5 3 5 3 1 1 1 51 72 72 1 60 
39 23 11 18 39 39 41 11 39 -1 11 -1 9 18 11 39 78 18 9 39 39 58 49 11 39 39 39 30 11 12 11 72 39 39 39 63 53 56 11 -1 30 39 39 78 53 78 11 78 30 23 29 39 39 30 39 78 -1 11 41 30 11 14 39 12 78 18 39 -1 51 39 12 39 9 52 29 18 72 18 -1 53 39 41 18 78 51 52 23 23 51 11 11 52 18 
34 51 60 51 51 34 51 60 81 60 57 60 60 77 34 51 77 77 77 34 51 80 81 51 51 34 51 51 60 51 77 60 51 51 -1 77 77 60 60 51 77 51 80 51 91 51 60 91 77 82 51 -1 51 51 51 51 60 34 34 51 -1 34 51 60 34 77 60 51 -1 57 77 77 66 51 82 77 80 -1 51 53 60 77 77 34 51 51 51 34 51 77 51 34 60 
25 25 31 25 26 25 90 26 -1 18 57 57 70 -1 25 39 26 8 13 57 -1 58 81 25 26 -1 8 32 31 58 26 -1 13 25 57 55 70 72 58 25 71 26 85 55 20 71 90 26 72 81 58 39 57 25 18 20 26 -1 20 32 25 25 8 25 25 18 25 39 57 -1 25 13 31 57 90 18 72 18 18 53 25 8 25 90 25 13 57 57 57 57 -1 32 18 
25 25 35 25 89 25 83 12 17 12 89 12 -1 17 65 71 77 -1 65 34 32 73 83 12 26 -1 17 29 35 12 77 69 17 71 25 -1 -1 89 12 25 71 39 50 83 53 71 35 83 75 82 36 39 39 36 25 35 12 69 29 35 12 65 17 12 65 -1 25 12 77 25 -1 -1 89 65 83 65 83 -1 39 53 77 17 77 -1 25 89 25 25 17 -1 83 32 60 
70 32 65 18 39 65 45 65 17 18 54 70 70 -1 65 -1 39 13 13 61 32 73 83 45 39 70 39 32 70 70 45 69 13 15 65 70 70 89 47 15 45 39 33 45 32 -1 70 45 75 45 70 39 39 70 15 45 18 69 65 66 66 33 17 70 65 -1 15 39 77 13 -1 -1 66 65 83 15 80 70 18 70 15 17 77 70 73 13 32 32 17 70 69 32 18 
66 66 31 66 37 66 90 31 62 -1 89 12 9 18 66 66 37 89 9 66 69 80 83 66 31 66 37 66 31 12 48 -1 66 66 66 66 89 -1 31 66 48 37 80 83 66 71 31 83 37 66 29 66 89 66 18 62 9 69 31 66 66 66 31 12 37 18 -1 9 66 31 89 66 -1 66 83 18 -1 18 18 66 76 66 66 76 66 89 66 62 31 -1 31 66 18 
53 -1 58 1 52 58 52 58 62 29 54 23 29 32 58 33 78 32 65 61 58 -1 53 1 58 3 52 29 58 -1 29 58 1 1 57 63 50 72 58 52 30 58 33 23 53 71 58 58 75 23 29 1 -1 1 1 58 29 52 -1 29 29 -1 1 58 58 -1 1 52 51 57 65 65 66 -1 29 65 80 65 52 53 21 52 3 70 -1 1 1 1 51 70 52 1 58 
53 53 28 82 64 83 83 61 81 29 89 29 29 32 61 61 30 81 82 61 58 58 -1 49 28 82 58 29 22 -1 29 90 29 61 61 28 50 89 58 51 30 58 50 83 53 83 90 83 83 22 29 29 73 22 82 83 29 88 29 29 29 -1 53 29 61 61 29 29 82 90 83 83 83 29 -1 53 83 82 83 53 82 22 -1 -1 73 81 29 49 22 83 83 29 58 
53 53 58 18 41 53 41 41 41 18 54 48 18 18 65 -1 41 18 -1 91 53 58 53 53 41 18 41 91 53 58 48 58 65 15 91 70 53 48 58 15 48 -1 33 41 53 71 58 91 -1 53 53 39 91 -1 15 43 18 91 41 66 66 33 41 53 65 -1 15 18 77 18 65 15 18 65 53 -1 48 18 18 53 15 41 18 53 18 18 53 53 53 48 41 -1 18 
83 72 72 80 48 83 83 80 72 72 89 48 72 72 80 80 48 83 72 83 90 80 83 83 72 80 48 48 83 83 48 72 91 80 83 80 83 48 80 80 48 75 80 83 91 83 90 83 -1 83 80 48 91 48 80 83 48 72 80 80 80 83 72 72 48 75 72 72 80 72 83 80 -1 80 83 48 -1 80 83 53 -1 80 83 -1 80 80 92 72 83 72 83 80 80 
53 18 30 18 30 81 68 30 81 18 30 30 70 18 18 80 30 70 -1 68 90 80 81 30 30 70 30 30 70 30 -1 90 18 80 68 70 70 48 30 54 30 81 80 54 53 40 70 30 30 82 70 68 81 30 18 70 18 68 53 80 68 82 81 70 78 18 18 18 -1 18 -1 70 18 65 82 18 80 -1 18 53 -1 -1 -1 70 18 81 30 68 68 70 81 80 18 
39 18 26 18 64 39 43 26 26 18 54 67 18 18 64 39 -1 18 -1 57 55 73 81 43 26 39 16 30 55 73 16 62 18 39 57 55 53 64 47 -1 30 39 85 -1 91 43 55 16 30 43 73 39 -1 30 18 43 67 52 41 30 92 64 26 18 -1 18 18 -1 51 18 39 18 18 52 83 18 83 18 -1 53 18 52 18 43 18 52 57 18 51 83 43 52 18 
53 53 58 53 53 53 53 53 62 75 53 53 53 53 58 75 53 53 75 53 53 58 53 53 58 53 53 53 53 58 53 58 53 53 53 53 53 53 58 53 53 58 53 53 53 53 58 53 53 53 53 53 73 -1 53 53 53 86 53 53 53 53 53 53 58 75 53 53 53 53 53 70 66 53 53 53 53 53 53 -1 53 53 53 53 53 53 53 53 53 70 53 53 58 
25 3 58 -1 39 60 91 60 81 18 54 60 60 18 3 -1 77 77 3 91 58 -1 81 3 39 3 39 59 59 50 77 76 91 15 91 59 50 76 58 15 77 92 -1 54 91 71 59 91 76 82 42 3 91 3 3 59 60 91 21 -1 -1 14 3 58 14 14 3 39 60 25 77 15 76 21 82 15 -1 -1 18 53 -1 77 3 76 3 21 92 3 51 76 81 -1 -1 
5 85 28 14 26 -1 41 14 -1 77 90 77 60 17 5 41 26 -1 77 34 90 85 -1 49 26 5 8 32 22 58 77 90 17 85 5 28 53 89 58 41 77 -1 85 41 53 43 90 91 75 22 85 41 -1 22 41 62 26 52 41 66 5 14 8 5 14 14 5 41 77 8 17 17 66 52 22 41 80 -1 52 53 77 -1 77 5 73 -1 57 34 17 85 -1 52 41 
25 3 14 -1 64 83 83 14 81 18 54 49 74 18 3 54 77 77 3 74 90 80 49 49 14 3 14 66 49 74 77 90 3 3 77 77 77 89 14 25 77 81 80 83 53 83 90 83 77 -1 74 3 81 3 3 83 14 54 14 66 66 74 3 25 14 14 3 18 77 25 77 77 66 3 -1 18 83 -1 18 53 3 77 -1 -1 3 3 3 49 49 83 83 3 18 
5 43 28 82 89 -1 43 14 70 70 89 43 70 70 5 54 47 70 54 34 90 80 -1 43 28 5 14 66 22 74 53 90 25 74 5 70 70 89 47 25 45 43 80 -1 53 43 90 43 76 22 70 43 43 22 43 43 89 34 14 66 5 74 55 5 14 70 5 78 34 90 -1 70 76 70 -1 53 -1 70 43 53 76 5 -1 -1 82 89 43 34 22 -1 -1 34 60 
25 3 73 -1 51 14 51 14 51 18 54 14 73 18 3 51 51 88 3 73 73 73 88 3 51 3 51 51 73 73 51 62 3 3 68 59 53 72 73 51 51 51 80 51 53 51 73 51 51 82 73 -1 73 3 3 51 14 73 73 51 66 73 3 73 14 73 3 51 51 25 25 73 66 -1 73 18 80 18 18 53 3 73 3 82 -1 3 3 3 51 54 51 3 18 
53 -1 58 1 89 81 52 14 81 18 89 23 89 -1 3 33 78 13 13 57 32 -1 81 1 52 3 52 32 81 50 53 62 1 1 57 89 50 89 58 52 53 81 -1 23 53 71 90 91 89 23 42 1 -1 1 1 62 89 52 21 66 66 33 1 58 78 18 1 52 51 13 89 13 89 1 81 18 80 81 52 53 21 -1 3 89 3 -1 1 1 17 -1 81 1 18 
53 -1 88 1 62 57 51 92 62 92 57 23 29 32 3 33 30 32 92 57 32 73 53 1 62 3 62 -1 53 27 27 62 1 1 57 59 53 48 58 51 30 92 33 23 53 40 59 91 30 23 29 1 57 1 1 62 62 -1 29 27 92 33 1 29 14 32 1 23 51 57 25 32 66 1 29 53 92 30 57 53 92 57 3 43 3 1 -1 1 57 57 57 1 -1 
34 -1 62 1 62 34 51 62 62 18 54 23 23 32 3 33 62 32 3 34 32 73 49 1 62 3 62 32 49 73 53 62 1 1 -1 62 53 62 58 51 53 62 33 23 53 43 62 91 53 -1 42 1 57 1 1 62 62 34 53 66 34 33 -1 34 14 32 1 23 34 57 25 32 62 1 49 53 72 68 18 53 3 34 49 34 3 1 1 -1 49 85 62 1 86 
53 51 -1 51 26 57 51 2 17 18 57 7 70 17 7 51 26 -1 17 57 32 58 -1 49 2 32 7 51 2 51 51 2 17 51 57 28 53 56 7 51 51 51 51 51 53 51 2 38 51 22 51 -1 57 22 51 32 7 -1 2 51 7 74 17 58 14 32 51 51 51 57 17 17 31 51 22 53 83 68 51 53 51 17 49 22 51 17 57 49 -1 57 31 32 86 
70 85 72 54 37 83 83 11 70 72 -1 10 70 85 70 54 30 70 54 57 90 85 83 11 37 70 37 72 70 70 11 72 70 85 57 70 70 -1 11 54 30 85 85 83 70 71 70 83 37 83 70 85 85 70 10 70 37 10 85 70 70 83 72 70 37 70 72 11 77 57 -1 70 -1 70 83 48 72 70 83 70 76 85 83 -1 54 -1 57 85 57 -1 10 85 54 
69 32 31 54 41 81 -1 11 69 72 -1 10 11 69 58 54 30 81 54 57 -1 58 81 11 31 69 41 32 31 58 11 -1 20 32 57 46 83 72 58 41 30 6 85 6 20 43 -1 43 83 81 58 6 6 44 10 20 11 10 20 46 81 83 31 46 58 32 72 11 51 -1 83 69 31 52 83 41 83 81 43 53 81 -1 83 -1 51 81 57 62 31 10 -1 6 41 
32 -1 47 1 41 34 -1 47 32 75 54 23 29 32 3 75 47 32 75 34 32 80 53 1 41 32 41 -1 53 27 27 62 -1 1 -1 59 53 75 47 52 30 6 80 6 -1 43 90 -1 75 23 29 1 -1 1 1 32 41 34 29 27 80 33 1 29 78 32 1 52 34 32 32 32 66 1 29 -1 80 80 52 53 -1 52 3 34 3 1 1 1 32 85 6 -1 80 
60 86 58 18 41 60 41 60 41 18 54 60 60 18 18 80 41 18 -1 60 58 80 81 86 41 18 41 86 58 58 77 58 18 80 60 80 58 41 58 41 77 -1 80 41 91 43 58 91 75 81 80 41 41 58 18 43 18 86 41 80 -1 18 41 58 78 18 60 18 60 18 60 18 18 58 58 18 80 18 18 58 -1 41 18 60 18 18 -1 86 86 54 41 80 -1 
