81
11 32
-1 27 47 10 44 64 47 22 10 10 -1 47 22 10 58 22 27 27 -1 64 73 34 -1 34 34 50 34 -1 34 10 50 58 58 50 -1 22 80 27 22 47 51 18 50 27 10 64 50 10 57 22 -1 22 22 22 35 27 22 18 -1 50 10 22 18 34 -1 34 34 50 58 58 22 27 10 18 22 10 64 22 56 10 18 
27 -1 47 43 47 57 47 25 60 47 47 47 26 60 -1 25 27 27 27 72 61 25 35 34 65 -1 25 -1 60 45 55 25 31 25 26 -1 47 27 25 47 51 27 25 -1 27 14 27 -1 57 25 25 47 35 51 25 43 35 25 14 25 -1 35 27 51 27 26 25 50 58 58 27 27 60 55 35 60 14 35 53 25 26 
47 47 -1 -1 44 8 47 28 3 8 47 47 51 8 47 42 3 60 57 36 72 79 51 63 79 47 8 16 8 8 42 79 79 42 26 47 -1 3 55 47 51 43 3 3 3 79 60 -1 57 37 42 47 42 37 44 3 8 3 47 55 -1 8 42 36 57 79 36 79 52 79 47 16 60 55 51 8 3 3 79 -1 3 
10 43 -1 -1 44 8 37 28 -1 8 8 37 26 8 76 42 -1 37 57 8 29 76 77 34 76 57 8 16 8 8 42 80 80 42 26 37 2 -1 55 44 9 43 -1 -1 -1 57 37 2 57 37 42 37 42 37 44 -1 8 -1 73 55 2 8 42 36 57 26 36 76 52 53 13 16 8 55 57 8 -1 -1 42 2 -1 
44 47 44 44 -1 -1 47 52 5 8 44 47 61 44 76 44 44 44 57 5 61 54 52 34 65 54 8 44 8 8 44 80 80 44 26 44 19 44 53 -1 9 44 44 44 -1 57 44 39 57 44 44 44 39 44 44 44 8 5 44 52 8 5 57 36 5 53 36 76 52 53 44 44 8 55 5 -1 5 44 53 8 5 
64 57 8 8 -1 -1 9 28 -1 8 8 9 61 8 76 57 8 64 57 -1 61 76 74 34 76 57 8 64 8 8 78 80 80 76 26 61 19 8 61 4 9 57 8 8 4 57 64 10 57 78 57 74 74 44 44 8 8 -1 61 64 8 -1 57 36 -1 26 36 76 74 76 74 16 8 57 -1 4 -1 64 74 8 -1 
47 47 47 37 47 9 -1 70 9 -1 47 -1 51 56 47 42 37 37 42 9 29 42 56 63 65 42 9 70 9 9 42 42 42 42 26 70 47 -1 49 47 9 42 -1 37 37 29 37 -1 57 37 42 47 42 37 70 37 -1 37 47 50 9 70 42 51 37 53 42 50 52 53 -1 40 9 55 70 9 37 37 56 9 37 
22 25 28 28 52 28 70 -1 28 28 22 70 22 70 68 -1 70 15 22 72 61 25 -1 34 65 15 22 70 -1 28 42 68 68 42 28 22 66 49 49 52 51 15 15 41 53 41 17 51 65 -1 22 22 -1 -1 25 17 22 25 68 28 17 28 68 51 17 53 15 69 -1 53 -1 51 15 59 22 28 70 22 49 28 22 
10 60 3 -1 5 -1 9 28 -1 -1 -1 9 26 -1 45 72 3 60 10 5 29 26 56 34 65 26 -1 10 -1 -1 42 26 31 26 26 56 3 3 26 5 9 26 3 3 3 29 60 10 57 28 10 26 28 28 26 3 -1 3 10 28 -1 5 18 34 5 26 45 79 28 65 13 16 -1 29 5 -1 3 3 56 -1 3 
10 47 8 8 8 8 -1 28 -1 -1 8 6 26 8 45 42 8 37 10 8 29 26 51 34 65 26 8 70 8 8 42 26 31 42 26 70 8 6 26 47 -1 42 -1 8 8 29 42 6 57 37 42 40 42 37 26 8 6 8 10 28 8 8 42 51 8 26 42 50 52 53 6 40 8 29 8 8 8 8 42 8 8 
-1 47 47 8 44 8 47 22 -1 8 -1 47 22 8 47 44 8 44 0 8 29 26 0 34 34 26 8 0 8 8 42 58 58 26 0 22 47 8 53 47 9 18 8 8 -1 29 44 -1 57 22 0 47 22 44 44 8 8 8 0 28 8 8 18 51 0 26 34 50 58 53 13 16 8 18 8 8 8 8 53 8 8 
47 47 47 37 47 9 -1 70 9 6 47 -1 51 56 47 42 37 37 42 9 29 42 56 63 65 42 9 70 9 9 42 42 42 42 26 70 47 6 49 47 9 42 6 37 37 29 37 6 57 37 42 47 42 37 70 37 6 37 47 50 9 70 42 51 37 53 42 50 52 53 6 40 9 55 70 9 37 37 56 9 37 
22 26 51 26 61 61 51 22 26 26 22 51 -1 26 58 22 26 51 22 61 61 26 -1 34 65 26 -1 22 59 26 55 58 58 26 26 22 63 49 -1 51 51 26 52 55 51 58 51 51 65 38 59 -1 22 38 26 26 22 26 -1 -1 26 -1 68 51 59 26 22 59 58 58 22 51 26 58 22 26 26 22 49 26 26 
10 60 8 8 44 8 56 70 -1 8 8 56 26 -1 76 44 8 44 80 8 29 76 56 34 76 26 8 70 8 8 78 76 76 76 26 70 80 8 53 44 9 70 8 8 -1 29 44 10 57 70 76 44 56 44 44 8 -1 8 76 28 8 8 70 51 76 26 44 76 70 53 -1 16 8 29 70 8 -1 8 56 8 76 
58 -1 47 76 76 76 47 68 45 45 47 47 58 76 -1 25 27 27 45 76 45 76 35 66 76 1 25 1 45 45 55 58 58 76 58 1 66 76 58 47 51 45 76 1 76 -1 27 1 57 58 25 47 68 69 25 43 76 45 -1 58 1 35 68 51 45 69 45 76 58 58 27 27 60 58 57 45 -1 64 69 45 76 
22 25 42 42 44 57 42 -1 72 42 44 42 22 44 25 -1 27 -1 41 72 72 25 7 66 66 -1 25 17 7 45 42 25 31 42 26 17 66 17 25 52 42 -1 -1 41 17 41 17 25 57 7 25 17 7 7 25 17 22 25 68 25 17 28 41 51 17 26 -1 50 7 53 7 27 -1 41 22 72 25 22 42 25 26 
27 27 3 -1 44 8 37 70 3 8 8 37 26 8 27 27 -1 27 27 8 29 41 27 34 76 27 8 -1 8 8 42 80 80 42 27 27 3 3 55 44 71 27 3 3 3 41 27 3 57 37 27 27 42 37 44 3 8 3 27 55 3 8 27 36 27 26 27 76 52 53 27 -1 8 55 57 8 3 3 42 3 3 
27 27 60 37 44 64 37 15 60 37 44 37 51 44 27 -1 27 -1 27 64 61 25 35 63 63 15 55 -1 15 60 46 80 80 42 27 -1 60 -1 55 44 51 15 15 55 -1 64 -1 51 64 37 46 -1 15 37 35 -1 35 64 27 55 -1 35 46 51 -1 53 15 50 15 53 27 27 15 55 51 44 64 64 46 60 64 
-1 27 57 57 57 57 42 22 10 10 0 42 22 80 45 41 27 27 -1 57 73 41 0 34 34 57 34 0 34 45 62 80 80 41 -1 22 80 55 41 47 51 -1 41 41 10 41 50 10 57 22 0 22 22 22 41 41 22 -1 0 73 10 34 -1 34 0 34 34 50 62 58 22 27 41 -1 57 10 80 22 62 41 -1 
64 72 36 8 5 -1 9 72 5 8 8 9 61 8 76 72 8 64 57 -1 72 76 74 63 63 57 8 64 8 8 72 80 80 72 26 61 -1 8 61 5 9 72 72 8 5 57 64 36 57 72 57 63 74 44 44 8 8 5 61 64 72 5 57 36 5 26 36 76 72 76 74 16 -1 72 5 5 5 64 74 8 5 
73 61 72 29 61 61 29 61 29 29 29 29 61 29 45 72 29 61 73 72 -1 73 61 61 61 72 29 45 61 -1 73 73 73 72 61 61 72 73 61 61 29 45 72 73 29 29 61 29 57 61 73 61 73 61 61 73 29 45 73 73 72 -1 73 61 45 29 45 73 73 73 61 29 -1 -1 61 29 61 29 56 29 61 
34 25 79 76 54 76 42 25 26 26 26 42 26 76 76 25 41 25 41 76 73 -1 26 34 65 -1 -1 41 59 26 42 -1 31 -1 26 54 79 49 -1 59 26 -1 33 41 54 41 50 25 57 38 25 26 59 38 -1 26 26 25 31 -1 25 26 41 34 59 26 25 76 58 53 41 41 25 59 57 26 -1 64 49 -1 26 
-1 35 51 77 52 74 56 -1 56 51 0 56 -1 56 35 7 27 35 0 74 61 26 -1 34 34 15 12 0 7 56 52 58 58 52 0 -1 63 35 12 52 51 15 52 35 10 64 35 51 74 7 0 -1 -1 7 35 26 -1 74 0 12 35 12 18 51 0 26 15 50 7 53 -1 51 15 18 -1 56 56 -1 56 56 18 
34 34 63 34 34 34 63 34 34 34 34 63 34 34 66 66 34 63 34 63 61 34 34 -1 -1 34 34 34 34 66 55 34 34 34 -1 34 63 55 34 63 63 34 66 41 34 66 50 63 65 34 34 63 34 63 34 34 34 34 34 34 34 34 34 -1 34 24 -1 24 34 65 34 63 66 34 63 34 67 34 65 65 34 
34 65 79 76 65 76 65 65 65 65 34 65 65 76 76 66 76 63 34 63 61 65 34 -1 -1 65 65 34 34 65 78 65 65 65 23 34 63 65 65 63 63 34 67 65 65 66 67 63 65 78 67 63 65 65 65 65 78 65 69 67 65 34 65 23 76 -1 23 -1 65 65 65 63 65 34 78 65 67 76 65 65 65 
50 -1 47 57 54 57 42 15 26 26 26 42 26 26 1 -1 27 15 57 57 72 -1 15 34 65 -1 -1 1 15 26 42 21 31 21 26 1 66 17 21 47 26 15 15 1 54 57 50 1 57 15 -1 17 15 15 -1 26 26 -1 14 21 1 26 57 34 57 26 15 50 15 65 15 27 15 55 57 26 21 57 65 21 26 
34 25 8 8 8 8 9 22 -1 8 8 9 -1 8 25 25 8 55 34 8 29 -1 12 34 65 -1 -1 25 8 8 55 21 31 21 -1 22 80 55 12 8 9 21 8 55 8 29 50 10 65 38 25 12 22 65 21 -1 8 25 12 12 8 12 34 34 80 -1 25 50 58 65 13 16 8 55 8 8 21 8 65 8 -1 
-1 -1 16 16 44 64 70 70 10 70 0 70 22 70 1 17 -1 -1 0 64 45 41 0 34 34 1 25 -1 34 45 46 41 41 41 0 1 16 17 41 47 51 -1 16 1 17 41 17 1 57 37 0 17 22 37 25 17 22 16 0 41 1 35 18 51 0 26 17 50 58 58 -1 16 17 18 70 10 14 16 74 41 16 
34 60 8 8 8 8 9 -1 -1 8 8 9 59 8 45 7 8 15 34 8 61 59 7 34 34 15 8 34 -1 8 59 59 59 59 -1 61 8 8 49 52 9 15 8 8 8 29 59 10 57 7 59 22 7 7 59 59 8 8 34 -1 8 -1 34 34 59 26 15 59 7 53 7 16 8 59 8 8 8 8 49 8 8 
10 45 8 8 8 8 9 28 -1 8 8 9 26 8 45 45 8 60 45 8 -1 26 56 66 65 26 8 45 8 -1 42 26 31 26 26 61 66 8 26 8 9 45 8 8 8 -1 60 10 57 28 10 26 28 28 26 8 8 45 45 28 8 20 45 66 45 26 45 79 28 58 13 16 8 20 8 8 8 8 56 8 8 
50 55 42 42 44 78 42 42 42 42 42 42 55 78 55 42 42 46 62 72 73 42 52 55 78 42 55 46 59 42 -1 42 42 42 55 46 42 55 55 52 42 55 -1 55 42 55 -1 42 62 78 42 46 42 78 42 -1 78 42 68 55 46 46 -1 51 46 78 42 50 62 78 42 42 42 55 78 42 42 42 -1 78 42 
58 25 79 80 80 80 42 68 26 26 58 42 58 76 58 25 80 80 80 80 73 -1 58 34 65 21 21 41 59 26 42 -1 -1 21 26 54 80 80 21 59 58 21 33 41 54 41 50 25 57 38 25 58 59 38 21 26 26 25 -1 21 25 58 68 80 80 26 80 69 58 58 41 80 25 58 80 26 21 80 49 21 -1 
58 31 79 80 80 80 42 68 31 31 58 42 58 76 58 31 80 80 80 80 73 31 58 34 65 31 31 41 59 31 42 -1 -1 31 31 54 80 80 31 59 58 31 33 41 54 41 50 31 57 38 31 58 59 38 31 31 31 31 31 31 31 58 68 80 80 31 80 69 58 58 41 80 31 58 80 31 31 80 49 31 31 
50 25 42 42 44 76 42 42 26 42 26 42 26 76 76 42 42 42 41 72 72 -1 52 34 65 21 21 41 59 26 42 21 31 -1 26 54 42 42 21 52 42 21 -1 41 42 41 42 42 57 38 42 26 42 38 21 26 42 25 31 21 25 26 42 34 59 26 42 50 52 53 42 42 42 59 52 26 21 42 42 21 26 
-1 26 26 26 26 26 26 28 26 26 0 26 26 26 58 26 27 27 -1 26 61 26 0 -1 23 26 -1 0 -1 26 55 26 31 26 -1 22 63 55 26 47 26 18 50 41 10 41 50 10 57 28 0 22 22 28 26 26 22 18 0 28 26 28 18 23 0 26 23 24 28 58 22 27 26 18 22 26 26 22 65 26 18 
22 -1 47 37 44 61 70 22 56 70 22 70 22 70 1 17 27 -1 22 61 61 54 -1 34 34 1 22 1 61 61 46 54 54 54 22 -1 47 17 22 47 51 17 17 1 17 14 17 1 57 22 22 17 22 22 -1 17 22 25 14 22 1 -1 22 51 17 26 17 50 22 53 -1 27 17 55 22 44 14 22 56 54 61 
80 47 -1 2 19 19 47 66 3 8 47 47 63 80 66 66 3 60 80 -1 72 79 63 63 63 66 80 16 8 66 42 80 80 42 63 47 -1 3 55 47 63 66 3 3 3 66 60 2 57 37 42 63 42 63 44 3 8 3 80 80 2 19 80 -1 80 79 -1 79 66 63 47 16 19 80 19 8 80 3 63 2 -1 
27 27 3 -1 44 8 -1 49 3 6 8 6 49 8 76 17 3 -1 55 8 73 49 35 55 65 17 55 17 8 8 55 80 80 42 55 17 3 -1 49 47 9 55 3 3 3 55 17 6 57 -1 42 17 42 -1 35 -1 6 3 69 55 17 35 55 51 17 53 17 69 49 53 6 16 8 55 51 8 3 3 49 3 3 
22 25 55 55 53 61 49 49 26 26 53 49 -1 53 58 25 55 55 41 61 61 -1 12 34 65 21 12 41 49 26 55 21 31 21 26 22 55 49 -1 51 51 21 33 55 53 41 55 51 65 -1 25 12 22 -1 21 -1 22 25 12 12 55 12 55 51 55 53 25 69 49 53 22 51 25 55 22 26 21 22 49 21 26 
47 47 47 44 -1 4 47 52 5 47 47 47 51 44 47 52 44 44 47 5 61 59 52 63 63 47 8 47 52 8 52 59 59 52 47 47 47 47 51 -1 51 47 52 47 4 47 44 -1 57 52 52 47 -1 44 44 59 47 5 68 52 47 5 68 51 5 53 47 52 52 53 47 51 8 59 52 4 5 52 74 47 5 
51 51 51 9 9 9 9 51 9 -1 9 9 51 9 51 42 71 51 51 9 29 26 51 63 63 26 9 51 9 9 42 58 58 42 26 51 63 9 51 51 -1 42 9 9 51 29 51 51 65 37 42 -1 42 51 51 51 9 74 51 51 9 51 42 51 51 53 42 50 51 53 9 -1 9 55 51 9 9 51 53 9 9 
18 27 43 43 44 57 42 15 26 42 18 42 26 70 45 -1 27 15 -1 72 45 -1 15 34 34 15 21 -1 15 45 55 21 31 21 18 17 66 55 21 47 42 -1 15 -1 17 -1 17 27 57 15 18 17 15 15 21 -1 22 18 18 21 17 26 18 34 45 26 15 76 15 53 27 27 15 18 57 26 21 43 55 21 18 
50 25 3 -1 44 8 -1 15 3 -1 8 6 52 8 76 -1 3 15 41 72 72 33 52 66 67 15 8 16 8 8 -1 33 33 -1 50 17 3 3 33 52 9 15 -1 3 3 41 30 6 57 15 -1 17 -1 15 25 3 6 3 50 50 3 8 30 36 17 78 15 50 52 67 6 16 15 55 52 8 3 3 30 3 3 
27 -1 3 -1 44 8 37 41 3 8 8 37 55 8 1 41 3 55 41 8 73 41 35 41 65 1 55 1 8 8 55 41 41 41 41 1 3 3 55 47 9 -1 3 -1 3 41 55 1 57 37 25 47 42 37 25 -1 8 3 14 55 1 35 41 36 45 55 41 76 41 53 27 16 8 55 57 8 3 3 55 3 3 
10 27 3 -1 -1 4 37 53 3 8 -1 37 51 -1 76 17 3 -1 10 5 29 54 10 34 65 54 8 17 8 8 42 54 54 42 10 17 3 3 53 4 51 17 3 3 -1 57 17 10 57 37 10 17 39 -1 -1 3 13 3 10 54 17 5 18 51 17 53 17 69 53 53 13 16 8 55 5 4 3 3 53 3 3 
64 14 79 57 57 57 29 41 29 29 29 29 58 29 -1 41 41 64 41 57 29 41 64 66 66 57 29 41 29 -1 55 41 41 41 41 14 66 55 41 47 29 -1 41 41 57 -1 64 14 57 41 57 64 64 79 41 41 29 -1 14 64 14 29 41 66 -1 79 -1 79 58 58 41 41 29 29 57 29 14 64 74 -1 64 
50 27 60 37 44 64 37 17 60 42 44 37 51 44 27 17 27 -1 50 64 61 50 35 50 67 50 50 17 59 60 -1 50 50 42 50 17 60 17 55 44 51 17 30 55 17 64 -1 51 62 37 -1 17 42 37 35 17 78 50 50 50 17 35 30 51 17 78 17 50 62 67 27 27 17 55 51 44 64 64 30 67 64 
10 -1 -1 2 39 10 -1 51 10 6 -1 6 51 10 1 25 3 51 10 36 29 25 51 63 63 1 10 1 10 10 42 25 31 42 10 1 2 6 51 -1 51 27 6 1 10 14 51 -1 57 37 10 -1 39 51 25 3 6 3 10 51 1 35 18 51 10 53 36 79 52 53 6 51 10 18 51 10 3 3 53 2 3 
57 57 57 57 57 57 57 65 57 57 57 57 65 57 57 57 57 64 57 57 57 57 74 65 65 57 65 57 57 57 62 57 57 57 57 57 57 57 65 57 65 57 57 57 57 57 62 57 -1 78 57 65 68 65 57 57 78 -1 68 64 57 57 -1 65 57 -1 57 65 62 65 74 57 57 57 57 57 57 57 65 65 57 
22 25 37 37 44 78 37 -1 28 37 22 37 38 70 58 7 37 37 22 72 61 38 7 34 78 15 38 37 7 28 78 38 38 38 28 22 37 -1 -1 52 37 15 15 37 37 41 37 37 78 -1 22 22 7 7 38 37 78 37 38 28 37 28 68 51 37 78 15 69 7 53 7 37 15 55 78 28 37 22 -1 38 37 
-1 25 42 42 44 57 42 22 10 42 0 42 59 76 25 25 27 46 0 57 73 25 0 34 67 -1 25 0 59 10 42 25 31 42 0 22 42 42 25 52 42 18 -1 25 10 57 -1 10 57 22 -1 22 42 69 25 59 22 25 0 -1 25 59 18 34 0 26 25 -1 52 67 22 27 25 59 22 10 67 22 42 67 18 
22 47 47 37 44 74 47 22 26 40 47 47 -1 44 47 17 27 -1 22 63 61 26 -1 63 63 17 12 17 22 26 46 58 58 26 22 17 63 17 12 47 -1 17 17 47 17 64 17 -1 65 22 22 -1 22 -1 35 17 22 74 12 12 17 12 22 -1 17 53 17 69 22 53 22 40 17 55 -1 26 64 22 53 47 26 
22 35 42 42 39 74 42 -1 28 42 22 42 22 56 68 7 42 15 22 74 73 59 -1 34 65 15 22 22 7 28 42 59 59 42 22 22 42 42 22 -1 42 15 -1 42 39 64 42 39 68 7 42 22 -1 7 35 59 22 74 68 -1 17 22 68 51 59 53 15 50 -1 53 7 42 15 59 -1 39 42 22 74 59 42 
22 51 37 37 44 44 37 -1 28 37 44 37 38 44 69 7 37 37 22 44 61 38 7 63 65 15 65 37 7 28 78 38 38 38 28 22 63 -1 -1 44 51 15 15 37 -1 79 37 51 65 7 69 -1 7 -1 44 37 78 37 69 28 37 28 65 51 37 -1 15 69 7 -1 7 51 15 55 51 44 37 22 -1 65 37 
35 25 44 44 44 44 70 25 26 26 44 70 26 44 25 25 44 35 41 44 61 -1 35 34 65 -1 21 25 59 26 42 21 31 21 26 -1 44 35 21 44 51 21 25 25 -1 41 35 25 57 38 25 35 35 44 -1 26 35 25 31 21 25 35 41 51 35 26 25 50 25 53 35 44 25 59 35 44 21 35 53 21 26 
27 43 3 -1 44 8 37 17 3 8 8 37 26 8 43 17 3 -1 41 8 73 26 26 34 65 26 -1 17 59 8 -1 26 31 26 26 17 3 -1 -1 59 51 -1 3 -1 3 41 17 3 57 37 59 17 59 37 26 -1 8 3 73 -1 17 26 30 51 17 26 17 59 59 53 27 16 8 -1 51 8 3 3 30 3 3 
22 35 8 8 8 8 -1 22 -1 6 8 6 22 -1 76 22 8 35 22 8 29 26 -1 34 78 26 8 22 8 8 78 26 31 42 22 22 8 6 22 47 9 22 6 8 13 29 78 6 78 78 22 22 22 78 35 8 -1 8 22 22 8 8 78 51 8 78 22 76 22 78 6 16 8 22 22 8 13 22 -1 8 8 
18 25 3 -1 5 -1 37 25 3 8 8 37 26 8 45 25 3 64 -1 5 45 25 74 34 65 -1 25 16 8 45 42 25 31 25 18 25 3 3 25 5 74 18 3 3 3 -1 50 3 -1 37 25 74 74 37 25 3 8 -1 18 64 3 5 18 74 -1 48 45 50 62 65 74 16 8 18 -1 5 3 3 74 45 3 
-1 14 47 73 44 61 47 68 10 10 0 47 -1 76 -1 68 27 27 0 61 73 31 0 34 69 14 12 0 34 45 68 -1 31 31 0 14 80 69 12 68 51 18 50 14 10 14 50 10 68 38 0 12 68 69 31 73 22 18 -1 12 14 12 68 51 0 69 45 69 -1 -1 22 27 73 -1 22 10 14 22 69 31 31 
50 25 55 55 52 64 50 28 28 28 28 50 -1 28 58 25 55 55 73 64 73 -1 12 34 67 21 12 41 -1 28 55 21 31 21 28 22 80 55 12 52 51 21 50 55 54 64 50 51 64 28 -1 12 -1 28 21 -1 22 64 12 -1 28 12 55 51 -1 26 64 50 52 58 22 51 28 -1 52 28 21 64 55 21 64 
10 -1 -1 2 8 8 9 17 -1 8 8 9 26 8 1 17 3 -1 10 72 72 25 35 34 65 1 8 1 8 8 46 25 31 25 26 1 2 17 55 47 9 17 3 1 17 14 17 1 57 37 25 17 17 37 25 17 8 3 14 28 -1 8 46 36 17 26 17 79 17 53 13 16 -1 55 8 8 3 3 56 2 3 
22 35 8 8 5 -1 70 28 5 8 8 70 -1 8 35 28 8 35 34 5 -1 26 12 34 34 26 12 35 -1 20 46 58 58 26 28 -1 19 35 12 5 51 26 8 35 5 29 35 35 57 28 59 12 22 28 35 26 8 5 12 12 8 -1 34 51 5 26 28 76 28 58 35 51 20 20 5 5 5 22 74 8 5 
18 27 42 42 57 57 42 68 18 42 18 42 68 70 68 41 27 46 -1 57 73 41 18 34 65 57 34 18 34 45 -1 68 68 42 18 22 80 55 55 68 42 18 30 41 18 41 30 18 -1 68 18 22 68 65 41 30 78 18 68 55 46 34 -1 34 18 48 34 50 -1 65 68 27 41 18 57 18 80 22 30 65 18 
34 51 36 36 36 36 51 51 34 51 51 51 51 51 51 51 36 51 34 36 61 34 51 -1 23 34 34 51 34 66 51 80 80 34 23 51 -1 51 51 51 51 34 36 36 51 66 51 51 65 51 34 -1 51 51 51 51 51 74 51 51 36 51 34 -1 51 24 23 24 51 53 51 51 36 34 51 34 80 51 53 36 36 
-1 27 57 57 5 -1 37 17 5 8 0 37 59 76 45 17 27 -1 0 5 45 59 0 34 76 57 80 0 59 45 46 80 80 59 0 17 80 17 55 5 51 45 17 45 17 -1 17 10 57 37 0 17 59 37 35 17 8 -1 0 -1 17 5 18 51 -1 57 45 76 58 58 22 27 8 59 5 5 -1 -1 74 45 -1 
34 26 79 26 53 26 53 53 26 26 26 53 26 26 69 26 26 53 34 26 29 26 26 24 -1 26 -1 26 26 26 78 26 31 26 26 26 79 53 53 53 53 26 78 55 53 79 78 53 -1 78 26 53 53 -1 26 26 78 48 69 26 26 26 48 24 57 -1 24 24 53 -1 53 53 26 55 78 26 26 26 -1 -1 26 
34 25 36 36 36 36 42 15 45 42 34 42 22 44 45 -1 27 15 34 36 45 25 15 -1 23 15 25 17 15 45 42 80 80 42 23 17 -1 17 25 47 42 15 15 41 17 -1 17 36 57 15 25 17 15 15 25 17 22 45 45 64 17 28 34 23 45 24 -1 24 15 53 15 27 15 34 57 45 45 64 42 45 36 
50 50 79 76 76 76 50 69 79 50 50 50 59 76 76 50 76 50 50 76 73 76 50 24 -1 50 50 50 59 79 50 69 69 50 24 50 79 69 69 52 50 76 50 76 69 79 50 79 65 69 -1 69 50 69 50 59 76 50 69 50 79 76 50 24 76 24 24 -1 69 -1 76 76 79 59 76 79 -1 76 65 -1 76 
58 58 52 52 52 74 52 -1 28 52 58 52 58 70 58 7 52 15 62 72 73 58 7 34 65 15 58 58 7 28 62 58 58 52 28 22 66 49 49 52 51 15 52 41 53 58 62 52 62 7 52 22 -1 7 25 59 22 62 -1 52 17 28 -1 51 58 53 15 69 -1 58 7 51 15 58 52 28 58 22 49 28 58 
58 58 79 53 53 76 53 53 65 53 53 53 58 53 58 53 53 53 58 76 73 53 53 65 65 65 65 58 53 58 78 58 58 53 58 53 63 53 53 53 53 53 67 53 53 58 67 53 65 53 67 53 53 -1 53 53 78 65 -1 58 53 58 65 53 58 -1 53 -1 58 -1 53 53 53 58 53 53 67 53 53 65 58 
22 27 47 13 44 74 -1 -1 13 6 13 6 22 -1 27 7 27 27 22 74 61 41 -1 34 65 15 13 -1 7 13 42 41 41 42 22 -1 47 6 22 47 9 27 6 27 13 41 27 6 74 7 22 22 7 7 35 27 6 74 22 22 13 35 68 51 22 53 15 76 7 53 -1 27 13 22 -1 13 13 22 74 13 74 
27 27 16 16 44 16 40 51 16 40 16 40 51 16 27 27 -1 27 27 16 29 41 51 63 63 27 16 16 16 16 42 80 80 42 27 27 16 16 51 51 -1 27 16 16 16 41 27 51 57 37 27 40 42 51 44 16 16 16 27 51 16 51 27 51 27 53 27 76 51 53 27 -1 16 55 51 16 16 16 53 16 16 
10 60 60 8 8 8 9 15 -1 8 8 9 26 8 60 -1 8 15 41 -1 -1 25 15 66 65 15 8 17 8 8 42 25 31 42 26 17 19 8 25 8 9 15 15 8 8 29 17 10 57 15 25 17 15 15 25 8 8 8 73 28 -1 20 41 36 8 26 15 79 15 53 13 16 -1 20 8 8 8 8 56 8 8 
18 55 55 55 55 57 55 59 29 29 18 55 58 29 58 41 55 55 -1 72 -1 59 18 34 34 55 55 18 59 20 55 58 58 59 18 55 80 55 55 59 55 18 55 55 55 29 55 18 57 55 59 55 59 55 59 -1 22 18 -1 -1 55 20 18 34 59 55 34 59 58 58 22 55 20 -1 57 29 55 55 55 59 18 
22 35 51 57 5 -1 70 22 5 8 8 70 22 70 57 22 57 51 57 5 61 57 -1 63 78 57 8 70 8 8 78 80 80 52 22 22 19 51 22 52 51 57 52 57 5 57 51 51 57 78 22 -1 -1 51 35 51 22 -1 22 52 8 5 57 51 5 78 57 76 52 53 -1 51 8 57 -1 5 5 22 -1 8 5 
10 60 8 8 -1 4 9 28 -1 8 8 9 26 8 45 72 8 44 10 5 29 26 56 34 65 26 8 10 8 8 42 26 31 26 26 44 8 8 26 4 9 26 8 8 4 29 44 10 57 28 10 26 39 44 44 8 8 5 10 28 8 5 18 34 5 26 45 79 28 53 13 16 8 29 5 -1 5 8 56 8 5 
64 14 3 -1 5 -1 37 70 3 8 8 37 26 -1 -1 25 3 64 80 5 61 -1 56 67 67 21 21 14 8 8 42 21 31 21 26 14 80 3 21 5 9 21 3 3 3 14 64 3 57 37 67 64 42 37 21 3 13 3 14 21 3 5 80 80 -1 26 45 -1 58 67 13 16 8 55 5 5 -1 3 56 21 -1 
22 35 3 -1 44 64 37 22 3 8 8 37 22 8 64 22 3 64 22 64 29 64 -1 34 76 57 8 16 8 8 42 80 80 42 22 22 3 3 22 52 51 43 3 3 3 64 64 3 57 22 22 22 22 22 35 3 22 3 22 64 3 22 22 51 -1 26 64 76 22 53 22 16 8 55 22 8 3 -1 56 3 3 
56 53 79 42 53 74 56 49 56 42 53 56 49 56 69 42 42 46 62 74 56 49 56 65 65 65 65 74 49 56 -1 49 49 42 65 56 63 49 49 74 53 55 30 55 53 74 30 53 65 -1 42 53 74 -1 53 30 -1 74 69 55 56 74 30 53 74 -1 42 65 49 53 74 53 56 55 -1 56 56 56 -1 65 65 
10 25 -1 2 8 8 9 28 -1 8 8 9 26 8 45 25 3 60 41 8 29 -1 56 65 65 21 8 41 8 8 78 21 31 21 26 54 2 3 21 47 9 21 3 3 3 -1 67 2 65 38 67 47 59 65 21 3 8 45 31 21 2 8 65 36 45 -1 45 -1 28 65 13 16 8 59 8 8 21 3 65 -1 3 
18 26 3 -1 5 -1 37 22 3 8 8 37 26 76 76 26 3 64 -1 5 61 26 18 34 65 26 -1 16 8 8 42 -1 31 26 18 61 -1 3 26 5 9 18 3 3 3 64 64 3 57 37 18 26 42 37 26 3 8 3 31 64 3 5 18 36 -1 26 36 76 58 58 74 16 8 18 5 5 -1 3 65 3 -1 
