84
6 29
-1 -1 36 45 67 1 26 83 73 1 67 36 55 36 9 73 67 67 67 31 38 38 36 73 67 76 1 36 5 67 26 1 67 46 73 38 1 31 1 73 73 36 38 9 67 38 1 5 67 73 5 73 79 31 79 9 36 26 67 79 38 67 67 67 67 67 67 -1 83 73 67 79 5 -1 79 79 73 67 67 -1 37 67 73 73 
-1 -1 36 45 36 -1 26 31 36 -1 26 36 55 36 9 38 14 36 31 31 38 38 36 14 69 28 -1 36 5 36 26 -1 30 46 31 38 -1 31 -1 26 51 36 38 9 38 38 -1 5 47 51 5 5 30 31 53 9 36 26 26 36 38 51 37 67 38 31 36 0 30 5 69 36 5 0 5 57 28 46 38 0 37 46 5 36 
36 36 -1 62 48 72 39 -1 39 55 48 -1 55 36 31 48 50 56 19 7 48 48 36 72 72 76 55 36 48 56 56 19 48 48 7 48 11 62 56 7 51 56 56 62 50 56 77 48 -1 34 7 48 56 56 56 11 -1 72 62 36 72 72 -1 48 56 56 39 62 56 39 19 36 -1 51 72 48 62 48 48 56 7 55 39 7 
45 45 62 -1 45 45 62 62 76 62 76 62 60 45 45 21 45 60 45 45 21 -1 59 60 32 76 45 59 45 60 62 62 21 45 49 45 45 62 45 51 42 42 21 62 21 -1 45 45 32 45 45 45 62 21 60 62 45 62 62 45 45 32 -1 45 21 45 62 62 62 45 45 49 60 76 45 48 62 45 62 59 45 45 51 62 
67 36 48 45 -1 47 47 80 13 16 47 36 81 -1 16 48 -1 13 16 18 64 64 83 16 80 35 81 36 47 17 80 16 48 81 49 16 13 80 35 13 51 13 17 80 49 16 77 -1 47 16 16 47 80 64 64 81 64 81 81 45 17 80 80 16 -1 17 13 64 83 47 18 17 47 83 47 17 13 16 83 82 -1 -1 81 -1 
1 -1 72 45 47 -1 26 50 50 1 47 36 69 36 31 69 50 36 31 31 38 38 36 69 69 28 1 36 -1 36 56 -1 48 28 50 47 -1 31 1 51 51 36 51 9 50 38 1 -1 47 51 -1 -1 50 31 53 9 36 72 67 36 72 51 37 67 67 31 51 -1 36 -1 69 36 -1 51 -1 74 28 67 47 74 37 82 -1 36 
26 26 39 62 47 26 -1 39 39 26 -1 55 55 39 26 69 81 39 70 39 32 32 68 66 32 76 -1 36 47 39 -1 26 30 81 39 47 26 51 26 -1 51 39 56 58 52 80 26 10 32 51 39 39 30 56 52 26 30 26 -1 80 38 32 30 67 56 58 39 10 30 39 10 70 57 51 82 57 10 67 58 82 30 10 26 39 
83 31 -1 62 80 50 39 -1 39 31 39 2 49 83 31 48 50 83 19 -1 50 48 83 49 80 82 39 36 31 83 80 19 48 31 -1 50 11 80 51 -1 51 83 56 62 50 80 31 48 2 34 -1 39 50 31 52 11 2 72 39 80 72 80 2 48 56 19 39 50 83 39 19 49 2 83 50 48 19 48 83 82 -1 19 39 -1 
73 36 39 76 13 50 39 39 -1 36 76 36 51 -1 50 51 50 13 76 39 50 50 36 51 69 76 39 36 76 17 39 50 51 76 39 50 13 51 51 -1 51 13 17 76 50 50 36 51 51 51 -1 -1 50 41 52 36 36 72 39 36 17 51 76 50 13 17 13 50 83 39 69 17 50 51 50 17 -1 50 50 82 13 13 39 13 
1 -1 55 62 16 1 26 31 36 -1 26 55 55 36 -1 38 14 65 16 31 38 38 36 14 18 82 -1 36 5 65 26 1 30 46 49 16 1 31 1 26 51 36 38 -1 78 16 1 5 78 16 5 5 30 31 53 -1 36 26 43 36 23 24 43 16 16 43 23 1 30 5 18 23 5 1 5 23 62 16 55 1 62 55 26 78 
67 26 48 76 47 47 -1 39 76 26 -1 81 81 47 81 48 81 67 70 70 67 32 68 70 67 76 6 71 47 67 6 47 30 81 39 47 47 51 47 6 51 47 51 58 67 81 77 -1 47 51 47 47 30 67 71 81 30 26 6 71 47 51 76 67 67 67 39 -1 30 70 -1 70 47 76 47 48 -1 67 47 67 30 -1 81 47 
36 36 -1 62 36 36 55 2 36 55 81 -1 55 36 55 48 81 36 81 7 38 48 36 55 72 36 55 36 36 36 56 36 48 81 7 78 -1 62 36 7 51 36 56 55 78 38 36 36 2 34 7 36 56 56 56 -1 2 55 62 36 72 72 2 48 56 78 36 36 36 36 69 36 2 36 36 48 62 48 55 36 7 55 36 7 
55 55 55 60 81 69 55 49 51 55 81 55 -1 66 23 69 23 60 81 31 49 49 71 -1 69 78 55 71 31 60 55 23 69 81 49 78 55 31 60 66 51 66 60 55 49 60 55 51 75 23 23 49 49 31 60 -1 55 55 66 60 23 69 55 23 81 78 23 66 83 23 69 23 60 69 75 23 73 23 55 60 60 55 55 78 
36 36 36 45 -1 36 39 83 -1 36 47 36 66 -1 16 42 4 -1 83 83 42 42 36 66 80 76 36 36 36 17 56 36 48 81 83 16 -1 83 36 8 42 -1 17 65 50 16 36 4 47 16 8 8 50 41 53 36 36 66 66 36 17 42 66 16 4 17 -1 36 83 36 71 17 36 83 36 17 8 16 83 36 4 4 36 -1 
9 9 31 45 16 31 26 31 50 -1 81 55 23 16 -1 69 -1 60 16 31 53 45 71 -1 18 31 9 71 31 60 26 -1 24 31 49 16 9 31 9 66 51 53 53 9 49 16 9 16 63 16 16 31 49 31 53 9 53 26 43 45 23 24 37 16 16 31 23 31 83 23 18 23 31 69 31 23 18 16 35 9 16 16 26 16 
73 38 48 21 48 69 69 48 51 38 48 48 69 42 69 -1 63 42 69 48 -1 20 68 69 69 38 38 69 38 42 48 53 48 38 48 38 69 51 20 69 42 42 20 62 20 38 77 48 -1 44 44 48 44 20 53 78 38 75 78 45 38 69 48 48 20 38 51 63 48 -1 69 69 48 69 69 48 73 48 48 54 69 48 51 73 
67 14 50 45 -1 50 81 50 50 14 81 81 23 4 -1 63 -1 13 -1 18 38 45 59 14 18 35 14 59 31 17 80 14 24 81 49 -1 13 31 35 50 51 13 17 14 49 -1 77 4 63 -1 -1 49 49 31 60 81 38 72 81 45 45 24 45 -1 4 18 13 63 83 23 18 49 50 51 50 23 18 -1 35 59 4 -1 81 4 
67 36 56 60 13 36 39 83 13 65 67 36 60 -1 60 42 13 -1 65 65 42 42 71 60 65 60 75 71 60 -1 56 65 75 60 71 60 13 65 60 13 42 13 -1 65 42 60 36 13 75 71 13 13 60 41 60 78 42 75 65 60 -1 42 65 67 13 -1 13 65 83 60 71 -1 60 83 75 -1 13 67 65 60 13 13 75 13 
67 31 19 45 16 31 70 19 76 16 70 81 81 83 16 69 -1 65 -1 -1 65 32 83 16 -1 76 81 71 76 65 32 19 24 81 19 16 83 83 65 19 61 83 65 65 49 16 77 16 32 16 16 49 32 31 71 81 65 72 81 45 45 24 76 16 16 -1 81 65 83 24 -1 70 24 76 76 65 -1 16 65 82 24 -1 81 -1 
31 31 7 45 18 31 39 -1 39 31 70 7 31 83 31 48 18 65 -1 -1 53 32 83 31 18 31 31 36 31 65 80 -1 24 31 7 18 31 31 31 7 51 53 53 65 50 18 31 31 7 18 7 31 50 31 53 81 7 31 81 45 31 24 7 18 53 18 39 31 83 24 18 70 7 76 31 31 18 18 65 31 7 18 31 7 
38 38 48 21 64 38 32 50 50 38 67 38 49 42 53 -1 38 42 65 53 -1 -1 38 49 32 38 38 38 38 42 32 53 21 38 49 38 38 51 -1 51 42 42 -1 65 -1 38 38 38 15 44 44 38 44 -1 53 78 38 38 67 45 38 42 21 44 -1 38 51 64 32 15 69 42 50 51 38 42 38 48 44 54 45 64 51 64 
38 38 48 -1 64 38 32 48 50 38 32 48 49 42 45 20 45 42 32 32 -1 -1 68 49 32 38 32 59 38 42 32 53 -1 38 49 38 38 62 20 32 42 42 20 62 20 3 38 48 32 44 44 38 32 20 53 78 32 62 62 45 38 32 3 32 20 38 51 64 32 20 32 42 32 51 38 48 62 48 44 54 32 32 51 32 
36 36 36 59 83 36 68 83 36 36 68 36 71 36 71 68 59 71 83 83 38 68 -1 71 68 36 36 -1 36 71 68 36 68 36 71 83 27 83 36 68 51 36 56 68 68 59 36 36 68 71 36 36 68 56 71 36 36 36 68 27 59 68 68 59 56 71 36 36 -1 36 71 27 36 83 36 71 68 46 83 59 68 83 36 68 
73 14 72 60 16 69 66 49 51 14 70 55 -1 66 -1 69 14 60 16 31 49 49 71 -1 69 31 14 71 31 60 52 14 69 31 49 16 66 31 60 66 51 66 60 14 49 60 14 51 75 -1 16 49 49 31 60 12 60 75 66 60 -1 69 66 16 16 31 -1 66 71 -1 69 -1 60 69 75 -1 73 16 49 60 60 16 51 66 
67 69 72 32 80 69 32 80 69 18 67 72 69 80 18 69 18 65 -1 18 32 32 68 69 -1 76 72 69 69 65 32 19 -1 81 80 18 69 80 69 69 61 61 61 65 63 80 69 48 32 18 72 48 32 31 72 81 32 72 67 80 72 -1 80 -1 67 18 69 63 32 -1 18 69 -1 69 61 48 18 18 48 67 -1 18 69 18 
76 28 76 76 35 28 76 82 76 82 76 36 78 76 31 38 35 60 76 31 38 38 36 31 76 -1 82 36 -1 60 76 28 48 28 49 -1 28 31 28 82 74 53 38 76 78 35 33 28 47 35 28 82 76 31 82 78 38 82 76 82 38 74 76 35 35 31 82 28 76 28 76 49 28 76 28 74 -1 35 35 82 76 82 -1 76 
1 -1 55 45 81 1 -1 39 39 -1 6 55 55 36 9 38 14 75 81 31 38 32 36 14 72 82 -1 36 5 75 6 1 30 46 39 38 1 31 1 6 82 36 38 9 78 38 1 5 75 82 5 82 30 31 82 -1 30 -1 6 82 38 72 30 16 38 31 39 1 30 5 10 23 57 82 82 57 10 46 55 82 30 55 -1 78 
36 36 36 59 36 36 36 36 36 36 71 36 71 36 71 69 59 71 71 36 38 59 -1 71 69 36 36 -1 36 71 56 36 56 36 71 38 -1 36 36 36 51 36 56 36 71 59 36 36 36 71 36 36 71 56 71 36 36 36 66 -1 59 51 36 59 56 71 36 36 22 36 71 -1 36 36 36 71 36 46 55 59 59 36 36 36 
5 5 48 45 47 -1 47 31 76 5 47 36 31 36 31 38 31 60 76 31 38 38 36 31 69 -1 5 36 -1 60 56 -1 48 -1 31 25 5 31 -1 51 74 53 38 65 38 38 33 -1 47 51 5 5 44 31 53 81 38 72 67 45 38 74 76 48 38 31 51 5 56 5 47 31 5 76 -1 74 -1 46 35 74 37 33 5 37 
67 36 56 60 17 36 39 83 17 65 67 36 60 17 60 42 17 -1 65 65 42 42 71 60 65 60 75 71 60 -1 56 65 75 60 71 60 17 65 60 17 42 17 17 65 42 60 36 17 75 71 17 17 60 41 60 78 42 75 65 60 17 42 65 67 17 17 17 65 83 60 71 17 60 83 75 17 17 67 65 60 17 17 75 17 
26 26 56 62 80 56 -1 80 39 26 6 56 55 56 26 48 80 56 32 80 32 32 68 52 32 76 6 56 56 56 -1 56 -1 56 80 56 56 62 56 6 56 56 56 62 52 80 26 10 32 52 52 39 -1 56 52 26 -1 26 6 80 54 32 -1 32 56 56 39 10 -1 32 10 54 32 76 56 48 62 48 48 54 -1 10 26 68 
1 -1 19 62 16 -1 26 19 50 1 47 36 23 36 -1 53 14 65 19 -1 53 53 36 14 19 28 1 36 -1 65 56 -1 24 28 19 16 1 -1 1 19 51 53 53 65 50 16 1 5 47 16 5 5 54 -1 53 9 53 26 62 36 23 24 37 16 53 -1 23 5 83 5 19 23 5 1 5 23 28 16 65 1 37 16 5 37 
67 30 48 21 48 48 30 48 51 30 30 48 69 48 24 48 24 75 24 24 21 -1 68 69 -1 48 30 56 48 75 -1 24 -1 48 48 48 56 51 21 30 51 42 21 62 21 21 77 48 -1 51 51 48 30 21 52 78 30 72 30 45 72 24 30 24 21 24 51 63 30 24 24 51 24 51 75 48 24 48 48 54 24 24 51 24 
46 46 48 45 81 28 81 31 76 46 81 81 81 81 31 38 81 60 81 31 38 38 36 31 81 28 46 36 -1 60 56 28 48 -1 81 28 28 31 28 82 74 53 38 81 38 38 -1 28 47 81 28 28 44 31 53 81 38 81 81 45 38 74 76 81 81 31 81 28 83 28 81 81 28 76 28 74 28 46 81 74 81 -1 81 81 
73 31 7 49 49 50 39 -1 39 49 39 7 49 83 49 48 49 71 19 7 49 49 71 49 80 49 39 71 31 71 80 19 48 81 -1 49 11 51 51 7 51 83 49 62 49 49 77 51 7 -1 7 49 49 31 71 11 7 72 39 49 49 51 7 49 49 19 39 50 83 39 71 49 7 51 50 49 19 49 49 71 7 49 39 7 
38 38 48 45 16 47 47 50 50 16 47 78 78 16 16 38 -1 60 16 18 38 38 83 16 18 -1 38 38 25 60 56 16 48 28 49 -1 38 51 -1 51 51 16 38 65 78 16 38 -1 47 16 16 38 78 38 60 78 38 78 78 45 38 24 76 16 16 38 51 47 83 38 18 49 47 51 28 48 25 16 -1 82 16 16 25 78 
1 -1 11 45 13 -1 26 11 13 1 47 -1 55 -1 9 69 13 13 83 31 38 38 27 66 69 28 1 -1 5 17 56 1 56 28 11 38 -1 31 1 13 51 13 56 9 50 38 1 5 11 51 5 5 56 56 56 11 -1 26 66 27 17 51 11 67 56 17 13 5 27 5 69 27 5 1 5 17 13 46 55 1 13 13 5 13 
31 31 62 62 80 31 51 80 51 31 51 62 31 83 31 51 31 65 83 31 51 62 83 31 80 31 31 36 31 65 62 -1 51 31 51 51 31 -1 51 51 51 53 51 62 51 80 31 51 51 51 51 -1 62 31 53 83 51 62 62 80 51 51 -1 51 53 31 51 31 83 31 83 51 31 51 31 51 62 51 83 82 -1 62 51 -1 
1 -1 56 45 35 1 26 51 51 1 47 36 60 36 9 20 35 60 65 31 -1 20 36 60 69 28 1 36 -1 60 56 1 21 28 51 -1 1 51 -1 51 51 42 20 65 20 -1 1 28 51 51 51 -1 44 20 60 9 -1 26 65 45 -1 51 45 35 20 -1 51 65 56 -1 69 51 60 51 28 51 28 35 35 1 45 33 51 51 
73 26 7 51 13 51 -1 -1 -1 26 6 7 66 8 66 69 50 13 19 7 51 32 68 66 69 82 6 36 51 17 6 19 30 82 7 51 13 51 51 -1 51 13 51 58 50 51 26 51 51 51 7 -1 30 31 82 26 7 26 6 82 51 51 7 51 13 51 -1 10 30 -1 69 51 7 51 82 51 8 51 51 82 7 82 -1 7 
73 51 51 42 51 51 51 51 51 51 51 51 51 42 51 42 51 42 61 51 42 42 51 51 61 74 82 51 74 42 56 51 51 74 51 51 51 51 51 51 -1 42 -1 62 42 51 51 51 51 51 51 -1 44 42 79 78 42 75 66 79 42 -1 51 51 42 42 51 51 56 51 51 42 51 51 -1 74 51 51 51 74 51 82 51 51 
36 36 56 42 13 36 39 83 13 36 47 36 66 -1 53 42 13 13 83 53 42 42 36 66 61 53 36 36 53 17 56 53 42 53 83 16 13 53 42 13 42 -1 -1 65 42 16 36 13 42 16 13 13 54 -1 53 36 42 66 66 36 17 42 53 16 53 17 13 64 83 36 71 17 36 83 42 17 13 16 83 54 13 13 36 13 
38 38 56 21 17 51 56 56 17 38 51 56 60 17 53 20 17 -1 65 53 -1 20 56 60 61 38 38 56 38 17 56 53 21 38 49 38 56 51 20 51 -1 -1 -1 65 20 38 38 51 20 44 44 40 44 20 53 56 -1 75 56 45 17 40 56 44 20 17 17 64 56 20 71 17 56 51 40 17 17 48 44 74 56 17 51 17 
9 9 62 62 80 9 58 62 76 -1 58 55 55 65 9 62 14 65 65 65 65 62 68 14 65 76 9 36 65 65 62 65 62 81 62 65 9 62 65 58 62 65 65 -1 78 62 9 9 62 16 9 62 62 65 62 9 62 58 -1 62 65 65 -1 67 67 -1 58 58 62 65 65 65 58 76 9 58 62 67 58 9 62 58 26 62 
67 38 50 21 49 50 52 50 50 78 67 78 49 50 49 20 49 42 49 50 -1 20 68 49 63 78 78 71 38 42 52 50 21 38 49 78 50 51 20 50 42 42 20 78 -1 38 38 50 63 -1 -1 49 -1 20 52 78 38 72 78 45 38 63 52 -1 20 78 49 63 52 20 71 49 50 51 50 49 50 49 -1 54 50 49 50 78 
38 38 56 -1 16 38 80 80 50 16 81 38 60 16 16 38 -1 60 16 18 38 3 59 60 80 35 38 59 38 60 80 16 21 38 49 16 38 80 -1 51 51 16 38 62 38 -1 38 16 51 16 16 38 60 38 60 81 38 72 62 -1 -1 80 3 16 16 38 51 63 80 38 18 49 60 51 38 60 18 16 35 59 -1 16 51 16 
1 -1 77 45 77 1 26 31 36 1 77 36 55 36 9 77 77 36 77 31 38 38 36 14 69 33 1 36 33 36 26 1 77 -1 77 38 1 31 1 26 51 36 38 9 38 38 -1 5 77 77 5 5 30 31 53 9 36 26 77 36 38 51 37 77 77 31 36 77 30 5 69 36 5 1 5 77 33 -1 77 1 37 33 5 36 
5 5 48 45 -1 -1 10 48 51 5 -1 36 51 4 16 48 4 13 16 31 38 48 36 51 48 28 5 36 -1 17 10 5 48 28 51 -1 5 51 28 51 51 13 51 9 50 16 5 -1 -1 51 5 -1 30 31 53 78 36 72 10 36 38 51 48 48 4 31 51 5 83 5 10 51 5 51 5 48 10 48 35 74 4 4 5 4 
67 47 -1 32 47 47 32 2 51 78 47 2 75 47 63 -1 63 75 32 7 15 32 68 75 32 47 75 36 47 75 32 47 -1 47 7 47 11 51 51 51 51 42 20 62 63 51 77 -1 -1 51 51 -1 32 20 52 78 2 75 78 51 51 32 2 -1 20 78 51 63 32 15 47 51 2 51 75 -1 47 -1 -1 75 7 47 51 78 
73 51 34 45 16 51 51 34 51 16 51 34 23 16 16 44 -1 71 16 18 44 44 71 -1 18 35 82 71 51 71 52 16 51 81 -1 16 51 51 51 51 51 16 44 16 -1 16 77 51 51 -1 16 -1 44 44 71 23 51 75 66 45 23 51 51 16 16 18 23 51 52 23 71 -1 50 51 51 23 18 16 44 71 16 16 51 16 
5 5 7 45 16 -1 39 -1 -1 5 47 7 23 8 16 44 -1 13 16 7 44 44 36 16 72 28 5 36 5 17 52 5 51 28 7 16 5 51 51 7 51 13 44 9 -1 16 5 5 51 16 -1 -1 44 31 52 78 7 72 66 45 72 51 7 16 16 18 51 5 83 5 18 49 -1 51 5 51 8 16 44 74 7 16 5 7 
73 5 48 45 47 -1 39 39 -1 5 47 36 49 8 31 48 49 13 49 31 38 38 36 49 48 82 82 36 5 17 39 5 48 28 49 38 5 -1 -1 -1 -1 13 40 62 49 38 5 -1 -1 -1 -1 -1 49 31 60 78 38 66 66 45 38 40 37 48 38 38 -1 5 83 5 47 49 5 -1 5 48 8 48 48 82 37 82 -1 37 
79 30 56 62 80 50 30 50 50 30 30 56 49 50 49 44 49 60 32 50 44 32 68 49 32 76 30 71 44 60 -1 54 30 44 49 78 56 62 44 30 44 54 44 62 -1 60 30 30 32 44 44 49 -1 54 -1 78 30 30 30 79 54 32 30 44 44 78 39 63 30 32 71 54 50 51 79 48 62 48 44 54 30 30 79 68 
31 31 56 21 64 31 56 31 41 31 67 56 31 41 31 20 31 41 31 31 -1 20 56 31 31 31 31 56 31 41 56 -1 21 31 31 38 56 31 20 31 42 -1 20 65 20 38 31 31 20 44 31 31 54 -1 -1 31 -1 31 67 79 54 42 37 44 -1 31 41 64 56 20 71 54 31 31 31 31 31 67 44 54 37 64 31 37 
79 53 56 60 64 53 52 52 52 53 71 56 60 53 53 53 60 60 71 53 53 53 71 60 72 82 82 71 53 60 52 53 52 53 71 60 56 53 60 82 79 53 53 62 52 60 53 53 52 71 52 60 -1 -1 -1 60 53 72 52 79 -1 72 52 52 53 53 60 64 52 60 71 -1 60 79 79 60 53 60 52 -1 52 82 79 53 
9 9 11 62 81 9 26 11 36 -1 81 -1 -1 36 9 78 81 78 81 81 78 78 36 12 81 78 -1 36 81 78 26 9 78 81 11 78 11 83 9 26 78 36 56 9 78 81 9 78 78 23 78 78 78 31 60 -1 11 26 78 36 23 81 11 78 81 78 23 78 83 23 81 23 11 82 82 23 81 78 -1 82 81 -1 26 78 
36 36 -1 45 64 36 30 2 36 36 30 2 55 36 53 38 38 42 65 7 38 32 36 60 32 38 30 36 38 42 -1 53 30 38 7 38 -1 51 -1 7 42 42 -1 62 38 38 36 36 2 51 7 38 30 -1 53 11 -1 72 30 36 38 42 2 48 -1 38 36 64 30 38 69 36 2 51 36 42 38 48 38 54 30 64 36 7 
26 26 72 62 81 72 26 72 72 26 26 55 55 66 26 75 72 75 72 31 38 62 36 75 72 82 -1 36 72 75 26 26 72 81 72 78 26 62 26 26 75 66 75 58 72 72 26 72 75 75 72 66 30 31 72 26 72 -1 -1 72 72 72 58 67 67 58 58 58 30 72 26 75 -1 82 75 -1 62 67 58 75 62 58 26 78 
67 26 62 62 81 67 -1 39 39 43 6 62 66 66 43 78 81 65 81 81 67 62 68 66 67 76 6 66 67 65 6 62 30 81 39 78 66 62 65 6 66 66 56 -1 78 62 77 10 78 66 66 66 30 67 52 78 30 -1 -1 62 66 66 -1 67 67 43 -1 -1 30 39 10 66 57 66 67 57 62 67 -1 67 62 -1 81 78 
79 36 36 45 45 36 80 80 36 36 71 36 60 36 45 45 45 60 45 45 45 45 27 60 80 82 82 -1 45 60 80 36 45 45 49 45 27 80 45 82 79 36 45 62 45 -1 36 36 51 45 45 45 79 79 79 36 36 72 62 -1 45 79 45 45 45 45 36 79 27 45 71 27 60 79 79 79 45 45 45 -1 45 45 79 36 
38 38 72 45 17 72 38 72 17 23 47 72 23 17 23 38 45 -1 45 31 38 38 59 -1 72 38 38 59 38 17 54 23 72 38 49 38 17 51 -1 51 42 17 17 65 38 -1 38 38 51 23 72 38 54 54 -1 23 38 72 66 45 -1 72 45 45 38 17 23 65 54 23 69 17 -1 51 38 17 38 45 38 54 45 45 51 17 
67 51 72 32 80 51 32 80 51 24 51 72 69 42 24 69 24 42 24 24 42 32 68 69 -1 74 72 51 74 42 32 24 24 74 51 24 51 51 51 51 -1 42 40 65 63 80 51 51 32 51 51 40 32 42 72 81 42 72 66 79 72 -1 80 24 42 24 51 63 32 24 24 42 24 51 40 74 24 24 48 74 24 24 51 24 
67 37 -1 -1 80 37 30 2 76 43 76 2 55 66 37 48 45 65 76 7 21 3 68 66 80 76 30 36 76 65 -1 37 30 76 7 76 11 -1 45 7 51 53 56 -1 52 3 37 48 2 51 7 37 30 37 52 11 2 58 -1 45 45 80 -1 48 56 43 58 58 30 76 76 51 2 76 76 48 -1 48 58 54 -1 58 51 37 
67 67 48 45 16 67 67 48 50 16 67 48 23 16 16 48 -1 67 16 18 44 32 59 16 -1 35 16 59 48 67 32 16 24 81 49 16 67 51 35 51 51 16 44 67 -1 16 77 48 -1 16 16 48 44 44 52 78 48 67 67 45 45 24 48 -1 67 67 51 -1 32 24 18 49 24 51 67 48 18 16 44 67 24 16 51 16 
67 38 56 21 -1 67 56 56 13 16 67 56 81 4 16 20 4 13 16 53 -1 20 56 16 67 35 38 56 38 17 56 53 21 81 49 16 56 53 20 13 42 53 20 67 20 16 77 4 20 16 16 38 44 -1 53 81 -1 67 67 45 38 42 56 67 -1 67 13 -1 56 20 67 54 56 67 67 17 67 67 44 54 4 4 67 4 
67 31 56 45 17 31 58 19 17 43 67 78 78 17 31 38 18 -1 -1 18 38 38 71 31 18 31 31 71 31 17 56 -1 24 31 19 38 17 31 -1 51 42 17 17 -1 78 38 31 31 78 18 18 38 78 31 53 78 38 58 43 45 17 24 43 67 67 -1 17 -1 83 38 18 17 24 51 31 17 18 67 -1 67 24 18 31 18 
67 36 39 62 13 51 39 39 13 23 39 36 23 -1 23 51 13 13 81 39 51 51 36 -1 69 82 39 36 51 17 39 23 51 81 39 51 13 51 51 -1 51 13 17 58 49 51 36 51 51 23 51 -1 39 41 60 23 36 58 -1 36 23 51 58 51 13 17 -1 58 83 23 69 23 51 51 51 23 13 51 58 82 13 58 39 13 
-1 0 62 62 64 -1 10 50 50 1 -1 36 66 36 31 63 63 65 65 31 64 64 36 66 63 28 1 36 5 65 10 5 63 28 50 47 5 31 65 10 51 64 64 58 63 63 77 5 63 51 5 5 63 64 64 78 64 58 -1 79 65 63 58 -1 -1 -1 58 -1 30 5 10 65 5 0 5 58 10 -1 58 0 62 10 5 64 
83 30 56 62 83 36 30 83 83 30 30 36 83 83 83 48 83 83 83 83 32 32 -1 71 32 76 30 22 56 83 -1 83 30 83 83 83 27 83 56 30 56 83 56 62 52 80 30 83 32 52 83 83 30 56 52 83 30 30 30 27 54 32 30 32 56 83 83 30 -1 83 83 27 32 83 83 48 62 48 83 54 30 83 83 -1 
73 5 39 45 47 -1 39 39 39 5 70 36 23 36 23 -1 23 60 24 24 15 20 36 -1 -1 28 5 36 5 60 32 5 24 28 39 38 5 31 -1 -1 51 36 20 65 20 38 5 5 15 23 5 5 32 20 60 23 38 72 39 45 23 24 76 24 20 38 23 5 83 -1 -1 23 5 -1 5 23 73 48 38 73 24 24 5 73 
67 69 19 45 18 69 10 19 69 18 -1 69 69 71 18 69 18 71 -1 18 69 32 71 69 18 76 10 71 47 71 10 19 24 81 71 18 69 83 69 69 51 71 71 65 71 18 69 10 47 71 18 47 71 71 71 81 69 26 10 71 69 24 76 18 67 18 69 10 83 -1 -1 -1 24 69 69 69 10 18 65 71 24 10 69 18 
79 36 36 49 17 36 70 49 17 23 70 36 23 17 23 69 49 -1 70 70 42 42 27 -1 69 49 23 -1 31 17 54 23 51 81 49 49 27 51 51 51 42 17 17 65 49 49 36 51 51 -1 49 49 54 54 -1 23 36 75 66 27 17 42 51 49 54 17 23 65 27 23 -1 -1 60 51 75 17 70 49 49 54 17 49 51 17 
5 5 -1 60 47 -1 57 2 50 5 47 2 60 36 31 48 50 60 24 7 50 32 36 60 -1 28 57 36 5 60 32 5 24 28 7 47 5 31 60 7 51 36 56 58 50 60 5 5 2 50 -1 5 50 31 60 11 2 -1 57 60 -1 24 2 24 56 24 51 5 32 5 24 60 -1 51 5 57 24 48 48 60 24 24 5 7 
-1 0 51 76 83 51 51 83 51 1 76 36 69 83 69 69 51 83 76 76 51 51 83 69 69 76 82 36 76 83 76 1 51 76 51 51 1 51 51 51 51 83 51 76 51 51 1 51 51 51 51 -1 51 31 79 82 51 82 66 79 51 51 76 51 67 51 51 0 83 -1 69 51 51 -1 82 51 -1 51 83 0 51 82 -1 -1 
79 5 72 45 47 -1 82 50 50 5 47 36 75 36 31 69 50 75 76 31 38 38 36 75 61 28 82 36 -1 75 56 5 75 28 50 28 5 31 28 82 -1 42 40 9 50 38 5 5 75 51 5 5 79 31 79 82 36 75 67 79 38 40 76 67 67 31 51 5 83 5 69 75 5 82 -1 -1 28 67 75 -1 37 82 -1 82 
79 57 48 48 17 74 57 48 17 23 48 48 23 17 23 48 23 -1 65 31 42 48 71 -1 48 74 57 71 74 17 48 23 48 74 49 48 17 51 51 51 74 17 17 58 49 60 77 48 -1 23 51 48 48 31 60 23 42 -1 57 79 17 74 48 48 17 17 23 58 48 23 69 17 57 51 -1 -1 74 48 48 74 17 58 74 17 
73 28 62 62 13 28 10 19 -1 62 -1 62 73 8 18 73 18 13 -1 18 38 62 68 73 18 -1 10 36 -1 17 62 28 24 28 19 25 13 62 28 8 51 13 17 62 50 18 33 10 47 18 8 8 62 31 53 81 38 62 62 45 38 24 -1 18 67 18 13 10 62 73 10 70 24 -1 28 74 -1 18 35 73 62 10 25 18 
67 46 48 45 16 67 67 48 50 16 67 48 23 16 16 48 -1 67 16 18 48 48 46 16 18 35 46 46 46 67 48 16 48 46 49 16 46 51 35 51 51 16 48 67 49 16 -1 48 -1 16 16 48 48 67 60 78 48 67 67 45 45 24 48 16 67 67 51 -1 48 48 18 49 48 51 67 48 18 -1 48 67 16 16 51 16 
67 38 48 62 83 47 58 83 50 55 47 55 55 83 35 48 35 65 65 65 44 44 83 49 48 35 55 55 35 65 48 65 48 81 49 -1 55 83 35 51 51 83 44 58 -1 35 77 35 -1 44 44 48 44 44 52 -1 38 58 -1 45 38 48 58 44 44 -1 58 58 83 38 65 49 48 83 75 48 35 48 -1 54 62 55 35 -1 
-1 0 56 59 82 74 82 82 82 1 67 36 60 36 9 54 59 60 82 31 54 54 59 60 67 82 82 59 74 60 54 1 54 74 71 82 1 82 1 82 74 54 74 9 54 59 1 74 75 71 74 82 54 54 -1 82 54 75 67 -1 54 74 54 67 54 67 82 0 54 73 71 54 60 0 -1 74 73 67 54 -1 59 82 -1 73 
37 37 7 45 -1 37 30 -1 13 62 30 7 60 4 16 69 4 13 24 7 45 32 68 60 -1 76 30 59 37 17 -1 37 24 81 7 16 13 -1 45 7 51 13 56 62 50 -1 37 4 7 16 7 37 30 37 52 81 30 62 62 45 45 24 -1 24 4 24 13 62 30 24 24 17 24 51 37 17 62 16 62 59 -1 4 39 4 
67 46 55 45 -1 82 10 19 13 55 -1 55 55 4 16 48 -1 13 -1 18 64 32 83 16 18 82 55 36 33 17 10 16 24 -1 49 16 13 62 33 82 82 13 17 58 49 16 33 4 47 16 16 82 30 64 82 -1 64 58 -1 45 45 24 58 16 4 18 58 10 83 24 10 49 24 82 82 58 10 16 55 82 4 -1 -1 4 
73 5 39 51 81 -1 26 39 39 26 81 36 55 36 26 51 81 75 81 31 51 51 36 51 69 -1 -1 36 5 75 26 5 51 81 39 25 5 51 51 -1 51 36 51 26 50 51 5 5 51 51 5 -1 79 31 79 26 36 26 81 79 51 51 51 51 67 31 39 5 83 5 69 51 5 -1 -1 74 25 51 35 -1 39 -1 -1 73 
73 36 7 62 -1 36 39 -1 13 78 47 7 78 -1 16 73 4 13 -1 7 64 32 68 66 18 76 78 36 37 17 68 37 24 81 7 78 13 -1 51 7 51 13 17 62 78 16 36 4 78 16 7 37 68 37 53 78 7 78 78 36 17 24 37 16 4 18 13 64 -1 73 18 17 7 -1 82 17 18 16 -1 73 4 4 73 -1 
