46
11 38
-1 36 20 40 13 30 30 30 36 -1 30 28 13 9 30 -1 36 20 28 21 9 9 30 21 21 36 13 36 9 30 -1 13 36 36 21 21 -1 30 36 36 36 36 15 42 15 15 
36 -1 12 12 12 13 40 30 36 13 19 12 -1 -1 32 36 36 12 32 12 12 13 32 21 21 36 13 12 12 12 13 13 -1 36 13 21 -1 29 36 36 36 36 12 26 21 36 
20 12 -1 19 12 20 24 19 19 20 19 19 -1 12 22 42 20 12 -1 -1 -1 19 18 21 18 20 18 12 18 -1 29 19 18 19 19 21 41 18 33 42 19 -1 -1 42 21 20 
40 12 19 -1 -1 13 40 19 19 13 19 -1 4 4 34 40 17 4 37 -1 17 19 34 21 21 40 4 12 4 37 28 19 37 19 19 21 40 -1 33 37 -1 19 12 37 21 37 
13 12 12 -1 -1 13 28 30 17 13 19 3 -1 -1 34 36 17 -1 17 3 17 13 13 21 28 17 -1 12 -1 12 28 13 12 17 17 21 13 3 33 36 3 12 12 26 26 17 
30 13 20 13 13 -1 23 30 20 13 30 28 13 -1 22 30 20 20 22 34 -1 13 -1 22 28 22 13 13 -1 30 -1 13 22 23 -1 21 13 22 33 22 36 20 22 26 21 30 
30 40 24 40 28 23 -1 -1 23 23 7 28 27 23 23 40 24 24 24 10 24 23 23 -1 -1 23 43 23 24 30 7 43 23 23 23 24 40 43 33 23 -1 23 43 -1 23 24 
30 30 19 19 30 30 -1 -1 19 30 -1 30 30 30 23 30 24 19 24 10 30 19 23 6 6 23 43 23 30 30 -1 19 23 23 19 24 30 30 33 45 6 19 30 6 23 30 
36 36 19 19 17 20 23 19 -1 21 19 19 17 21 34 36 17 -1 17 -1 17 -1 42 21 21 36 27 -1 17 42 36 19 18 -1 17 21 -1 18 33 36 36 21 -1 42 21 17 
-1 13 20 13 13 13 23 30 21 -1 21 28 13 -1 34 0 20 20 28 21 -1 -1 13 21 21 36 13 13 -1 13 0 13 13 36 21 21 -1 28 36 36 36 20 13 26 21 15 
30 19 19 19 19 30 7 -1 19 21 -1 19 19 21 34 43 19 19 19 -1 19 19 34 7 7 34 43 19 30 19 7 19 19 19 19 21 19 43 33 43 7 19 43 -1 21 30 
28 12 19 -1 3 28 28 30 19 28 19 -1 4 4 28 28 28 4 28 3 28 19 28 21 28 28 4 12 -1 30 28 19 28 19 19 28 28 3 33 37 3 19 12 37 21 30 
13 -1 -1 4 -1 13 27 30 17 13 19 4 -1 -1 34 42 17 -1 2 2 2 13 42 27 17 17 4 -1 4 -1 29 13 1 27 17 21 1 29 33 42 4 2 -1 42 21 17 
9 -1 12 4 -1 -1 23 30 21 -1 21 4 -1 -1 22 36 36 4 26 21 5 -1 5 21 21 36 -1 12 4 12 5 -1 1 36 5 21 -1 4 36 36 36 21 12 26 21 30 
30 32 22 34 34 22 23 23 34 34 34 28 34 22 -1 42 25 34 22 34 22 34 -1 22 22 22 22 23 22 42 22 34 22 23 -1 34 25 22 33 22 23 34 22 42 23 39 
-1 36 42 40 36 30 40 30 36 0 43 28 42 36 42 -1 36 36 42 36 9 44 42 44 36 36 44 36 9 42 0 36 36 36 42 44 -1 45 36 36 36 36 -1 42 -1 -1 
36 36 20 17 17 20 24 24 17 20 19 28 17 36 25 36 -1 -1 17 17 -1 24 25 24 -1 -1 17 17 24 17 45 20 18 36 17 24 -1 45 36 36 36 20 17 24 45 -1 
20 12 12 4 -1 20 24 19 -1 20 19 4 -1 4 34 36 -1 -1 -1 8 -1 8 18 21 16 16 4 8 4 12 20 20 18 8 -1 21 8 18 33 22 4 20 8 26 21 16 
28 32 -1 37 17 22 24 24 17 28 19 28 2 26 22 42 17 -1 -1 2 2 24 -1 22 -1 22 -1 26 -1 2 28 19 -1 17 17 24 17 -1 33 22 24 2 2 26 26 37 
21 12 -1 -1 3 34 10 10 -1 21 -1 3 2 21 34 36 17 8 2 -1 2 -1 34 21 21 34 4 8 4 2 10 -1 18 8 -1 21 8 3 33 34 3 2 2 10 21 37 
9 12 -1 17 17 -1 24 30 17 -1 19 28 2 5 22 9 -1 -1 2 2 -1 9 5 21 16 16 13 31 5 2 5 -1 18 17 5 21 9 18 33 22 36 -1 2 31 21 16 
9 13 19 19 13 13 23 19 -1 -1 19 19 13 -1 34 44 24 8 24 -1 9 -1 23 -1 -1 23 13 8 9 13 9 13 13 8 -1 -1 8 19 33 23 19 -1 8 19 -1 44 
30 32 18 34 13 -1 23 23 42 13 34 28 42 5 -1 42 25 18 -1 34 5 23 -1 -1 18 -1 18 23 5 42 5 13 -1 23 -1 23 25 18 33 -1 23 18 -1 42 23 39 
21 21 21 21 21 22 -1 6 21 21 7 21 27 21 22 44 24 21 22 21 21 -1 -1 -1 6 22 27 -1 21 27 7 27 22 -1 21 21 33 22 33 22 6 21 22 6 -1 44 
21 21 18 21 28 28 -1 6 21 21 7 28 17 21 22 36 -1 16 -1 21 16 -1 18 6 -1 16 18 21 -1 18 28 20 18 21 21 -1 16 18 33 22 6 21 18 6 21 16 
36 36 20 40 17 22 23 23 36 36 34 28 17 36 22 36 -1 16 22 34 16 23 -1 22 16 -1 22 23 22 42 22 20 22 36 22 24 -1 22 36 22 36 36 22 42 23 16 
13 13 18 4 -1 13 43 43 27 13 43 4 4 -1 22 44 17 4 -1 4 13 13 18 27 18 22 -1 -1 4 12 13 13 18 27 13 21 13 18 33 22 4 18 43 -1 -1 44 
36 12 12 12 12 13 23 23 -1 13 19 12 -1 12 23 36 17 8 26 8 31 8 23 -1 21 23 -1 -1 12 12 29 -1 12 -1 17 21 8 26 33 23 23 12 8 26 23 44 
9 12 18 4 -1 -1 24 30 17 -1 30 -1 4 4 22 9 24 4 -1 4 5 9 5 21 -1 22 4 12 -1 30 -1 13 18 36 5 24 9 18 36 22 4 18 12 24 21 30 
30 12 -1 37 12 30 30 30 42 13 19 30 -1 12 42 42 17 12 2 2 2 13 42 27 18 42 12 12 30 -1 -1 13 12 27 17 21 12 -1 33 37 37 2 -1 37 42 30 
-1 13 29 28 28 -1 7 -1 36 0 7 28 29 5 22 0 45 20 28 10 5 9 5 7 28 22 13 29 -1 -1 -1 13 22 36 5 28 0 29 36 45 7 20 29 7 45 -1 
13 13 19 19 13 13 43 19 19 13 19 19 13 -1 34 36 20 20 19 -1 -1 13 13 27 20 20 13 -1 13 13 13 -1 13 27 19 21 13 43 33 36 19 20 43 -1 21 20 
36 -1 18 37 12 22 23 23 18 13 19 28 1 1 22 36 18 18 -1 18 18 13 -1 22 18 22 18 12 18 12 22 13 -1 23 22 24 1 18 33 22 36 18 22 26 23 37 
36 36 19 19 17 23 23 23 -1 36 19 19 27 36 23 36 36 8 17 8 17 8 23 -1 21 36 27 -1 36 27 36 27 23 -1 17 21 -1 39 -1 36 36 36 8 23 23 36 
21 13 19 19 17 -1 23 19 17 21 19 19 17 5 -1 42 17 -1 17 -1 5 -1 -1 21 21 22 13 17 5 17 5 19 22 17 -1 21 13 18 33 22 19 21 22 19 21 17 
21 21 21 21 21 21 24 24 21 21 21 28 21 21 34 44 24 21 24 21 21 -1 23 21 -1 24 21 21 24 21 28 21 24 21 21 -1 21 24 33 23 24 21 21 24 21 24 
-1 -1 41 40 13 13 40 30 -1 -1 19 28 1 -1 25 -1 -1 8 17 8 9 8 25 33 16 -1 13 8 9 12 0 13 1 -1 13 21 -1 39 33 -1 -1 -1 8 26 15 15 
30 29 18 -1 3 22 43 30 18 28 43 3 29 4 22 45 45 18 -1 3 18 19 18 22 18 22 18 26 18 -1 29 43 18 39 18 24 39 -1 39 -1 3 18 29 -1 45 -1 
36 36 33 33 33 33 33 33 33 36 33 33 33 36 33 36 36 33 33 33 33 33 33 33 33 36 33 33 36 33 36 33 33 -1 33 33 33 39 -1 36 36 36 33 33 33 36 
36 36 42 37 36 22 23 45 36 36 43 37 42 36 22 36 36 22 22 34 22 23 -1 22 22 22 22 23 22 37 45 36 22 36 22 23 -1 -1 36 -1 36 36 -1 37 45 -1 
36 36 19 -1 3 36 -1 6 36 36 7 3 4 36 23 36 36 4 24 3 36 19 23 6 6 36 4 23 4 37 7 19 36 36 19 24 -1 3 36 36 -1 36 36 6 23 36 
36 36 -1 19 12 20 23 19 21 20 19 19 2 21 34 36 20 20 2 2 -1 -1 18 21 21 36 18 12 18 2 20 20 18 36 21 21 -1 18 36 36 36 -1 2 31 21 20 
15 12 -1 12 12 22 43 30 -1 13 43 12 -1 12 22 -1 17 8 2 2 2 8 -1 22 18 22 43 8 12 -1 29 43 22 8 22 21 8 29 33 -1 36 2 -1 -1 15 15 
42 26 42 37 26 26 -1 6 42 26 -1 37 42 26 42 42 24 26 26 10 31 19 42 6 6 42 -1 26 24 37 7 -1 26 23 19 24 26 -1 33 37 6 31 -1 -1 26 37 
15 21 21 21 26 21 23 23 21 21 21 21 21 21 23 -1 45 21 26 21 21 -1 23 -1 21 23 -1 23 21 42 45 21 23 23 21 21 15 45 33 45 23 21 15 26 -1 -1 
15 36 20 37 17 30 24 30 17 15 30 30 17 30 39 -1 -1 16 37 37 16 44 39 44 16 16 44 44 30 30 -1 20 37 36 17 24 15 -1 36 -1 36 20 15 37 -1 -1 
