59
2 12
-1 7 17 -1 17 24 24 -1 23 3 7 17 24 7 16 49 -1 16 17 3 16 7 7 16 -1 22 16 16 3 27 17 19 16 19 49 23 19 16 10 9 3 24 24 10 9 9 24 16 3 -1 3 16 17 40 49 20 3 19 20 
7 -1 47 49 32 47 47 -1 13 49 7 20 47 -1 32 47 32 32 47 28 13 7 7 47 7 13 13 10 13 13 13 28 -1 25 49 13 13 28 47 47 7 47 35 10 49 47 47 -1 22 -1 49 20 47 13 49 47 47 36 47 
17 47 -1 17 -1 27 27 17 23 20 27 17 27 20 17 -1 17 -1 17 33 15 20 21 -1 17 33 17 15 36 23 17 56 17 4 18 23 23 17 23 47 47 17 18 27 20 47 27 15 55 15 54 17 17 20 15 15 15 36 20 
-1 49 17 -1 17 24 24 0 23 -1 7 56 24 28 16 49 -1 16 17 -1 9 7 48 16 0 28 16 16 -1 27 17 19 16 19 28 23 19 16 28 9 -1 24 48 10 9 9 24 16 -1 -1 -1 16 56 40 49 48 -1 19 20 
17 32 -1 17 -1 33 33 17 23 33 27 17 33 33 17 2 17 -1 17 33 15 27 33 2 33 33 17 17 33 27 17 33 17 -1 18 23 33 17 23 33 17 17 18 33 33 33 27 15 17 15 17 17 17 33 15 15 15 33 27 
24 47 27 24 33 -1 -1 24 27 24 27 41 -1 57 24 27 24 27 41 57 24 27 24 47 -1 33 30 6 57 27 6 57 57 6 41 42 57 24 47 6 39 24 6 6 -1 24 6 6 42 24 24 6 6 40 42 41 52 -1 27 
24 47 27 24 33 -1 -1 24 27 24 27 27 5 27 27 27 27 27 42 33 51 27 27 47 -1 33 30 -1 33 27 -1 33 27 -1 42 42 33 27 47 -1 39 24 -1 -1 5 42 -1 -1 42 47 54 -1 -1 40 42 46 52 5 27 
-1 -1 17 0 17 24 24 -1 13 3 -1 21 24 1 16 21 0 16 47 3 21 -1 -1 16 0 22 22 10 3 27 26 19 1 25 49 13 13 16 10 40 -1 24 48 10 9 47 24 1 22 0 3 16 17 40 26 21 3 19 21 
23 13 23 23 23 27 27 13 -1 20 13 20 27 -1 23 27 23 23 23 36 13 27 25 -1 27 13 13 -1 13 -1 -1 36 36 36 28 13 -1 23 -1 27 47 47 27 13 20 47 27 23 23 13 23 20 23 13 26 20 38 36 27 
3 49 20 -1 33 24 24 3 20 -1 20 20 24 20 16 20 3 16 20 -1 -1 20 21 16 -1 20 16 16 3 58 24 19 49 19 49 20 19 16 28 -1 3 24 45 24 -1 -1 24 39 3 -1 3 20 24 20 49 20 3 19 20 
7 7 27 7 27 27 27 -1 13 20 -1 20 27 -1 27 27 27 27 27 28 13 -1 7 13 7 13 13 -1 13 27 13 56 7 25 28 13 13 27 -1 27 7 47 27 -1 20 47 27 38 22 7 7 20 27 13 26 20 38 36 27 
17 20 17 56 17 41 27 21 20 20 20 -1 41 20 17 20 17 -1 -1 20 -1 20 21 17 41 20 17 17 20 27 17 56 17 17 18 20 20 17 56 20 47 -1 18 20 20 20 27 18 42 20 56 20 17 20 20 20 -1 20 20 
24 47 27 24 33 -1 5 24 27 24 27 41 -1 57 24 27 24 27 41 57 24 27 24 47 5 33 30 6 57 27 6 57 57 6 41 42 57 24 47 6 39 24 6 6 5 24 6 6 42 24 24 6 6 40 42 41 52 5 27 
7 -1 20 28 33 57 27 1 -1 20 -1 20 57 -1 20 20 20 20 20 28 -1 10 25 8 20 -1 -1 8 -1 8 8 28 1 25 28 -1 -1 28 8 20 53 20 35 10 20 20 27 1 25 1 28 20 20 -1 26 20 20 36 20 
16 32 17 16 17 24 27 16 23 16 27 17 24 20 -1 20 -1 16 17 16 16 20 48 16 16 48 16 16 16 27 17 19 16 17 18 23 23 16 47 47 16 47 48 27 16 47 27 16 -1 16 16 16 17 20 26 48 16 19 20 
49 47 -1 49 2 27 27 21 27 20 27 20 27 20 20 -1 20 2 47 20 -1 20 21 2 20 55 54 -1 20 27 17 56 49 4 49 54 20 20 47 47 47 47 54 27 20 47 27 -1 55 -1 54 20 56 20 -1 -1 -1 20 20 
-1 32 17 -1 17 24 27 0 23 3 27 17 24 20 -1 20 -1 -1 17 3 -1 20 26 -1 0 20 -1 -1 3 27 17 19 -1 17 18 23 23 -1 47 47 3 47 18 27 9 47 27 -1 3 0 3 -1 17 20 26 20 3 19 20 
16 32 -1 16 -1 27 27 16 23 16 27 -1 27 20 16 2 -1 -1 -1 16 11 27 26 -1 16 33 16 -1 16 27 -1 56 16 4 18 23 23 16 23 27 16 11 18 27 16 42 27 16 16 15 16 16 -1 20 15 15 11 36 27 
17 47 17 17 17 41 42 47 23 20 27 -1 41 20 17 47 17 -1 -1 34 11 20 48 17 41 55 17 17 34 27 17 56 17 17 -1 42 23 17 47 47 47 -1 -1 42 20 42 27 -1 42 34 54 17 17 47 42 41 11 34 34 
3 28 33 -1 33 57 33 3 36 -1 28 20 57 28 16 20 3 16 34 -1 9 20 33 36 9 33 16 16 -1 36 33 -1 36 -1 28 28 -1 28 28 9 3 24 33 33 9 9 24 16 3 3 3 16 33 28 49 20 3 -1 20 
16 13 15 9 15 24 51 21 13 -1 13 -1 24 -1 16 -1 -1 11 11 9 -1 -1 21 16 9 13 13 15 13 58 13 19 16 19 58 13 13 16 58 9 9 11 18 13 9 9 55 15 55 9 9 -1 17 13 15 -1 11 19 -1 
7 7 20 7 27 27 27 -1 27 20 -1 20 27 10 20 20 20 27 20 20 -1 -1 -1 20 7 22 22 -1 13 27 26 20 22 25 58 13 13 20 10 20 7 20 27 10 20 20 27 7 22 7 7 20 27 13 20 20 20 20 20 
7 7 21 48 33 24 27 -1 25 21 7 21 24 25 48 21 26 26 48 33 21 -1 -1 26 7 -1 -1 21 25 27 26 33 -1 25 49 25 32 26 10 40 7 55 48 10 21 48 27 7 -1 32 48 21 26 25 26 25 48 36 21 
16 47 -1 16 2 47 47 16 -1 16 13 17 47 8 16 2 -1 -1 17 36 16 20 26 -1 16 13 16 8 36 8 8 36 16 36 18 -1 -1 16 8 47 47 47 35 47 16 47 27 -1 16 47 16 16 17 13 35 47 15 36 47 
-1 7 17 0 33 -1 -1 0 27 -1 7 41 5 20 16 20 0 16 41 9 9 7 7 16 -1 33 16 6 3 27 6 19 16 6 41 42 19 16 47 6 3 -1 6 6 5 9 -1 6 3 0 3 6 6 20 42 41 3 5 20 
22 13 33 28 33 33 33 22 13 20 13 20 33 -1 48 55 20 33 55 33 13 22 -1 13 33 -1 13 13 13 13 13 33 22 -1 28 13 13 28 13 33 22 55 33 13 20 55 55 55 22 13 28 20 33 13 26 -1 55 33 20 
16 13 17 16 17 30 30 22 13 16 13 17 30 -1 16 54 -1 16 17 16 13 22 -1 16 16 13 -1 16 13 13 -1 19 16 25 28 13 13 16 13 30 16 47 54 13 16 47 27 16 22 54 54 16 17 13 -1 20 16 36 20 
16 10 15 16 17 6 -1 10 -1 16 -1 17 6 8 16 -1 -1 -1 17 16 15 -1 21 8 6 13 16 -1 13 -1 6 56 16 6 58 13 8 16 8 6 10 17 6 6 6 42 -1 6 16 15 16 6 6 13 15 15 15 6 -1 
3 13 36 -1 33 57 33 3 13 3 13 20 57 -1 16 20 3 16 34 -1 13 13 25 36 3 13 13 13 -1 13 13 19 36 19 -1 13 -1 -1 -1 9 3 34 34 13 9 9 24 38 3 3 3 16 56 13 26 20 3 19 34 
27 13 23 27 27 27 27 27 -1 58 27 27 27 8 27 27 27 27 27 36 58 27 27 8 27 13 13 -1 13 -1 8 36 27 27 58 13 8 27 8 27 58 58 27 27 27 58 27 58 27 27 27 27 27 13 27 27 27 36 -1 
17 13 17 17 17 6 -1 26 -1 24 13 17 6 8 17 17 17 -1 17 33 13 26 26 8 6 13 -1 6 13 8 -1 33 17 6 18 13 8 17 8 6 39 17 6 6 6 42 6 6 26 47 54 6 6 13 26 46 17 6 27 
19 28 56 19 33 57 33 19 36 19 56 56 57 28 19 56 19 56 56 -1 19 20 33 36 19 33 19 56 19 36 33 -1 36 19 28 28 19 28 56 19 19 56 33 33 19 19 24 56 19 19 19 19 56 56 56 56 -1 19 56 
16 -1 17 16 17 57 27 1 36 49 7 17 57 1 16 49 -1 16 17 36 16 22 -1 16 16 22 16 16 36 27 17 36 -1 36 49 13 -1 16 36 47 7 47 48 10 49 47 27 1 22 -1 16 16 17 13 49 20 16 36 20 
19 25 4 19 -1 6 -1 25 36 19 25 17 6 25 17 4 17 4 17 -1 19 25 25 36 6 -1 25 6 19 27 6 19 36 -1 28 25 -1 28 28 6 19 24 6 6 6 19 6 6 19 19 19 6 6 25 42 25 19 19 27 
49 49 18 28 18 41 42 49 28 49 28 18 41 28 18 49 18 18 -1 28 58 58 49 18 41 28 28 58 -1 58 18 28 49 28 -1 28 28 28 28 47 28 18 18 28 49 42 58 18 28 -1 28 58 18 28 49 41 18 28 -1 
23 13 23 23 23 42 42 13 13 20 13 20 42 -1 23 54 23 23 42 28 13 13 25 -1 42 13 13 13 13 13 13 28 13 25 28 -1 13 -1 13 42 47 42 -1 13 20 42 42 23 42 54 37 20 23 13 -1 20 54 36 20 
19 13 23 19 33 57 33 13 -1 19 13 20 57 -1 23 20 23 23 23 -1 13 13 32 -1 19 13 13 8 -1 8 8 19 -1 -1 28 13 -1 28 8 19 19 47 33 13 19 19 27 23 19 32 19 20 23 13 26 20 19 -1 20 
16 28 17 16 17 24 27 16 23 16 27 17 24 28 16 20 -1 16 17 28 16 20 26 16 16 28 16 16 -1 27 17 28 16 28 28 -1 28 -1 28 47 16 47 35 27 16 42 27 16 16 16 -1 16 17 28 35 20 16 28 20 
10 47 23 28 23 47 47 10 -1 28 -1 56 47 8 47 47 47 23 47 28 58 10 10 8 47 13 13 8 -1 8 8 56 36 28 28 13 8 28 -1 47 47 47 47 10 28 47 27 -1 28 47 28 47 56 -1 47 47 -1 28 -1 
9 47 47 9 33 6 -1 40 27 -1 27 20 6 20 47 47 47 27 47 9 9 20 40 47 6 33 30 6 9 27 6 19 47 6 47 42 19 47 47 -1 -1 47 6 6 9 9 6 -1 9 9 9 6 6 40 42 47 9 6 47 
3 7 47 -1 17 39 39 -1 47 3 7 47 39 53 16 47 3 16 47 3 9 7 7 47 3 22 16 10 3 58 39 19 7 19 28 47 19 16 47 -1 -1 47 39 10 9 47 39 -1 3 3 3 16 39 -1 47 47 3 19 47 
24 47 17 24 17 24 24 24 47 24 47 -1 24 20 47 47 47 11 -1 24 11 20 55 47 -1 55 47 17 34 58 17 56 47 24 18 42 47 47 47 47 47 -1 18 24 24 47 24 -1 55 47 24 20 17 47 42 -1 11 24 47 
24 35 18 48 18 6 -1 48 27 45 27 18 6 35 48 54 18 18 -1 33 18 27 48 35 6 33 54 6 34 27 6 33 48 6 18 -1 33 35 47 6 39 18 -1 6 6 -1 6 6 -1 54 54 6 6 35 -1 48 18 6 27 
10 10 27 10 33 6 -1 10 13 24 -1 20 6 10 27 27 27 27 42 33 13 10 10 47 6 13 13 6 13 27 6 33 10 6 28 13 13 27 10 6 10 24 6 -1 6 42 6 6 42 47 54 6 6 13 42 46 38 6 27 
9 49 20 9 33 -1 5 9 20 -1 20 20 5 20 16 20 9 16 20 9 9 20 21 16 5 20 16 6 9 27 6 19 49 6 49 20 19 16 28 9 9 24 6 6 -1 9 6 6 9 9 9 6 6 20 49 20 9 5 20 
9 47 47 9 33 24 42 47 47 -1 47 20 24 20 47 47 47 42 42 9 9 20 48 47 9 55 47 42 9 58 42 19 47 19 42 42 19 42 47 9 47 47 -1 42 9 -1 24 -1 42 9 9 20 42 47 42 47 9 19 47 
24 47 27 24 27 6 -1 24 27 24 27 27 6 27 27 27 27 27 27 24 55 27 27 27 -1 55 27 -1 24 27 6 24 27 6 58 42 27 27 27 6 39 24 6 6 6 24 -1 6 55 24 24 6 6 27 27 -1 27 6 27 
16 -1 15 16 15 6 -1 1 23 39 38 18 6 1 16 -1 -1 16 -1 16 15 7 7 -1 6 55 16 6 38 58 6 56 1 6 18 23 23 16 -1 -1 -1 -1 6 6 6 -1 6 -1 55 -1 16 6 6 38 15 -1 15 6 -1 
3 22 55 -1 17 42 42 22 23 3 22 42 42 25 -1 55 3 16 42 3 55 22 -1 16 3 22 22 16 3 27 26 19 22 19 28 42 19 16 28 9 3 55 -1 42 9 42 55 55 -1 3 3 16 42 40 42 -1 3 19 55 
-1 -1 15 -1 15 24 47 0 13 -1 7 20 24 1 16 -1 0 15 34 3 9 7 32 47 0 13 54 15 3 27 47 19 -1 19 -1 54 32 16 47 9 3 47 54 47 9 9 24 -1 3 -1 3 16 47 13 -1 15 3 19 34 
3 49 54 -1 17 24 54 3 23 3 7 56 24 28 16 54 3 16 54 3 9 7 48 16 3 28 54 16 3 27 54 19 16 19 28 37 19 -1 28 9 3 24 54 54 9 9 24 16 3 3 -1 16 56 40 -1 48 3 19 20 
16 20 17 16 17 6 -1 16 20 20 20 20 6 20 16 20 -1 16 17 16 -1 20 21 16 6 20 16 6 16 27 6 19 16 6 58 20 20 16 47 6 16 20 6 6 6 20 6 6 16 16 16 -1 6 20 20 20 16 6 20 
17 47 17 56 17 6 -1 17 23 24 27 17 6 20 17 56 17 -1 17 33 17 27 26 17 6 33 17 6 56 27 6 56 17 6 18 23 23 17 56 6 39 17 6 6 6 42 6 6 42 47 56 6 -1 56 42 46 -1 6 27 
40 13 20 40 33 40 40 40 13 20 13 20 40 -1 20 20 20 20 47 28 13 13 25 13 20 13 13 13 13 13 13 56 13 25 28 13 13 28 -1 40 -1 47 35 13 20 47 27 38 40 13 40 20 56 -1 26 20 38 36 38 
49 49 15 49 15 42 42 26 26 49 26 20 42 26 26 -1 26 15 42 49 15 20 26 35 42 26 -1 15 26 27 26 56 49 42 49 -1 26 35 47 42 47 42 -1 42 49 42 27 15 42 -1 -1 20 42 26 -1 15 15 36 20 
20 47 15 48 15 41 46 21 20 20 20 20 41 20 48 -1 20 15 41 20 -1 20 25 47 41 -1 20 15 20 27 46 56 20 25 41 20 20 20 47 47 47 -1 48 46 20 47 -1 -1 -1 15 48 20 46 20 15 -1 15 20 20 
3 47 15 -1 15 52 52 3 38 3 38 -1 52 20 16 -1 3 11 11 3 11 20 48 15 3 55 16 15 3 27 17 -1 16 19 18 54 19 16 -1 9 3 11 18 38 9 9 27 15 3 3 3 16 -1 38 15 15 -1 19 38 
19 36 36 19 33 -1 5 19 36 19 36 20 5 36 19 20 19 36 34 -1 19 20 36 36 5 33 36 6 19 36 6 19 36 19 28 36 -1 28 28 6 19 24 6 6 5 19 6 6 19 19 19 6 6 36 36 20 19 -1 20 
20 47 20 20 27 27 27 21 27 20 27 20 27 20 20 20 20 27 34 20 -1 20 21 47 20 20 20 -1 34 -1 27 56 20 27 -1 20 20 20 -1 47 47 47 27 27 20 47 27 -1 55 34 20 20 27 38 20 20 38 20 -1 
