67
33 50
-1 61 53 53 27 9 24 23 22 -1 53 53 27 53 25 22 25 38 23 23 27 24 -1 -1 9 9 9 9 27 22 53 9 53 22 22 53 53 9 9 27 66 23 53 33 22 9 66 61 23 53 39 9 66 -1 9 23 22 48 22 53 22 9 51 66 66 22 -1 
61 -1 49 54 38 38 38 49 54 61 38 53 38 38 54 56 54 38 54 54 38 61 38 54 61 41 38 38 38 38 49 38 61 54 54 54 38 38 -1 61 61 38 38 54 41 54 54 61 61 38 61 55 38 49 -1 38 54 56 61 49 61 -1 54 54 42 56 54 
53 49 -1 53 49 49 49 49 53 62 49 53 62 57 30 58 58 49 49 63 57 57 58 49 53 30 49 49 58 52 -1 49 53 43 53 62 53 59 49 58 57 49 59 30 49 62 58 58 58 -1 58 62 30 49 30 62 62 30 -1 49 58 58 -1 62 53 58 52 
53 54 53 -1 27 37 27 53 -1 27 53 53 27 37 54 22 27 37 27 54 27 27 8 27 53 66 37 -1 27 22 53 27 53 22 8 -1 53 -1 27 27 66 27 53 46 46 54 35 46 27 53 39 66 66 -1 -1 27 54 27 59 37 22 27 54 35 66 27 -1 
27 38 49 27 -1 38 -1 48 27 27 27 27 27 28 56 56 48 38 27 48 27 27 56 48 6 27 38 -1 -1 27 49 38 48 56 27 27 6 27 -1 27 28 38 38 56 41 38 56 56 -1 -1 39 27 38 49 56 27 -1 48 28 49 56 48 56 62 27 56 27 
9 38 49 37 38 -1 36 49 29 -1 37 51 27 37 54 29 25 38 29 54 27 24 29 9 9 9 -1 9 37 -1 52 9 36 29 29 37 -1 -1 -1 36 26 29 38 45 29 -1 54 26 36 38 39 9 -1 36 -1 38 36 37 29 37 29 9 45 54 40 26 52 
24 38 49 27 -1 36 -1 48 27 24 24 24 27 28 56 56 24 38 27 48 27 24 24 48 -1 24 36 4 4 36 49 24 36 24 27 27 -1 36 4 36 39 38 24 45 41 36 56 36 4 4 39 24 36 24 36 27 4 24 28 24 56 24 56 62 24 56 36 
23 49 49 53 48 49 48 -1 23 51 -1 51 51 10 49 44 10 55 23 23 55 10 23 -1 21 16 40 55 13 51 49 49 48 23 23 55 48 13 49 55 13 44 10 46 -1 62 44 46 -1 -1 55 -1 51 10 23 -1 44 10 48 49 42 48 51 23 21 44 51 
22 54 53 -1 27 29 27 23 -1 22 53 53 27 37 54 22 25 37 27 54 27 27 -1 22 53 22 29 3 27 22 52 22 53 22 -1 3 53 3 27 27 66 29 53 33 22 54 35 46 23 53 39 29 29 3 3 27 22 27 22 37 22 22 51 35 66 22 3 
-1 61 62 27 27 -1 24 51 22 -1 24 51 27 37 25 25 25 38 27 23 27 24 0 0 -1 -1 5 -1 27 5 25 -1 27 22 22 27 5 5 5 27 26 25 24 25 25 5 25 61 61 27 39 -1 5 0 5 27 61 51 25 24 25 -1 51 62 24 25 0 
53 38 49 53 27 37 24 -1 53 24 -1 21 27 -1 25 25 -1 13 23 23 57 -1 53 7 21 16 40 21 13 25 57 57 13 46 53 46 53 13 17 27 13 25 -1 46 7 37 16 46 7 7 39 7 25 -1 46 7 57 -1 16 13 42 48 51 23 21 21 25 
53 53 53 53 27 51 24 51 53 51 21 -1 51 21 65 65 21 55 27 66 65 -1 51 48 21 21 65 21 21 51 52 51 53 51 53 53 53 53 53 27 64 51 64 46 51 62 21 65 21 53 39 -1 51 -1 53 51 65 21 21 21 64 48 51 62 -1 -1 51 
27 38 62 27 27 27 27 51 27 27 27 51 -1 32 27 51 27 32 27 66 27 27 51 27 27 27 27 -1 27 51 52 27 -1 51 27 27 32 27 27 27 32 27 27 62 51 62 66 61 32 27 39 -1 51 32 27 27 27 51 48 27 51 27 51 62 27 27 32 
53 38 57 37 28 37 28 10 37 37 -1 21 32 -1 57 57 10 -1 23 66 57 10 37 10 21 16 40 21 -1 37 57 38 -1 37 37 37 32 -1 17 28 -1 38 10 45 10 37 16 40 32 59 39 57 37 10 37 17 57 -1 28 -1 42 39 55 66 40 40 32 
25 54 30 54 56 54 56 49 54 25 25 65 27 57 -1 25 25 41 54 54 57 25 25 54 25 -1 54 25 56 25 -1 25 56 43 54 46 56 54 41 56 66 25 25 -1 25 43 43 46 25 30 56 25 25 49 -1 62 -1 30 25 49 25 56 56 54 66 56 25 
22 56 58 22 56 29 56 44 22 25 25 65 51 57 25 -1 25 60 29 56 65 25 -1 22 25 -1 65 25 58 -1 25 25 56 22 22 46 56 29 29 56 65 25 60 25 -1 29 44 60 58 44 56 29 25 22 56 44 -1 56 -1 58 -1 56 56 62 60 -1 25 
25 54 58 27 48 25 24 10 25 25 -1 21 27 10 25 25 -1 13 27 48 27 -1 25 48 21 -1 47 21 58 25 25 25 48 46 25 46 48 13 41 27 13 25 10 46 46 46 -1 46 -1 10 39 10 25 10 46 10 46 10 -1 21 25 48 56 46 21 21 25 
38 38 49 37 38 38 38 55 37 38 13 55 32 -1 41 60 13 -1 41 54 38 13 38 55 21 41 38 55 13 38 49 38 13 38 37 55 32 13 -1 28 13 38 -1 45 41 38 55 60 32 38 39 55 38 13 38 -1 38 13 28 13 42 38 55 55 42 38 32 
23 54 49 27 27 29 27 23 27 27 23 27 27 23 54 29 27 41 -1 23 27 27 29 -1 27 29 29 -1 27 -1 52 27 27 29 27 27 29 27 41 27 39 -1 23 54 41 54 54 54 23 23 39 29 29 23 -1 27 54 27 29 27 29 27 51 23 27 27 23 
23 54 63 54 48 54 48 23 54 23 23 66 66 66 54 56 48 54 23 -1 27 48 23 -1 23 66 54 23 48 23 54 23 66 23 54 63 54 54 54 66 66 23 66 54 23 54 54 54 23 23 66 66 66 23 -1 23 54 48 48 48 54 48 63 -1 66 56 -1 
27 38 57 27 27 27 27 55 27 27 57 65 27 57 57 65 27 38 27 27 -1 27 65 27 27 27 65 -1 27 27 57 -1 27 65 27 27 39 27 31 27 39 27 57 57 65 27 57 65 57 27 39 57 57 27 27 27 57 -1 57 27 65 27 55 35 27 -1 27 
24 61 57 27 27 24 24 10 27 24 -1 -1 27 10 25 25 -1 13 27 48 27 -1 24 48 -1 16 64 -1 13 25 57 24 48 46 27 27 24 59 27 27 64 25 10 46 10 24 16 46 -1 59 39 11 25 10 27 27 57 -1 16 -1 42 48 51 66 -1 11 64 
-1 38 58 8 56 29 24 23 -1 0 53 51 51 37 25 -1 25 38 29 23 65 24 -1 0 9 15 29 8 58 -1 52 9 53 -1 8 8 29 8 29 27 66 29 60 33 15 29 43 60 23 53 39 29 29 0 8 51 15 51 15 58 15 9 51 66 66 15 0 
-1 54 49 27 48 9 48 -1 22 0 7 48 27 10 54 22 48 55 -1 -1 27 48 0 -1 9 9 9 18 48 18 49 9 48 22 22 55 48 9 41 27 66 18 10 33 7 54 44 61 -1 7 39 7 29 0 18 7 48 48 48 48 22 48 51 19 48 22 0 
9 61 53 53 6 9 -1 21 53 -1 21 21 27 21 25 25 21 21 27 23 27 -1 9 9 -1 9 9 9 6 9 53 9 53 22 53 53 6 9 6 27 64 25 21 25 21 9 21 61 21 53 39 9 9 -1 9 27 6 21 21 21 25 9 51 53 21 21 9 
9 41 30 66 27 9 24 16 22 -1 16 21 27 16 -1 -1 -1 41 29 66 27 16 15 9 9 -1 9 9 58 -1 14 9 66 22 22 46 9 9 41 27 66 -1 16 14 15 9 16 46 16 30 39 9 -1 9 14 27 14 16 15 21 15 9 51 66 66 15 -1 
9 38 49 37 38 -1 36 40 29 5 40 65 27 40 54 65 47 38 29 54 65 64 29 9 9 9 -1 9 40 5 52 9 36 29 29 47 5 5 5 40 -1 29 60 45 47 5 47 -1 61 38 40 9 5 36 5 38 65 40 65 37 47 47 45 66 40 -1 40 
9 38 49 -1 -1 9 4 55 3 -1 21 21 -1 21 25 25 21 55 -1 23 -1 -1 8 18 9 9 9 -1 4 18 49 9 12 22 8 3 39 3 4 -1 39 18 21 25 41 9 21 61 4 4 39 9 9 3 3 -1 4 20 21 21 25 9 55 35 21 20 3 
27 38 58 27 -1 37 4 13 27 27 13 21 27 -1 56 58 58 13 27 48 27 13 58 48 6 58 40 4 -1 58 49 38 13 58 27 27 39 13 4 -1 13 38 13 56 58 37 56 61 4 4 39 57 37 13 56 17 4 13 -1 13 58 39 56 62 40 56 32 
22 38 52 22 27 -1 36 51 22 5 25 51 51 37 25 -1 25 38 -1 23 27 25 -1 18 9 -1 5 18 58 -1 52 9 36 22 22 55 5 5 5 27 26 -1 60 25 15 5 25 26 23 38 39 -1 -1 22 5 51 15 51 15 37 15 9 51 62 51 15 25 
53 49 -1 53 49 52 49 49 52 25 57 52 52 57 -1 25 25 49 52 54 57 57 52 49 53 14 52 49 49 52 -1 49 53 43 52 46 52 52 49 49 57 25 57 14 49 43 43 46 57 -1 49 52 -1 49 14 49 14 -1 2 49 25 56 2 62 57 56 52 
9 38 49 27 38 9 24 49 22 -1 57 51 27 38 25 25 25 38 27 23 -1 24 9 9 9 9 9 9 38 9 49 -1 27 22 22 55 9 9 -1 27 26 38 38 25 41 9 25 61 38 38 39 9 9 9 9 38 38 20 25 49 25 9 51 55 24 20 9 
53 61 53 53 48 36 36 48 53 27 13 53 -1 -1 56 56 48 13 27 66 27 48 53 48 53 66 36 12 13 36 53 27 -1 53 53 53 -1 13 17 36 13 66 13 66 48 36 66 61 -1 53 39 12 66 -1 36 17 36 13 48 13 42 48 51 66 66 53 -1 
22 54 43 22 56 29 24 23 22 22 46 51 51 37 43 22 46 38 29 23 65 46 -1 22 22 22 29 22 58 22 43 22 53 -1 22 46 29 22 29 27 66 29 60 -1 22 43 43 46 23 43 39 29 29 22 43 46 22 43 22 58 22 22 45 46 66 22 22 
22 54 53 8 27 29 27 23 -1 22 53 53 27 37 54 22 25 37 27 54 27 27 8 22 53 22 29 8 27 22 52 22 53 22 -1 8 53 8 27 27 66 29 53 33 22 54 35 46 23 53 39 29 29 8 8 27 22 27 22 37 22 22 51 35 66 22 8 
53 54 62 -1 27 37 27 55 3 27 46 53 27 37 46 46 46 55 27 63 27 27 8 55 53 46 47 3 27 55 46 55 53 46 8 -1 53 3 55 27 66 46 55 46 46 46 -1 46 46 53 39 55 55 3 3 -1 46 55 46 37 47 47 55 -1 66 56 3 
53 38 53 53 6 -1 -1 48 53 5 53 53 32 32 56 56 48 32 29 54 39 24 29 48 6 9 5 39 39 5 52 9 -1 29 53 53 -1 5 5 -1 39 29 53 45 56 5 56 26 32 53 39 9 5 -1 5 38 -1 56 39 32 56 39 56 62 40 56 32 
9 38 59 -1 27 -1 36 13 3 5 13 53 27 -1 54 29 13 13 27 54 27 59 8 9 9 9 5 3 13 5 52 9 13 22 8 3 5 -1 5 27 13 29 59 45 13 5 35 26 32 59 39 9 5 3 3 17 36 13 59 -1 59 9 45 35 40 26 3 
9 -1 49 27 -1 -1 4 49 27 5 17 53 27 17 41 29 41 -1 41 54 31 27 29 41 6 41 5 4 4 5 49 -1 17 29 27 55 5 5 -1 27 17 -1 17 45 41 5 44 26 4 -1 39 55 5 49 1 -1 4 17 28 49 42 1 55 55 42 26 41 
27 61 58 27 27 36 36 55 27 27 27 27 27 28 56 56 27 28 27 66 27 27 27 27 27 27 40 -1 -1 27 49 27 36 27 27 27 -1 27 27 -1 -1 27 64 45 41 36 56 61 61 27 -1 27 36 36 27 27 36 27 28 27 61 -1 55 66 40 27 40 
66 61 57 66 28 26 39 13 66 26 13 64 32 -1 66 65 13 13 39 66 39 64 66 66 64 66 -1 39 13 26 57 26 13 66 66 66 39 13 17 -1 -1 66 64 66 66 26 66 26 32 59 39 66 66 13 26 17 39 13 28 13 47 39 66 66 -1 26 -1 
23 38 49 27 38 29 38 44 29 25 25 51 27 38 25 25 25 38 -1 23 27 25 29 18 25 -1 29 18 38 -1 25 38 66 29 29 46 29 29 -1 27 66 -1 38 25 -1 29 44 46 23 38 39 29 25 49 18 38 25 51 25 49 25 25 51 66 66 25 25 
53 38 59 53 38 38 24 10 53 24 -1 64 27 10 25 60 10 -1 23 66 57 10 60 10 21 16 60 21 13 60 57 38 13 60 53 55 53 59 17 64 64 38 -1 46 10 38 16 60 10 59 64 10 66 10 38 17 57 10 59 -1 -1 60 55 66 -1 60 64 
33 54 30 46 56 45 45 46 33 25 46 46 62 45 -1 25 46 45 54 54 57 46 33 33 25 14 45 25 56 25 14 25 66 -1 33 46 45 45 45 45 66 25 46 -1 46 -1 -1 46 46 30 45 62 25 33 14 46 14 30 46 45 47 47 45 46 66 56 46 
22 41 49 46 41 29 41 -1 22 25 7 51 51 10 25 -1 46 41 41 23 65 10 15 7 21 15 47 41 58 15 49 41 48 22 22 46 56 13 41 41 66 -1 10 46 -1 46 -1 46 7 7 41 7 25 10 46 7 15 10 15 49 15 47 51 46 66 15 46 
9 54 62 54 38 -1 36 62 54 5 37 62 62 37 43 29 46 38 54 54 27 24 29 54 9 9 5 9 37 5 43 9 36 43 54 46 5 5 5 36 26 29 38 -1 46 -1 43 26 36 38 39 62 5 36 -1 62 54 56 62 37 29 9 -1 62 40 26 46 
66 54 58 35 56 54 56 44 35 25 16 21 66 16 43 44 -1 55 54 54 57 16 43 44 21 16 47 21 56 25 43 25 66 43 35 -1 56 35 44 56 66 44 16 -1 -1 43 -1 -1 16 44 56 66 66 16 -1 35 -1 56 16 21 47 47 56 35 66 56 -1 
61 61 58 46 56 26 36 46 46 61 46 65 61 40 46 60 46 60 54 54 65 46 60 61 61 46 -1 61 61 26 46 61 61 46 46 46 26 26 26 61 26 46 60 46 46 26 -1 -1 61 38 61 61 26 36 46 46 46 56 46 60 -1 -1 56 46 40 26 46 
23 61 58 27 -1 36 4 -1 23 61 7 21 32 32 25 58 -1 32 23 23 57 -1 23 -1 21 16 61 4 4 23 57 38 -1 23 23 46 32 32 4 61 32 23 10 46 7 36 16 61 -1 4 61 7 25 32 23 7 4 -1 -1 21 58 -1 51 23 21 21 32 
53 38 -1 53 -1 38 4 -1 53 27 7 53 27 59 30 44 10 38 23 23 27 59 53 7 53 30 38 4 4 38 -1 38 53 43 53 53 53 59 -1 27 59 38 59 30 7 38 44 38 4 -1 39 7 30 -1 30 7 4 30 2 -1 59 38 2 62 53 53 51 
39 61 58 39 39 39 39 55 39 39 39 39 39 39 56 56 39 39 39 66 39 39 39 39 39 39 40 39 39 39 49 39 39 39 39 39 39 39 39 -1 39 39 64 45 41 39 56 61 61 39 -1 39 39 39 39 39 39 39 39 39 61 39 55 66 40 39 40 
9 55 62 66 27 9 24 -1 29 -1 7 -1 -1 57 25 29 10 55 29 66 57 11 29 7 9 9 9 9 57 -1 52 9 12 29 29 55 9 9 55 27 66 29 10 62 7 62 66 61 7 7 39 -1 -1 11 9 -1 57 -1 29 21 29 9 -1 62 11 11 -1 
66 38 30 66 38 -1 36 51 29 5 25 51 51 37 25 25 25 38 29 66 57 25 29 29 9 -1 5 9 37 -1 -1 9 66 29 29 55 5 5 5 36 66 25 66 25 25 5 66 26 25 30 39 -1 -1 36 5 51 25 30 25 37 25 9 51 66 66 25 -1 
-1 49 49 -1 49 36 24 10 3 0 -1 -1 32 10 49 22 10 13 23 23 27 10 0 0 -1 9 36 3 13 22 49 9 -1 22 8 3 -1 3 49 36 13 49 10 33 10 36 16 36 32 -1 39 11 36 -1 3 10 36 10 16 49 42 9 49 35 11 11 0 
9 -1 30 -1 56 -1 36 23 3 5 46 53 27 37 -1 56 46 38 -1 -1 27 27 8 18 9 14 5 3 56 5 14 9 36 43 8 3 5 3 1 27 26 18 38 14 46 -1 -1 46 23 30 39 9 5 3 -1 27 -1 56 46 37 47 1 45 19 66 56 3 
23 38 62 27 27 38 27 -1 27 27 7 51 27 17 62 44 10 -1 27 23 27 27 51 7 27 27 38 -1 17 51 49 38 17 46 27 -1 38 17 -1 27 17 38 17 46 7 62 35 46 7 7 39 -1 51 10 27 -1 62 51 48 17 42 27 -1 35 27 27 51 
22 54 62 54 -1 36 4 44 22 61 57 65 27 57 -1 -1 46 38 54 54 57 57 15 48 6 14 65 4 4 15 14 38 36 22 22 46 -1 36 4 36 39 25 57 14 15 54 -1 46 4 4 39 57 25 36 -1 62 -1 -1 15 49 15 -1 -1 62 57 -1 46 
48 56 30 27 48 37 24 10 27 51 -1 21 51 -1 30 56 10 13 27 48 -1 -1 51 48 21 16 40 20 13 51 -1 20 13 43 27 55 56 13 17 27 13 51 10 30 10 56 56 56 -1 30 39 -1 30 10 56 51 -1 -1 48 13 42 48 51 62 21 20 51 
22 61 -1 59 28 29 28 48 22 25 16 21 48 28 25 -1 -1 28 29 48 57 16 15 48 21 15 65 21 -1 15 2 25 48 22 22 46 39 59 28 28 28 25 59 46 15 62 16 46 -1 2 39 29 25 16 46 48 15 48 -1 -1 15 48 2 62 21 15 25 
53 49 49 37 49 37 24 49 37 24 13 21 27 -1 49 58 21 13 27 48 27 -1 58 48 21 21 37 21 13 37 49 49 13 58 37 37 32 -1 49 27 13 49 -1 45 49 37 21 60 21 -1 39 21 37 49 37 17 49 13 -1 -1 42 48 49 37 21 21 32 
22 61 58 22 56 29 56 42 22 25 42 64 51 42 25 -1 25 42 29 54 65 42 15 22 25 15 47 25 58 15 25 25 42 22 22 47 56 59 42 61 47 25 -1 47 15 29 47 -1 58 59 61 29 25 42 47 42 15 42 15 42 -1 47 56 47 42 15 25 
9 -1 58 27 48 9 24 48 22 -1 48 48 27 39 56 56 48 38 27 48 27 48 9 48 9 9 47 9 39 9 56 9 48 22 22 47 39 9 1 -1 39 25 60 47 47 9 47 -1 -1 38 39 9 9 9 1 27 -1 48 48 48 47 -1 56 62 40 56 9 
51 54 -1 54 56 45 56 51 51 51 51 51 51 55 56 56 56 55 51 63 55 51 51 51 51 51 45 55 56 51 2 51 51 45 51 55 56 45 55 55 66 51 55 45 51 -1 56 56 51 2 55 -1 51 49 45 -1 -1 51 2 49 56 56 -1 -1 51 56 51 
66 54 62 35 62 54 62 23 35 62 23 62 62 66 54 62 46 55 23 -1 35 66 66 19 53 66 66 35 62 62 62 55 66 46 35 -1 62 35 55 66 66 66 66 46 46 62 35 46 23 62 66 62 66 35 19 35 62 62 62 37 47 62 -1 -1 66 62 -1 
66 42 53 66 27 40 24 21 66 24 21 -1 27 40 66 60 21 42 27 66 27 -1 66 48 21 66 40 21 40 51 57 24 66 66 66 66 40 40 42 40 -1 66 -1 66 66 40 66 40 21 53 40 11 66 11 66 27 57 21 21 21 42 40 51 66 -1 11 -1 
22 56 58 27 56 26 56 44 22 25 21 -1 27 40 56 -1 21 38 27 56 -1 11 15 22 21 15 -1 20 56 15 56 20 53 22 22 56 56 26 26 27 26 25 60 56 15 26 56 26 21 53 39 11 25 11 56 27 -1 20 15 21 15 56 56 62 11 -1 25 
-1 54 52 -1 27 52 36 51 3 0 25 51 32 32 25 25 25 32 23 -1 27 64 0 0 9 -1 40 3 32 25 52 9 -1 22 8 3 32 3 41 40 -1 25 64 46 46 46 -1 46 32 51 40 -1 -1 0 3 51 46 51 25 32 25 9 51 -1 -1 25 -1 
