45
0 20
-1 39 10 43 40 10 10 -1 41 38 7 39 7 41 39 38 10 43 -1 43 38 22 7 10 7 43 44 41 41 39 38 36 18 41 41 44 7 10 7 -1 18 -1 7 -1 -1 
39 -1 17 17 17 17 17 17 17 33 17 33 17 34 -1 42 17 -1 32 36 30 14 17 17 34 17 33 21 41 14 17 14 17 14 -1 34 17 17 30 14 17 14 17 17 17 
10 17 -1 33 10 10 10 10 13 13 -1 33 33 -1 21 -1 -1 10 32 15 30 -1 21 10 13 10 16 21 16 21 16 13 16 -1 13 13 -1 10 15 21 16 13 15 13 13 
43 17 33 -1 40 12 43 12 12 33 12 43 -1 44 33 43 32 12 32 43 30 22 12 32 12 43 44 43 32 22 17 40 12 12 44 44 12 17 12 40 12 12 12 -1 -1 
40 17 10 40 -1 -1 10 10 35 35 5 35 40 35 40 35 40 10 40 35 35 35 40 10 35 10 35 35 40 10 35 40 40 40 35 -1 35 10 35 40 -1 40 35 35 35 
10 17 10 12 -1 -1 10 10 12 13 -1 35 10 10 17 10 10 10 40 10 30 10 10 10 10 10 16 10 16 10 16 16 16 10 13 4 10 10 10 40 4 40 10 17 10 
10 17 10 43 10 10 -1 10 41 13 -1 35 10 10 29 19 10 10 10 -1 30 27 10 10 10 10 19 -1 16 -1 27 16 16 10 30 19 19 10 10 29 16 27 29 19 27 
-1 17 10 12 10 10 10 -1 12 38 -1 38 -1 24 22 38 10 10 0 36 38 22 -1 10 -1 10 42 44 16 42 38 36 12 12 24 38 -1 10 -1 0 12 0 -1 0 -1 
41 17 13 12 35 12 41 12 -1 13 12 43 -1 -1 41 42 13 12 32 43 30 13 12 32 -1 43 42 41 41 42 17 13 12 12 13 13 12 17 42 24 12 -1 -1 -1 12 
38 33 13 33 35 13 13 38 13 -1 13 33 33 -1 33 38 13 33 40 33 38 13 33 13 13 13 33 35 41 33 38 13 33 -1 13 13 13 33 -1 24 33 13 38 13 13 
7 17 -1 12 5 -1 -1 -1 12 13 -1 33 7 2 17 2 -1 -1 7 6 30 2 7 -1 7 -1 16 6 16 6 16 16 16 2 13 5 2 -1 7 7 16 7 7 17 7 
39 33 33 43 35 35 35 38 43 33 33 -1 33 35 33 35 33 43 39 35 38 33 33 33 39 43 33 35 41 33 38 38 33 -1 35 -1 33 33 -1 -1 33 33 38 -1 35 
7 17 33 -1 40 10 10 -1 -1 33 7 33 -1 8 33 33 32 -1 32 33 30 22 -1 32 7 10 33 44 32 22 17 40 -1 -1 13 44 7 17 7 40 -1 8 7 3 -1 
41 34 -1 44 35 10 10 24 -1 -1 2 35 8 -1 31 2 2 10 40 35 34 2 12 10 -1 10 44 35 41 21 34 -1 12 2 -1 -1 2 10 9 24 31 -1 8 8 -1 
39 -1 21 33 40 17 29 22 41 33 17 33 33 31 -1 21 31 1 39 27 30 -1 21 17 39 17 33 21 41 -1 29 -1 31 -1 1 27 31 17 31 -1 31 -1 29 17 27 
38 42 -1 43 35 10 19 38 42 38 2 35 33 2 21 -1 2 42 32 -1 38 2 21 10 13 10 19 19 16 42 38 38 16 2 13 -1 2 19 -1 35 16 13 -1 19 35 
10 17 -1 32 40 10 10 10 13 13 -1 33 32 2 31 2 -1 10 32 26 30 2 10 10 10 10 -1 30 -1 30 -1 -1 -1 2 30 13 -1 10 30 40 -1 28 26 17 26 
43 -1 10 12 10 10 10 10 12 33 -1 43 -1 10 1 42 10 -1 32 36 30 10 12 10 10 10 37 30 16 30 -1 36 12 12 1 30 -1 -1 30 14 12 12 -1 -1 12 
-1 32 32 32 40 40 10 0 32 40 7 39 32 40 39 32 32 32 -1 43 32 22 7 32 7 43 32 41 32 32 32 40 -1 40 32 40 7 10 7 0 -1 0 7 0 0 
43 36 15 43 35 10 -1 36 43 33 6 35 33 35 27 -1 26 36 43 -1 30 27 27 10 35 43 -1 -1 26 6 27 36 26 26 30 -1 -1 -1 15 35 26 27 15 -1 26 
38 30 30 30 35 30 30 38 30 38 30 38 30 34 30 38 30 30 32 30 -1 30 30 30 34 30 30 30 30 30 -1 30 30 38 30 30 30 30 30 30 30 30 30 30 30 
22 14 -1 22 35 10 27 22 13 13 2 33 22 2 -1 2 2 10 22 27 30 -1 -1 10 13 10 16 -1 16 -1 27 14 16 2 13 27 2 10 15 14 16 14 29 27 27 
7 17 21 12 40 10 10 -1 12 33 7 33 -1 12 21 21 10 12 7 27 30 -1 -1 10 7 10 33 21 16 21 17 21 12 12 13 27 7 10 7 7 12 7 7 7 7 
10 17 10 32 10 10 10 10 32 13 -1 33 32 10 17 10 10 10 32 10 30 10 10 -1 10 10 16 10 16 10 16 16 -1 10 13 10 10 10 10 10 16 10 10 17 10 
7 34 13 12 35 10 10 -1 -1 13 7 39 7 -1 39 13 10 10 7 35 34 13 7 10 -1 10 42 35 41 39 34 13 12 12 13 13 7 10 7 -1 39 8 7 8 7 
43 17 10 43 10 10 10 10 43 13 -1 43 10 10 17 10 10 10 43 43 30 10 10 10 10 -1 16 43 16 10 16 16 16 10 13 43 10 10 10 43 16 43 10 -1 10 
44 33 16 44 35 16 19 42 42 33 16 33 33 44 33 19 -1 37 32 -1 30 16 33 16 42 16 -1 19 16 42 16 16 16 -1 30 19 16 -1 33 33 16 33 -1 19 -1 
41 21 21 43 35 10 -1 44 41 35 6 35 44 35 21 19 30 30 41 -1 30 -1 21 10 35 43 19 -1 41 6 -1 21 30 41 30 -1 19 19 30 21 41 -1 19 -1 -1 
41 41 16 32 40 16 16 16 41 41 16 41 32 41 41 16 -1 16 32 26 30 16 16 16 41 16 16 41 -1 30 16 16 16 41 30 41 16 16 30 40 16 -1 26 41 26 
39 14 21 22 10 10 -1 42 42 33 6 33 22 21 -1 42 30 30 32 6 30 -1 21 10 39 10 42 6 30 -1 -1 14 30 14 30 19 19 10 30 14 30 14 -1 19 27 
38 17 16 17 35 16 27 38 17 38 16 38 17 34 29 38 -1 -1 32 27 -1 27 17 16 34 16 16 -1 16 -1 -1 16 16 38 -1 27 16 17 -1 29 16 27 17 17 27 
36 14 13 40 40 16 16 36 13 13 16 38 40 -1 -1 38 -1 36 40 36 30 14 21 16 13 16 16 21 16 14 16 -1 16 14 13 13 -1 16 -1 14 -1 13 38 13 13 
18 17 16 12 40 16 16 12 12 33 16 33 -1 12 31 16 -1 12 -1 26 30 16 12 -1 12 16 16 30 16 30 16 16 -1 12 30 44 16 16 12 18 12 12 12 12 12 
41 14 -1 12 40 10 10 12 12 -1 2 -1 -1 2 -1 2 2 12 40 26 38 2 12 10 12 10 -1 41 41 14 38 14 12 -1 13 11 2 26 -1 11 -1 -1 26 11 12 
41 -1 13 44 35 13 30 24 13 13 13 35 13 -1 1 13 30 1 32 30 30 13 13 13 13 13 30 30 30 30 -1 13 30 13 -1 13 13 17 30 14 30 13 13 13 13 
44 34 13 44 -1 4 19 38 13 13 5 -1 44 -1 27 -1 13 30 40 -1 30 27 27 10 13 43 19 -1 41 19 27 13 44 11 13 -1 19 19 -1 11 4 13 15 11 -1 
7 17 -1 12 35 10 19 -1 12 13 2 33 7 2 31 2 -1 -1 7 -1 30 2 7 10 7 10 16 19 16 19 16 -1 16 2 13 19 -1 17 7 7 16 7 7 17 7 
10 17 10 17 10 10 10 10 17 33 -1 33 17 10 17 19 10 -1 10 -1 30 10 10 10 10 10 -1 19 16 10 17 16 16 26 17 19 17 -1 10 10 16 27 17 17 26 
7 30 15 12 35 10 10 -1 42 -1 7 -1 7 9 31 -1 30 30 7 15 30 15 7 10 7 10 33 30 30 30 -1 -1 12 -1 30 -1 7 10 -1 11 31 33 -1 11 7 
-1 14 21 40 40 40 29 0 24 24 7 -1 40 24 -1 35 40 14 0 35 30 14 7 10 -1 43 33 21 40 14 29 14 18 11 14 11 7 10 11 -1 -1 0 7 0 0 
18 17 16 12 -1 4 16 12 12 33 16 33 -1 31 31 16 -1 12 -1 26 30 16 12 16 39 16 16 41 16 30 16 -1 12 -1 30 4 16 16 31 -1 -1 -1 12 12 12 
-1 14 13 12 40 40 27 0 -1 13 7 33 8 -1 -1 13 28 12 0 27 30 14 7 10 8 43 33 -1 -1 14 27 13 12 -1 13 13 7 27 33 0 -1 -1 8 0 0 
7 17 15 12 35 10 29 -1 -1 38 7 38 7 8 29 -1 26 -1 7 15 30 29 7 10 7 10 -1 19 26 -1 17 38 12 26 13 15 7 17 -1 7 12 8 -1 8 7 
-1 17 13 -1 35 17 19 0 -1 13 17 -1 3 8 17 19 17 -1 0 -1 30 27 7 17 8 -1 19 -1 41 19 17 13 12 11 13 11 17 17 11 0 12 0 8 -1 0 
-1 17 13 -1 35 10 27 -1 12 13 7 35 -1 -1 27 35 26 12 0 26 30 27 7 10 7 10 -1 -1 26 27 27 13 12 12 13 -1 7 26 7 0 12 0 7 0 -1 
