49
2 14
-1 44 12 29 31 15 12 12 44 12 12 12 -1 44 38 12 12 30 44 44 38 12 29 12 44 30 29 34 12 -1 -1 12 44 30 30 30 12 30 12 30 31 29 12 44 -1 30 30 49 39 
44 -1 15 44 31 15 21 15 13 31 13 28 31 -1 38 -1 18 13 -1 -1 38 13 18 19 38 17 18 18 -1 44 31 -1 13 18 13 18 18 38 -1 -1 28 44 13 44 -1 -1 19 49 15 
12 15 -1 9 31 15 12 -1 16 -1 12 12 7 12 20 7 7 38 16 15 16 15 9 12 16 46 12 16 16 9 39 12 16 15 27 16 12 21 12 7 16 12 16 40 9 12 39 49 15 
29 44 9 -1 31 28 29 9 44 -1 44 12 9 44 38 44 22 44 22 44 38 37 -1 44 44 44 29 44 22 -1 44 12 44 22 44 22 22 22 12 44 28 29 44 44 -1 22 41 49 28 
31 31 31 31 -1 31 35 31 35 31 31 31 31 31 35 31 35 31 35 31 35 40 35 35 35 35 35 35 31 31 31 -1 35 35 31 -1 35 31 31 31 31 31 35 40 31 31 31 49 40 
15 15 15 28 31 -1 21 15 21 15 23 28 15 15 23 -1 28 33 33 -1 23 15 28 19 28 23 33 28 -1 28 33 15 28 -1 40 23 33 21 33 15 28 46 28 40 15 15 19 49 15 
12 21 12 29 35 21 -1 12 21 12 23 -1 11 21 23 21 11 21 26 23 23 -1 26 -1 16 23 -1 16 11 26 35 12 16 26 21 23 23 21 12 12 21 23 -1 40 12 23 21 49 21 
12 15 -1 9 31 15 12 -1 16 2 12 12 -1 12 20 -1 -1 38 16 15 16 15 18 12 16 46 12 16 16 12 39 12 16 15 27 16 12 21 12 -1 16 12 16 40 12 12 39 49 15 
44 13 16 44 35 21 21 16 -1 13 13 16 13 -1 20 21 -1 13 13 46 -1 -1 18 20 -1 46 13 16 16 44 17 13 13 17 13 16 13 21 13 46 16 46 16 40 13 13 -1 49 21 
12 31 -1 -1 31 15 12 2 13 -1 12 12 -1 12 38 7 7 38 22 23 38 12 3 12 38 23 12 16 12 3 12 12 44 38 13 16 12 22 12 7 31 12 12 44 3 12 38 49 15 
12 13 12 44 31 23 23 12 13 12 -1 12 -1 -1 23 12 42 13 13 23 23 13 18 -1 44 23 -1 32 12 26 44 12 13 17 13 23 -1 21 12 12 21 -1 -1 44 -1 -1 41 49 41 
12 28 12 12 31 28 -1 12 16 12 12 -1 -1 21 23 21 -1 21 16 23 23 -1 28 -1 16 23 6 16 -1 12 12 12 16 18 21 16 12 21 12 12 16 12 6 40 12 12 16 49 28 
-1 31 7 9 31 15 11 -1 13 -1 -1 -1 -1 10 38 7 7 38 44 23 38 11 9 10 38 23 10 16 11 0 0 -1 44 38 13 16 10 38 -1 7 31 10 10 44 -1 10 38 49 15 
44 -1 12 44 31 15 21 12 -1 12 -1 21 10 -1 20 1 8 -1 -1 1 8 -1 18 10 8 17 10 32 1 44 17 1 -1 17 -1 18 10 21 -1 1 21 10 10 44 -1 1 8 49 15 
38 38 20 38 35 23 23 20 20 38 23 23 38 20 -1 21 20 38 20 23 -1 20 38 20 20 23 23 20 20 46 35 38 20 38 46 23 23 38 20 46 20 46 20 40 20 23 20 49 46 
12 -1 7 44 31 -1 21 -1 21 7 12 21 7 1 21 -1 7 13 1 1 21 -1 18 19 16 17 18 16 1 44 31 1 13 5 13 16 18 21 1 1 21 48 16 40 1 1 19 49 -1 
12 18 7 22 35 28 11 -1 -1 7 42 -1 7 8 20 7 -1 38 -1 18 8 8 18 11 -1 23 18 -1 -1 26 35 40 -1 18 27 -1 18 38 -1 7 -1 42 -1 40 18 18 8 49 28 
30 13 38 44 31 33 21 38 13 38 13 21 38 -1 38 13 38 -1 13 46 38 13 18 25 38 -1 13 32 13 30 -1 30 13 -1 13 30 13 30 -1 30 21 46 13 44 13 30 -1 49 39 
44 -1 16 22 35 33 26 16 13 22 13 16 44 -1 20 1 -1 13 -1 1 13 13 -1 35 16 17 -1 16 1 26 35 1 13 -1 13 -1 -1 22 1 1 16 44 16 44 -1 -1 13 49 45 
44 -1 15 44 31 -1 23 15 46 23 23 23 23 1 23 1 18 46 1 -1 23 13 18 -1 35 23 18 46 1 44 31 1 13 5 46 23 18 38 1 1 28 46 23 44 1 1 -1 49 15 
38 38 16 38 35 23 23 16 -1 38 23 23 38 8 -1 21 8 38 13 23 -1 8 38 -1 8 23 23 16 16 46 35 38 13 38 46 23 23 38 -1 46 16 46 16 40 13 23 -1 49 46 
12 13 15 37 40 15 -1 15 -1 12 13 -1 11 -1 20 -1 8 13 13 13 8 -1 37 6 8 17 6 40 11 26 37 40 13 15 13 16 13 -1 13 13 -1 13 6 40 13 13 8 49 15 
29 18 9 -1 35 28 26 18 18 3 18 28 9 18 38 18 18 18 -1 18 38 37 -1 28 18 18 18 18 -1 3 37 18 18 18 18 18 18 -1 37 18 28 29 18 40 3 18 18 49 28 
12 19 12 44 35 19 -1 12 20 12 -1 -1 10 10 20 19 11 25 35 -1 -1 6 28 -1 35 -1 6 16 11 26 35 12 13 19 13 -1 10 21 20 19 16 10 6 44 10 10 19 49 28 
44 38 16 44 35 28 16 16 -1 38 44 16 38 8 20 16 -1 38 16 35 8 8 18 35 -1 35 18 16 16 44 35 35 -1 38 13 -1 18 38 -1 16 16 44 16 44 -1 18 8 49 28 
30 17 46 44 35 23 23 46 46 23 23 23 23 17 23 17 23 -1 17 23 23 17 18 -1 35 -1 23 46 23 46 17 30 17 17 46 23 23 30 17 46 46 46 23 44 17 23 -1 49 46 
29 18 12 29 35 33 -1 12 13 12 -1 6 10 10 23 18 18 13 -1 18 23 6 18 6 18 23 -1 18 11 -1 29 12 13 18 13 18 10 21 12 18 18 10 6 44 10 10 41 49 41 
34 18 16 44 35 28 16 16 16 16 32 16 16 32 20 16 -1 32 16 46 16 40 18 16 16 46 18 -1 16 44 34 40 -1 18 -1 16 34 34 16 16 -1 44 16 40 32 34 34 49 40 
12 -1 16 22 31 -1 11 16 16 12 12 -1 11 1 20 1 -1 13 1 1 16 11 -1 11 16 23 11 16 -1 22 31 1 16 5 40 16 18 22 1 1 -1 48 16 40 1 1 16 49 -1 
-1 44 9 -1 31 28 26 12 44 3 26 12 0 44 46 44 26 30 26 44 46 26 3 26 44 46 -1 44 22 -1 0 12 44 26 30 26 26 22 12 30 44 -1 26 44 -1 26 41 49 41 
-1 31 39 44 31 33 35 39 17 12 44 12 0 17 35 31 35 -1 35 31 35 37 37 35 35 17 29 34 31 0 -1 -1 44 17 -1 -1 34 -1 17 -1 31 44 35 44 -1 -1 17 49 39 
12 -1 12 12 -1 15 12 12 13 12 12 12 -1 1 38 1 40 30 1 1 38 40 18 12 35 30 12 40 1 12 -1 -1 40 18 30 4 12 30 1 1 -1 12 12 40 1 1 19 49 40 
44 13 16 44 35 28 16 16 13 44 13 16 44 -1 20 13 -1 13 13 13 13 13 18 13 -1 17 13 -1 16 44 44 40 -1 17 13 16 13 21 13 13 -1 44 16 40 -1 13 13 49 40 
30 18 15 22 35 -1 26 15 17 38 17 18 38 17 38 5 18 -1 -1 5 38 15 18 19 38 17 18 18 5 26 17 18 17 -1 17 18 18 38 -1 18 18 44 18 44 18 18 17 49 15 
30 13 27 44 31 40 21 27 13 13 13 21 13 -1 46 13 27 13 13 46 46 13 18 13 13 46 13 -1 40 30 -1 30 13 17 -1 30 -1 30 13 30 -1 46 13 40 13 -1 -1 49 40 
30 18 16 22 -1 23 23 16 16 16 23 16 16 18 23 16 -1 30 -1 23 23 16 18 -1 -1 23 18 16 16 26 -1 4 16 18 30 -1 18 30 16 30 16 23 16 40 18 18 16 49 28 
12 18 12 22 35 33 23 12 13 12 -1 12 10 10 23 18 18 13 -1 18 23 13 18 10 18 23 10 34 18 26 34 12 13 18 -1 18 -1 22 12 18 34 10 10 40 10 10 34 49 40 
30 38 21 22 31 21 21 21 21 22 21 21 38 21 38 21 38 30 22 38 38 -1 -1 21 38 30 21 34 22 22 -1 30 21 38 30 30 22 -1 -1 30 21 44 21 40 30 30 21 49 21 
12 -1 12 12 31 33 12 12 13 12 12 12 -1 -1 20 1 -1 -1 1 1 -1 13 37 20 -1 17 12 16 1 12 17 1 13 -1 13 16 12 -1 -1 1 16 12 16 40 1 1 17 49 15 
30 -1 7 44 31 15 12 -1 46 7 12 12 7 1 46 1 7 30 1 1 46 13 18 19 16 46 18 16 1 30 -1 1 13 18 30 30 18 30 1 -1 48 46 16 44 1 1 -1 49 -1 
31 28 16 28 31 28 21 16 16 31 21 16 31 21 20 21 -1 21 16 28 16 -1 28 16 16 46 18 -1 -1 44 31 -1 -1 18 -1 16 34 21 16 48 -1 48 16 -1 32 34 34 49 -1 
29 44 12 29 31 46 23 12 46 12 -1 12 10 10 46 48 42 46 44 46 46 13 29 10 44 46 10 44 48 -1 44 12 44 44 46 23 10 44 12 46 48 -1 10 44 -1 10 -1 49 -1 
12 13 16 44 35 28 -1 16 16 12 -1 6 10 10 20 16 -1 13 16 23 16 6 18 6 16 23 6 16 16 26 35 12 16 18 13 16 10 21 16 16 16 10 -1 40 10 10 16 49 28 
44 44 40 44 40 40 40 40 40 44 44 40 44 44 40 40 40 44 44 44 40 40 40 44 44 44 44 40 40 44 44 40 40 44 40 40 40 40 40 44 -1 44 40 -1 -1 40 40 49 40 
-1 -1 9 -1 31 15 12 12 13 3 -1 12 -1 -1 20 1 18 13 -1 1 13 13 3 10 -1 17 10 32 1 -1 -1 1 -1 18 13 18 10 30 1 1 32 -1 10 -1 -1 1 41 49 41 
30 -1 12 22 31 15 23 12 13 12 -1 12 10 1 23 1 18 30 -1 1 23 13 18 10 18 23 10 34 1 26 -1 1 13 18 -1 18 10 30 1 1 34 10 10 40 1 -1 34 49 -1 
30 19 39 41 31 19 21 39 -1 38 41 16 38 8 20 19 8 -1 13 -1 -1 8 18 19 8 -1 41 34 16 41 17 19 13 17 -1 16 34 21 17 -1 34 -1 16 40 41 34 -1 49 39 
49 49 49 49 49 49 49 49 49 49 49 49 49 49 49 49 49 49 49 49 49 49 49 49 49 49 49 49 49 49 49 49 49 49 49 49 49 49 49 49 49 49 49 49 49 49 49 -1 49 
39 15 15 28 40 15 21 15 21 15 41 28 15 15 46 -1 28 39 45 15 46 15 28 28 28 46 41 40 -1 41 39 40 40 15 40 28 40 21 15 -1 -1 -1 28 40 41 -1 39 49 -1 
