88
3 22
-1 9 66 49 58 80 42 9 61 -1 61 43 69 61 80 43 43 9 30 61 32 51 53 44 9 85 61 61 80 80 9 43 9 24 61 82 49 66 43 43 82 42 9 -1 9 9 9 43 17 9 81 24 44 43 43 43 80 66 30 46 43 -1 58 30 43 33 9 30 61 9 61 43 80 66 61 43 17 24 42 80 -1 43 80 9 9 43 80 43 
9 -1 32 49 34 34 47 -1 27 7 39 38 34 32 47 19 38 9 30 7 27 27 53 27 9 85 19 -1 38 64 9 -1 7 31 27 32 47 47 -1 7 47 27 9 38 9 7 9 -1 38 7 47 38 27 43 60 38 45 38 62 27 -1 19 60 19 38 33 9 30 27 9 19 34 47 38 60 39 68 27 48 64 19 43 63 7 7 33 64 38 
66 32 -1 32 62 62 50 32 50 66 13 62 69 -1 66 44 28 66 13 32 32 32 18 32 65 85 66 68 13 64 13 65 -1 65 68 -1 66 66 50 13 82 45 50 66 32 32 66 50 44 32 -1 28 13 50 52 62 85 66 62 66 32 13 -1 81 13 -1 -1 66 -1 66 65 85 28 66 50 13 68 66 64 22 28 50 35 32 32 68 68 68 
49 49 32 -1 14 56 26 49 27 49 85 55 85 32 -1 26 20 49 32 26 -1 20 32 20 49 85 -1 23 20 56 49 27 20 20 14 32 26 14 20 49 36 42 26 49 23 49 49 37 56 -1 32 20 23 49 26 -1 14 55 14 27 32 26 55 21 14 32 37 40 85 49 26 21 37 55 26 49 49 57 42 56 26 28 40 14 49 55 14 20 
58 34 62 14 -1 34 64 83 34 58 58 64 34 64 -1 64 64 56 58 64 14 71 64 34 58 85 14 34 86 64 58 34 64 85 -1 62 37 14 64 64 37 34 78 64 64 56 66 37 56 14 47 64 64 64 64 14 14 64 -1 34 62 34 58 58 -1 70 64 58 86 34 34 34 64 66 37 83 70 64 64 64 56 86 63 -1 83 64 -1 64 
80 34 62 56 34 -1 75 56 34 58 75 56 34 75 56 56 56 56 58 56 71 71 56 34 77 85 56 34 58 56 58 34 56 85 -1 62 56 56 56 75 77 34 75 75 56 56 75 56 56 56 75 71 56 56 56 62 -1 56 -1 34 56 75 58 58 34 70 75 58 34 34 34 -1 71 75 75 -1 70 71 56 56 56 58 80 75 56 56 58 57 
42 47 50 26 64 75 -1 19 47 42 -1 47 42 10 47 -1 42 42 13 15 44 71 53 44 42 85 19 44 13 56 10 42 44 42 71 50 47 47 47 10 67 42 -1 42 -1 44 75 -1 44 19 -1 42 13 -1 15 57 15 15 30 75 74 10 50 19 15 42 42 53 10 42 19 15 15 47 -1 -1 68 15 42 53 19 50 50 75 74 10 15 57 
9 -1 32 49 83 56 19 -1 27 -1 39 38 45 32 49 19 32 9 30 -1 32 32 30 27 9 85 19 1 30 56 9 1 -1 24 27 32 49 26 1 -1 49 45 9 9 9 -1 9 1 17 -1 32 24 32 43 39 49 45 19 30 27 1 19 32 19 19 32 9 30 27 9 19 19 19 66 19 39 17 19 42 80 19 43 63 -1 -1 39 19 32 
61 27 50 27 34 34 47 27 -1 30 30 38 41 30 47 77 30 30 30 61 27 63 30 27 77 85 47 -1 30 56 -1 -1 27 31 27 50 47 47 31 30 77 -1 41 30 27 30 30 -1 38 30 47 77 27 47 63 77 45 77 30 27 27 -1 58 30 38 33 30 30 27 30 77 77 30 38 47 77 68 -1 42 30 30 61 63 77 27 30 30 68 
-1 7 66 49 58 58 42 -1 30 -1 30 43 69 30 49 44 30 -1 30 7 32 51 30 44 -1 85 19 7 30 66 -1 7 7 24 69 66 49 66 43 7 49 42 -1 -1 -1 7 -1 7 17 -1 42 24 44 43 69 49 44 66 30 46 7 0 58 30 66 33 -1 30 30 -1 19 44 30 66 19 46 17 24 42 80 0 43 63 7 7 30 30 66 
61 39 13 85 58 75 -1 39 30 30 -1 85 85 -1 85 6 28 30 13 61 32 63 18 44 30 85 61 68 13 64 -1 30 13 85 68 13 47 47 43 -1 67 30 6 39 6 30 75 6 44 30 6 28 13 6 39 85 85 15 30 68 32 -1 13 30 13 13 13 30 -1 30 61 85 15 66 6 -1 68 75 42 22 28 61 63 75 39 -1 68 68 
43 38 62 55 64 56 47 38 38 43 85 -1 85 28 55 57 -1 48 28 38 16 20 53 20 33 85 55 38 16 64 28 38 20 16 38 62 47 47 -1 43 77 38 33 38 48 47 48 38 38 55 47 16 48 43 60 -1 48 16 62 38 38 38 55 21 38 33 73 30 28 73 65 85 28 -1 60 43 48 57 48 64 28 28 80 38 38 55 28 16 
69 34 69 85 34 34 42 45 41 69 85 85 -1 85 34 86 85 69 41 42 34 71 85 34 69 85 42 34 86 86 41 34 45 85 -1 69 69 69 85 85 77 -1 41 42 45 41 69 41 85 69 42 69 69 85 69 85 85 69 86 34 69 41 85 69 85 70 69 41 85 -1 34 34 71 69 85 34 70 41 42 86 85 86 69 34 69 -1 -1 85 
61 32 -1 32 64 75 10 32 30 30 -1 28 85 -1 64 64 28 52 -1 32 32 32 18 52 30 85 32 52 -1 64 10 64 -1 28 64 2 49 66 64 10 67 30 10 39 32 30 52 10 52 32 2 28 -1 64 52 57 52 28 30 52 32 10 2 30 -1 2 2 30 2 54 65 64 28 66 10 10 68 57 64 22 28 28 35 32 32 10 28 64 
80 47 66 -1 -1 56 47 49 47 49 85 55 34 64 -1 56 20 56 56 26 3 20 56 20 49 85 3 34 72 56 56 34 20 85 4 66 37 -1 47 56 37 56 26 47 56 56 56 37 56 3 47 20 56 56 56 3 -1 55 4 34 56 26 55 21 4 66 37 72 47 66 34 34 37 66 37 56 56 56 56 56 56 50 80 4 74 56 4 64 
43 19 44 26 64 56 -1 19 77 44 6 57 86 64 56 -1 57 44 64 -1 44 71 53 44 77 85 19 44 57 56 10 64 44 42 71 44 26 72 64 -1 77 77 6 39 -1 44 44 6 44 19 6 57 54 6 -1 57 -1 -1 86 44 54 19 57 19 -1 70 57 72 86 54 19 -1 -1 66 6 6 70 -1 64 56 19 43 63 19 54 39 -1 57 
43 38 28 20 64 56 42 32 30 30 28 -1 85 28 20 57 -1 48 28 42 -1 20 28 20 33 85 20 23 -1 64 28 33 20 -1 27 28 26 47 -1 43 77 42 33 38 23 30 48 38 38 20 47 -1 23 43 57 11 48 -1 30 27 38 81 55 21 38 33 57 30 28 66 65 21 28 11 60 77 68 57 42 80 28 28 80 32 32 33 28 -1 
9 9 66 49 56 56 42 9 30 -1 30 48 69 52 56 44 48 -1 30 9 32 51 53 44 9 85 19 76 30 56 9 48 9 24 76 66 49 66 48 9 49 42 9 9 9 9 9 48 -1 9 42 24 48 48 52 48 48 66 30 46 48 9 60 30 48 76 9 30 76 9 76 44 30 66 60 46 -1 24 48 53 9 43 63 9 9 56 76 76 
30 30 13 32 58 58 13 30 30 30 13 28 41 -1 56 64 28 30 -1 63 32 63 -1 52 30 85 63 30 13 64 -1 30 13 28 30 13 49 47 64 13 67 30 30 30 30 30 30 30 52 30 13 28 13 22 52 57 45 28 30 30 32 13 13 30 13 13 13 30 13 30 63 58 28 66 13 13 30 30 64 22 28 28 63 30 30 13 28 64 
61 7 32 26 64 56 15 -1 61 7 61 38 42 32 26 -1 42 9 63 -1 26 63 80 44 9 85 -1 7 80 56 63 7 7 42 70 82 26 26 7 7 36 42 -1 42 15 7 9 7 44 -1 15 63 54 15 15 26 15 15 63 27 74 -1 74 -1 15 70 9 63 61 9 -1 15 15 66 -1 15 70 15 42 80 -1 61 63 7 7 74 15 57 
32 27 32 -1 14 71 44 32 27 32 32 16 34 32 3 44 -1 32 32 26 -1 -1 32 -1 33 85 3 23 16 56 28 27 -1 16 27 32 26 14 16 32 36 27 33 38 23 32 32 38 38 3 32 16 23 43 52 3 14 16 14 27 32 26 32 21 32 32 32 30 27 32 26 21 28 16 60 32 68 57 42 80 28 28 63 32 32 33 28 16 
51 27 32 20 71 71 71 32 63 51 63 20 71 32 20 71 20 51 63 63 -1 -1 63 20 51 85 20 23 20 71 63 27 20 20 71 82 26 72 20 63 77 77 63 81 23 63 51 38 38 20 81 -1 23 67 63 20 71 20 63 27 32 63 32 -1 71 32 32 63 85 63 63 -1 71 20 63 71 70 71 63 80 63 63 63 32 63 71 71 20 
53 53 18 32 64 56 53 30 30 30 18 53 85 18 56 53 28 53 -1 80 32 63 -1 52 30 85 80 30 18 79 18 30 18 53 64 18 67 53 53 53 67 30 53 53 53 30 53 53 53 30 53 28 18 -1 52 85 53 28 30 53 53 18 18 30 53 18 64 53 18 30 80 53 64 66 53 53 53 30 53 -1 79 53 80 64 74 64 64 64 
44 27 32 20 34 34 44 27 27 44 44 20 34 52 20 44 20 44 52 44 -1 20 52 -1 44 85 20 -1 20 56 27 27 20 20 27 32 26 20 20 44 77 27 44 44 -1 44 44 27 44 20 44 20 -1 44 52 20 44 20 30 27 27 27 32 21 44 32 44 30 27 44 34 21 44 20 44 44 68 27 48 52 28 28 63 27 54 68 44 20 
9 9 65 49 58 77 42 9 77 -1 30 33 69 30 49 77 33 9 30 9 33 51 30 44 -1 85 19 33 30 66 9 33 9 -1 77 65 49 66 33 9 77 77 9 9 9 9 9 77 17 9 42 -1 44 43 69 77 77 77 30 46 9 9 58 30 66 33 9 30 85 9 77 77 77 66 85 77 17 -1 42 80 9 43 77 9 9 33 77 33 
85 85 85 85 85 85 85 85 85 85 85 85 85 85 85 85 85 85 85 85 85 85 85 85 85 -1 85 85 85 85 85 85 85 85 85 85 85 85 85 85 85 85 85 85 85 85 85 85 85 85 85 85 85 85 85 85 85 85 86 85 85 85 85 85 85 85 85 85 85 85 85 85 85 85 85 85 85 85 85 85 85 85 85 85 85 -1 85 85 
61 19 66 -1 14 56 19 19 47 19 61 55 42 32 3 19 20 19 63 -1 3 20 80 20 19 85 -1 19 72 56 63 19 19 42 70 66 -1 -1 47 19 36 42 19 42 19 19 66 37 44 3 47 20 23 19 19 3 14 19 14 66 74 19 55 19 19 70 37 40 47 66 19 19 37 66 19 19 70 19 42 80 19 61 40 19 19 55 19 20 
61 -1 68 23 34 34 44 1 -1 7 68 38 34 52 34 44 23 76 30 7 23 23 30 -1 33 85 19 -1 68 86 8 -1 7 31 -1 68 47 47 1 7 77 8 33 38 23 7 59 1 38 7 47 23 23 43 52 85 34 68 30 -1 1 8 60 30 34 33 59 30 -1 34 34 34 68 38 60 34 68 8 42 80 68 61 63 7 7 68 68 68 
80 38 13 20 86 58 13 30 30 30 13 16 86 -1 72 57 -1 30 13 80 16 20 18 20 30 85 72 68 -1 86 -1 30 13 16 68 13 72 72 16 13 67 30 30 81 30 30 30 68 38 30 81 16 13 64 52 57 80 -1 30 68 32 81 13 30 13 13 57 30 -1 30 76 72 -1 16 72 13 68 57 64 80 -1 -1 80 86 30 68 -1 16 
80 64 64 56 64 56 56 56 56 66 64 64 86 64 56 56 64 56 64 56 56 71 79 56 66 85 56 86 86 -1 56 64 64 85 56 64 56 56 64 56 67 56 78 64 56 56 56 56 56 56 56 64 56 64 56 85 -1 56 86 56 56 56 86 56 -1 64 64 64 86 66 56 56 64 66 85 56 86 56 64 -1 56 86 80 64 56 56 -1 64 
9 9 13 49 58 58 10 9 -1 -1 -1 28 41 10 56 10 28 9 -1 63 28 63 18 27 9 85 63 8 -1 56 -1 8 9 24 27 82 49 47 28 10 67 8 9 9 9 -1 9 8 17 9 10 24 13 67 63 57 45 28 -1 27 62 8 58 -1 13 13 9 -1 10 9 63 58 28 66 10 10 17 8 42 22 28 28 63 9 9 10 28 28 
43 -1 65 27 34 34 42 1 -1 7 30 38 34 64 34 64 33 48 30 7 27 27 30 27 33 85 19 -1 30 64 8 -1 7 -1 27 65 47 47 -1 7 77 8 33 38 27 7 48 1 38 7 47 33 27 43 60 38 48 33 30 27 1 8 60 30 38 33 64 30 27 9 34 34 64 38 60 77 68 8 42 64 19 43 63 7 7 33 64 33 
9 7 -1 20 64 56 44 -1 27 7 13 20 45 -1 20 44 20 9 13 7 -1 20 18 20 9 85 19 7 13 64 9 7 -1 20 27 2 49 66 60 7 49 45 9 9 -1 7 9 7 44 7 2 20 13 44 60 20 44 20 62 27 -1 13 2 19 13 2 2 30 2 9 19 21 28 66 60 13 68 44 48 22 19 28 35 7 7 13 28 20 
24 31 65 20 85 85 42 24 31 24 85 16 85 28 85 42 -1 24 28 42 16 20 53 20 -1 85 42 31 16 85 24 -1 20 -1 31 65 42 85 16 85 77 42 -1 42 24 42 24 31 38 24 42 16 23 42 85 85 85 16 86 31 31 31 65 42 85 -1 24 30 85 24 65 85 28 16 85 42 70 24 42 80 28 28 63 24 85 -1 85 16 
61 27 68 14 -1 -1 71 27 27 69 68 38 -1 64 4 71 27 76 30 70 27 71 64 27 77 85 70 -1 68 56 27 27 27 31 -1 68 37 14 27 71 77 12 41 38 27 41 59 27 56 70 47 71 27 64 69 85 5 71 4 27 27 27 58 70 4 70 64 72 27 12 -1 -1 71 66 70 5 70 70 64 56 56 61 70 4 27 12 4 64 
82 32 -1 32 62 62 50 32 50 66 13 62 69 2 66 44 28 66 13 82 32 82 18 32 65 85 66 68 13 64 82 65 2 65 68 -1 82 66 50 13 82 82 50 66 32 32 66 50 44 32 2 82 13 50 82 62 82 66 62 66 32 13 2 82 13 2 2 82 2 66 65 82 28 66 50 13 68 82 64 82 82 50 -1 32 32 68 68 68 
49 47 66 26 37 56 47 49 47 49 47 47 69 49 37 26 26 49 49 26 26 26 67 26 49 85 -1 47 72 56 49 47 49 42 37 82 -1 -1 47 49 -1 77 26 49 49 47 49 37 47 -1 47 49 26 67 26 26 37 66 37 49 74 26 55 26 66 66 37 40 47 49 26 72 37 66 37 77 49 40 42 80 26 49 40 49 49 74 26 66 
66 47 66 14 14 56 47 26 47 66 47 47 69 66 -1 72 47 66 47 26 14 72 53 20 66 85 -1 47 72 56 47 47 66 85 14 66 -1 -1 47 72 36 47 26 47 47 47 66 -1 47 36 47 47 48 47 69 14 14 66 14 66 74 26 66 26 66 66 -1 72 47 66 26 72 -1 66 -1 47 68 40 66 56 26 50 40 14 74 74 14 66 
43 -1 50 20 64 56 47 1 31 43 43 -1 85 64 47 64 -1 48 64 7 16 20 53 20 33 85 47 1 16 64 28 -1 60 16 27 50 47 47 -1 43 47 31 43 -1 48 47 48 -1 -1 7 47 16 48 43 60 11 48 16 62 27 -1 31 60 60 -1 33 64 48 47 43 19 64 64 11 60 43 48 31 48 64 28 43 63 7 7 64 64 16 
43 7 13 49 64 75 10 -1 30 7 -1 43 85 10 56 -1 43 9 13 7 32 63 53 44 9 85 19 7 13 56 10 7 7 85 71 13 49 72 43 -1 77 43 43 -1 15 7 75 7 43 7 10 24 54 43 -1 85 15 15 30 75 54 10 60 54 15 85 9 30 10 54 19 15 15 43 85 -1 68 15 43 53 19 43 63 7 7 -1 15 57 
82 47 82 36 37 77 67 49 77 49 67 77 77 67 37 77 77 49 67 36 36 77 67 77 77 85 36 77 67 67 67 77 49 77 77 82 -1 36 47 77 -1 77 77 67 77 67 67 37 67 36 47 77 67 67 77 77 77 77 67 67 67 77 67 82 67 77 37 -1 47 49 77 77 67 66 37 77 77 -1 67 82 82 82 -1 77 49 77 77 77 
42 27 45 42 34 34 42 45 -1 42 30 38 -1 30 56 77 42 42 30 42 27 77 30 27 77 85 42 8 30 56 8 8 45 42 12 82 77 47 31 43 77 -1 -1 42 45 -1 42 8 45 42 42 77 27 42 69 77 45 77 30 27 27 8 58 30 77 42 42 30 27 12 77 77 77 66 42 77 77 -1 42 56 42 43 77 45 45 12 12 77 
9 9 50 26 78 75 -1 9 41 -1 6 33 41 10 26 6 33 9 30 -1 33 63 53 44 9 85 19 33 30 78 9 33 9 -1 41 50 26 26 43 43 77 -1 -1 -1 6 41 9 6 78 9 6 24 78 6 15 85 15 15 30 46 43 19 50 19 78 33 9 30 10 9 19 15 15 66 6 6 17 41 -1 80 19 43 63 9 9 33 15 33 
-1 38 66 49 64 75 42 9 30 -1 39 38 42 39 47 39 38 9 30 42 38 81 53 44 9 85 42 38 81 64 9 38 9 42 38 66 49 47 -1 -1 67 42 -1 -1 9 9 9 38 38 9 81 24 48 -1 39 38 39 38 30 46 38 0 60 81 38 42 9 53 39 9 42 39 39 38 42 39 17 24 42 53 0 -1 80 9 9 39 39 38 
9 9 32 23 64 56 -1 9 27 -1 6 48 45 32 56 -1 23 9 30 15 23 23 53 -1 9 85 19 23 30 56 9 27 -1 24 27 32 49 47 48 15 77 45 6 9 -1 -1 9 6 -1 9 6 24 23 6 15 57 15 15 30 27 32 9 32 19 15 32 9 30 10 9 19 15 15 66 6 6 17 15 48 53 9 43 35 9 9 10 15 57 
9 7 32 49 56 56 44 -1 30 7 30 47 41 30 56 44 30 9 30 7 32 63 30 44 9 85 19 7 30 56 -1 7 7 42 41 32 47 47 47 7 67 -1 41 9 -1 -1 9 -1 44 7 47 24 44 44 39 85 -1 30 30 27 7 19 58 30 44 32 9 30 47 9 19 44 30 47 19 30 68 41 42 56 56 30 63 7 7 56 30 68 
9 9 66 49 66 75 75 9 30 -1 75 48 69 52 56 44 48 9 30 9 32 51 53 44 9 85 66 59 30 56 9 48 9 24 59 66 49 66 48 75 67 42 9 9 9 9 -1 48 -1 9 66 24 48 48 52 66 48 66 30 -1 48 9 60 30 66 66 -1 -1 59 9 77 72 67 66 60 -1 17 75 48 53 9 43 67 75 9 56 66 66 
43 -1 50 37 37 56 -1 1 -1 7 6 38 41 10 37 6 38 48 30 7 38 38 53 27 77 85 37 1 68 56 8 1 7 31 27 50 37 -1 -1 7 37 8 6 38 6 -1 48 -1 38 7 -1 38 48 6 15 38 45 15 30 27 1 8 50 30 38 50 37 30 -1 66 76 15 37 38 6 6 68 8 42 53 56 50 40 7 7 68 68 68 
17 38 44 56 56 56 44 17 38 17 44 38 85 52 56 44 38 -1 52 44 38 38 53 44 17 85 44 38 38 56 17 38 44 38 56 44 47 47 -1 43 67 45 78 38 -1 44 -1 38 -1 17 44 38 -1 -1 52 38 -1 38 56 46 -1 17 60 54 38 38 46 46 47 17 76 44 44 38 60 46 17 44 -1 53 56 43 80 75 54 56 44 38 
9 7 32 -1 14 56 19 -1 30 -1 30 55 69 32 3 19 20 9 30 -1 3 20 30 20 9 85 3 7 30 56 9 7 7 24 70 32 -1 36 7 7 36 42 9 9 9 7 9 7 17 -1 19 24 23 43 19 3 14 19 30 46 7 19 55 19 19 70 9 30 27 9 19 19 19 66 19 39 17 19 42 80 19 43 40 7 7 39 19 20 
81 47 -1 32 47 75 -1 32 47 42 6 47 42 2 47 6 47 42 13 15 32 81 53 44 42 85 47 47 81 56 10 47 2 42 47 2 47 47 47 10 47 42 6 81 6 47 66 -1 44 19 -1 47 13 6 15 62 15 15 62 47 32 81 2 81 13 2 2 53 2 66 65 15 15 66 6 6 68 15 42 53 81 -1 35 75 74 10 15 68 
24 38 28 20 64 71 42 24 77 24 28 16 69 28 20 57 -1 24 28 63 16 -1 28 20 -1 85 20 23 16 64 24 33 20 16 71 82 49 47 16 24 77 77 24 24 24 24 24 38 38 24 47 -1 23 43 63 16 48 16 30 46 38 24 55 21 38 33 24 30 28 24 77 21 28 16 60 77 24 24 42 80 28 28 63 24 24 33 28 16 
44 27 13 23 64 56 13 32 27 44 13 48 69 -1 56 54 23 48 13 54 23 23 18 -1 44 85 23 23 13 56 13 27 13 23 27 13 26 48 48 54 67 27 78 48 23 44 48 48 -1 23 13 23 -1 48 -1 23 48 28 30 27 48 13 13 54 13 13 13 48 13 54 34 54 28 48 60 13 48 54 48 22 28 28 63 32 54 13 28 64 
43 43 50 49 64 56 -1 43 47 43 6 43 85 64 56 6 43 48 22 15 43 67 -1 44 43 85 19 43 64 64 67 43 44 42 64 50 67 47 43 43 67 42 6 -1 6 44 48 6 -1 43 6 43 48 -1 15 85 48 15 64 48 48 10 60 67 -1 42 64 -1 10 43 19 15 64 66 6 6 48 15 48 22 43 43 67 64 74 64 64 64 
43 60 52 26 64 56 15 39 63 69 39 60 69 52 56 -1 57 52 52 15 52 63 52 52 69 85 19 52 52 56 63 60 60 85 69 82 26 69 60 -1 77 69 15 39 15 39 52 15 52 19 15 63 -1 15 -1 57 15 15 62 52 -1 19 60 -1 15 52 69 63 39 -1 19 15 15 69 60 39 52 15 52 56 19 63 63 39 -1 39 15 57 
43 38 62 -1 14 62 57 49 77 49 85 -1 85 57 3 57 11 48 57 26 3 20 85 20 77 85 3 85 57 85 57 38 20 85 85 62 26 14 11 85 77 77 85 38 57 85 66 38 38 3 62 16 23 85 57 -1 85 -1 62 66 62 85 -1 21 85 62 57 57 85 66 77 85 57 11 85 77 85 57 85 80 57 57 62 14 85 -1 85 57 
80 45 85 14 14 -1 15 45 45 44 85 48 85 52 -1 -1 48 48 45 15 14 71 53 44 77 85 14 34 80 -1 45 48 44 85 5 82 37 14 48 15 77 45 15 39 15 -1 48 45 -1 14 15 48 48 48 15 85 -1 15 5 48 48 19 58 19 15 85 37 45 85 54 19 5 15 48 85 5 48 15 48 29 -1 80 80 14 45 -1 15 57 
66 38 66 55 64 56 15 19 77 66 15 16 69 28 55 -1 -1 66 28 15 16 20 28 20 77 85 19 68 -1 56 28 33 20 16 71 66 66 66 16 15 77 77 15 38 15 30 66 15 38 19 15 16 28 15 15 -1 15 -1 30 66 38 19 55 19 15 33 -1 30 28 66 77 15 15 66 15 77 68 -1 64 80 28 28 77 77 54 55 15 -1 
30 62 62 14 -1 -1 30 30 30 30 30 62 86 30 4 86 30 30 30 63 14 63 30 30 30 86 14 30 30 86 -1 30 62 86 4 62 37 14 62 30 67 30 30 30 30 30 30 30 56 30 62 30 30 64 62 62 5 30 -1 30 62 30 -1 30 4 62 30 30 86 30 34 5 30 62 62 5 86 30 64 86 30 30 63 4 30 86 -1 64 
46 27 66 27 34 34 75 27 27 46 68 38 34 52 34 44 27 46 30 27 27 27 53 27 46 85 66 -1 68 56 27 27 27 31 27 66 49 66 27 75 67 27 46 46 27 27 -1 27 46 46 47 46 27 48 52 66 48 66 30 -1 27 27 60 30 66 33 46 46 27 46 34 34 67 66 60 46 68 27 48 53 46 46 67 75 27 68 68 68 
43 -1 32 32 62 56 74 1 27 7 32 38 69 32 56 54 38 48 32 74 32 32 53 27 9 85 74 1 32 56 62 1 -1 31 27 32 74 74 -1 54 67 27 43 38 32 7 48 1 -1 7 32 38 48 48 -1 62 48 38 62 27 -1 74 -1 54 38 32 32 48 27 54 74 54 54 38 -1 48 48 54 48 53 56 43 63 7 54 74 54 38 
-1 19 13 26 34 75 10 19 -1 0 -1 38 41 10 26 19 81 9 13 -1 26 63 18 27 9 85 19 8 81 56 8 8 13 31 27 13 26 26 31 10 77 8 19 0 9 19 9 8 17 19 81 24 13 10 19 85 19 19 30 27 74 -1 13 19 13 70 9 30 10 9 19 19 19 66 19 10 68 8 42 80 0 -1 63 19 19 10 19 68 
58 60 -1 55 58 58 50 32 58 58 13 55 85 2 55 57 55 60 13 74 32 32 18 32 58 85 55 60 13 86 58 60 2 65 58 2 55 66 60 60 67 58 50 60 32 58 60 50 60 55 2 55 13 60 60 -1 58 55 -1 60 -1 13 -1 58 13 2 2 58 2 60 65 58 28 55 60 58 68 57 60 86 28 50 35 58 60 55 58 57 
30 19 81 21 58 58 19 19 30 30 30 21 69 30 21 19 21 30 30 -1 21 -1 30 21 30 85 19 30 30 56 -1 30 19 42 70 82 26 26 60 54 82 30 19 81 19 30 30 30 54 19 81 21 54 67 -1 21 19 19 30 30 54 19 58 -1 19 70 30 30 30 54 19 21 19 66 19 30 70 19 42 80 19 -1 -1 19 54 30 19 21 
43 38 13 14 -1 34 15 19 38 66 13 38 85 -1 4 -1 38 48 13 15 32 71 53 44 66 85 19 34 13 -1 13 38 13 85 4 13 66 66 -1 15 67 77 78 38 15 44 66 38 38 19 13 38 13 -1 15 85 15 15 4 66 38 13 13 19 -1 13 -1 53 85 66 19 15 -1 66 85 13 85 15 -1 29 19 28 35 4 54 -1 -1 -1 
33 33 -1 32 70 70 42 32 33 33 13 33 70 2 66 70 33 76 13 70 32 32 18 32 33 85 70 33 13 64 13 33 2 -1 70 2 66 66 33 85 77 42 33 42 32 32 66 50 38 70 2 33 13 42 52 62 85 33 62 33 32 70 2 70 13 -1 2 66 2 66 -1 70 28 66 70 77 70 70 42 80 70 50 35 32 32 33 68 33 
9 9 -1 37 64 75 42 9 30 -1 13 73 69 2 37 57 57 9 13 9 32 32 64 44 9 85 37 59 57 64 9 64 2 24 64 2 37 -1 64 9 37 42 9 9 9 9 -1 37 46 9 2 24 13 64 69 57 37 -1 30 46 32 9 2 30 -1 2 -1 46 2 -1 65 57 37 -1 37 46 17 57 64 64 9 43 35 9 9 64 64 57 
30 30 66 40 58 58 53 30 30 30 30 30 41 30 72 72 30 30 30 63 30 63 53 30 30 85 40 30 30 64 -1 30 30 30 72 82 40 72 48 30 -1 30 30 53 30 30 -1 30 46 30 53 30 48 -1 63 57 45 30 30 46 48 30 58 30 53 66 46 -1 30 30 77 72 -1 66 53 46 30 40 48 53 30 30 40 75 30 30 30 64 
61 27 -1 85 86 34 10 27 27 30 -1 28 85 2 47 86 28 76 13 61 27 85 18 27 85 85 47 -1 -1 86 10 27 2 85 27 2 47 47 47 10 47 27 10 39 10 47 59 -1 47 27 2 28 13 10 39 85 85 28 86 27 27 10 2 30 85 2 2 30 -1 66 76 85 28 66 85 10 -1 27 85 80 28 28 35 75 85 -1 -1 -1 
9 9 66 49 34 34 42 9 30 -1 30 73 -1 54 66 54 66 9 30 9 32 63 30 44 9 85 66 34 30 66 9 9 9 24 12 66 49 66 43 54 49 12 9 9 9 9 9 66 17 9 66 24 54 43 -1 66 54 66 30 46 54 9 60 54 66 66 -1 30 66 -1 34 34 54 66 60 46 17 24 42 66 9 43 63 9 54 12 12 66 
61 19 65 26 34 34 19 19 77 19 61 65 34 65 34 19 65 76 63 -1 26 63 80 34 77 85 19 34 76 56 63 34 19 65 -1 65 26 26 19 19 77 77 19 42 19 19 77 76 76 19 65 77 34 19 19 77 19 77 34 34 74 19 65 19 19 -1 65 77 76 34 -1 34 19 66 19 77 -1 -1 42 80 19 61 63 19 19 34 19 76 
43 34 85 21 34 -1 15 19 77 44 85 85 34 64 34 -1 21 44 58 15 21 -1 53 21 77 85 19 34 72 56 58 34 21 85 -1 82 72 72 64 15 77 77 15 39 15 44 72 15 44 19 15 21 54 15 15 85 5 15 5 34 54 19 58 21 15 70 57 72 85 34 34 -1 -1 66 85 5 70 -1 64 56 19 63 63 34 54 -1 15 57 
80 47 28 37 64 71 15 19 30 30 15 28 71 28 37 -1 28 30 28 15 28 71 64 44 77 85 37 68 -1 64 28 64 28 28 71 28 37 -1 64 15 67 77 15 39 15 30 67 37 44 19 15 28 28 64 15 57 15 15 30 67 54 19 28 19 -1 28 37 -1 28 54 19 -1 -1 66 37 15 68 15 64 64 28 28 67 64 54 64 15 64 
66 38 66 55 66 75 47 66 38 66 66 -1 69 66 66 66 11 66 66 66 16 20 66 20 66 85 66 38 16 66 66 38 66 16 66 66 66 66 11 43 66 66 66 38 66 47 66 38 38 66 66 16 48 66 69 11 48 66 62 66 38 66 55 66 66 66 -1 66 66 66 66 66 66 -1 66 66 66 66 66 66 28 28 66 66 66 55 66 16 
61 60 50 26 37 75 -1 19 47 19 6 60 85 10 37 6 60 60 13 -1 60 63 53 44 85 85 19 60 72 85 10 60 60 85 70 50 37 -1 60 85 37 42 6 42 6 19 60 6 60 19 6 60 60 6 60 85 85 15 62 60 -1 19 60 19 85 70 37 53 85 60 19 85 37 66 -1 6 70 15 42 80 19 50 63 19 -1 -1 85 85 
43 39 13 49 83 -1 -1 39 77 46 -1 43 34 10 56 6 77 46 13 15 32 71 53 44 77 85 19 34 13 56 10 77 13 42 5 13 77 47 43 -1 77 77 6 39 6 30 -1 6 46 39 6 77 13 6 39 77 5 77 5 46 48 10 58 30 13 77 46 46 10 46 77 5 15 66 6 -1 68 -1 42 53 56 43 77 -1 39 10 15 68 
17 68 68 49 70 70 68 17 68 17 68 48 70 68 56 70 68 -1 30 70 68 70 53 68 17 85 70 68 68 86 17 68 68 70 70 68 49 68 48 68 77 77 17 17 17 68 17 68 17 17 68 24 48 48 52 85 48 68 86 68 48 68 68 70 85 70 17 30 -1 17 -1 70 68 66 70 68 -1 70 48 80 68 68 68 17 17 68 68 68 
24 27 66 57 64 71 15 19 -1 24 75 57 41 57 56 -1 57 24 30 15 57 71 30 27 -1 85 19 8 57 56 8 8 44 24 70 82 40 40 31 15 -1 -1 41 24 15 41 75 8 44 19 15 24 54 15 15 57 15 -1 30 27 54 8 57 19 15 70 57 40 27 24 -1 -1 15 66 15 -1 70 -1 42 56 19 57 40 75 54 71 15 57 
42 48 64 42 64 56 42 42 42 42 42 48 42 64 56 64 42 48 64 42 42 63 53 48 42 85 42 42 64 64 42 42 48 42 64 64 42 66 48 43 67 42 -1 42 48 42 48 42 -1 42 42 42 48 48 52 85 48 64 64 48 48 42 60 42 -1 42 64 48 85 42 42 64 64 66 42 42 48 42 -1 64 42 43 63 64 42 64 64 64 
80 64 22 56 64 56 53 80 30 80 22 64 86 22 56 56 80 53 22 80 80 80 -1 52 80 85 80 80 80 -1 22 64 22 80 56 82 80 56 64 53 82 56 80 53 53 56 53 53 53 80 53 80 22 22 56 80 29 80 86 53 53 80 86 80 29 80 64 53 80 66 80 56 64 66 80 53 80 56 64 -1 -1 80 80 64 80 56 29 64 
-1 19 28 26 56 56 19 19 30 0 28 28 85 28 56 19 28 9 28 -1 28 63 79 28 9 85 19 68 -1 56 28 19 19 28 56 82 26 26 28 19 82 42 19 0 9 56 9 56 56 19 81 28 28 43 19 57 -1 28 30 46 56 0 28 19 19 70 9 30 28 9 19 19 28 28 19 56 68 19 42 -1 -1 28 -1 19 19 56 28 28 
43 43 50 28 86 58 50 43 61 43 61 28 86 28 50 43 28 43 28 61 28 63 53 28 43 85 61 61 -1 86 28 43 28 28 61 50 49 50 43 43 82 43 43 -1 43 30 43 50 43 43 -1 28 28 43 63 57 80 28 30 46 43 -1 50 -1 28 50 43 30 28 43 61 63 28 28 50 43 68 57 43 80 28 -1 63 43 63 43 28 28 
80 63 35 40 63 80 50 63 63 63 63 80 69 35 80 63 80 63 63 63 63 63 80 63 77 85 40 63 80 80 63 63 35 63 70 -1 40 40 63 63 -1 77 63 80 35 63 67 40 80 40 35 63 63 67 63 62 80 77 63 67 63 63 35 -1 35 35 35 40 35 63 63 63 67 66 63 77 68 40 63 80 -1 63 -1 63 63 80 80 68 
9 7 32 14 -1 75 75 -1 77 7 75 38 34 32 4 19 32 9 30 7 32 32 64 27 9 85 19 7 86 64 9 7 7 24 4 32 49 14 7 7 77 45 9 9 9 7 75 7 75 7 75 24 32 64 39 14 14 77 4 75 7 19 58 19 4 32 9 75 75 9 19 34 64 66 19 -1 17 75 64 64 19 43 63 -1 7 39 4 64 
9 7 32 49 83 56 74 -1 27 7 39 38 69 32 74 54 32 9 30 7 32 63 74 54 9 85 19 7 30 56 9 7 7 85 27 32 49 74 7 7 49 45 9 9 9 7 9 7 54 7 74 24 54 74 -1 85 45 54 30 27 54 19 60 54 54 32 9 30 85 54 19 54 54 66 -1 39 17 54 42 80 19 63 63 7 -1 74 54 57 
43 33 68 55 64 56 10 39 30 30 -1 55 -1 10 56 39 33 56 13 74 33 71 64 68 33 -1 55 68 68 56 10 33 13 -1 12 68 74 74 64 -1 77 12 33 39 10 56 56 68 56 39 10 33 13 64 39 -1 -1 55 86 68 74 10 55 30 -1 33 64 30 -1 12 34 -1 64 55 -1 10 68 71 64 56 56 43 80 39 74 -1 -1 64 
80 64 68 14 -1 58 15 19 30 30 68 28 -1 28 4 -1 28 76 28 15 28 71 64 44 77 85 19 68 -1 -1 28 64 28 85 4 68 26 14 64 15 77 12 15 39 15 30 66 68 44 19 15 28 28 64 15 85 15 15 -1 68 54 19 58 19 -1 68 64 30 -1 12 19 15 15 66 85 15 68 15 64 29 28 28 80 4 54 -1 -1 64 
43 38 68 20 64 57 57 32 68 66 68 16 85 64 64 57 -1 76 64 57 16 20 64 20 33 85 20 68 16 64 28 33 20 16 64 68 66 66 16 57 77 77 33 38 57 68 66 68 38 20 68 16 64 64 57 57 57 -1 64 68 38 68 57 21 -1 33 57 64 -1 66 76 57 64 16 85 68 68 57 64 64 28 28 68 64 57 64 64 -1 
