92
0 38
-1 65 82 65 62 76 65 65 62 -1 65 9 65 65 82 65 76 62 62 76 9 65 76 11 62 76 76 62 9 76 76 65 64 76 65 62 76 76 79 11 76 76 76 65 20 76 65 65 76 62 62 62 76 76 65 9 65 65 62 28 76 65 -1 76 55 -1 62 65 76 23 9 65 44 65 85 65 -1 76 65 59 76 67 9 65 76 76 11 65 65 62 65 76 
65 -1 78 71 58 59 43 43 43 59 43 52 56 59 59 71 43 56 83 52 43 59 43 59 59 43 59 61 59 83 87 43 52 79 59 43 59 78 79 52 52 59 43 -1 72 59 78 56 83 59 59 78 43 43 61 67 -1 71 56 -1 78 -1 56 59 78 56 71 61 78 90 59 -1 43 43 78 59 59 83 -1 59 52 67 59 -1 43 59 52 71 87 56 61 83 
82 78 -1 64 58 88 58 64 58 82 64 86 75 58 82 58 58 58 82 -1 64 52 64 64 64 58 64 58 64 64 88 64 64 82 64 64 75 64 79 52 52 75 58 52 64 64 82 68 58 58 64 58 19 64 82 64 58 64 -1 82 64 58 82 64 -1 64 82 64 64 64 82 64 64 75 85 -1 64 64 64 58 19 82 -1 64 64 75 -1 88 -1 58 82 64 
65 71 64 -1 58 67 15 64 15 64 42 23 65 15 66 -1 89 -1 66 64 62 64 15 22 64 15 64 58 64 76 76 65 64 76 22 42 76 64 79 22 76 66 15 83 64 64 15 56 66 62 64 15 64 76 65 64 17 -1 17 64 64 67 17 66 -1 -1 -1 -1 64 23 23 -1 64 15 51 64 -1 76 64 15 66 67 17 -1 76 64 64 71 58 17 65 64 
62 58 58 58 -1 88 58 64 58 82 58 86 88 58 82 58 58 58 88 58 62 88 58 88 58 58 64 58 88 58 88 88 58 79 88 88 88 88 79 58 88 88 58 58 58 64 88 88 58 58 58 58 58 58 61 64 58 58 -1 79 88 58 58 64 58 88 58 88 88 90 82 88 58 88 88 88 88 58 64 58 58 88 58 58 88 88 58 88 -1 58 88 58 
76 59 88 67 88 -1 42 64 13 67 42 35 -1 12 68 42 42 64 35 88 76 35 76 35 35 42 64 13 35 76 76 87 64 76 60 -1 -1 76 79 68 76 36 35 42 35 76 12 12 12 35 59 46 35 76 35 67 47 67 88 36 -1 67 35 76 60 12 35 -1 -1 35 35 87 42 12 88 12 -1 76 68 47 51 67 46 35 35 88 88 -1 -1 47 67 48 
65 43 58 15 58 42 -1 72 -1 31 42 31 46 8 46 8 25 8 42 52 31 42 42 42 31 8 42 13 31 48 76 -1 51 53 42 42 13 53 79 42 52 36 -1 -1 72 31 -1 46 8 53 53 8 43 -1 65 31 17 15 8 31 42 43 17 42 17 31 31 65 46 42 31 15 -1 43 51 46 53 48 46 8 51 46 46 43 42 53 52 31 46 31 61 46 
65 43 64 64 64 64 72 -1 42 64 -1 54 65 42 64 42 42 64 54 64 64 54 42 54 64 42 64 61 64 64 64 64 64 82 54 42 54 64 79 64 64 66 10 10 72 64 72 68 54 64 64 64 43 42 -1 64 64 64 64 54 64 54 64 64 -1 54 64 61 64 90 54 64 -1 43 64 64 64 64 54 42 64 64 54 43 42 54 64 54 64 64 54 64 
62 43 58 15 58 13 -1 42 -1 82 42 23 13 -1 46 -1 25 -1 42 58 31 48 15 22 31 -1 22 13 31 48 76 6 51 79 22 42 13 48 79 22 76 36 -1 6 72 48 6 79 -1 27 53 -1 43 6 48 64 17 15 -1 79 64 27 17 66 17 13 48 15 48 23 23 15 6 15 51 13 48 48 46 -1 51 46 17 48 42 48 58 48 58 17 54 48 
-1 59 82 64 82 67 31 64 82 -1 64 -1 65 59 82 82 89 82 82 82 -1 23 23 11 28 23 23 49 -1 76 76 20 64 82 82 28 59 64 79 11 76 82 23 31 20 20 82 65 76 28 59 82 39 76 82 -1 65 64 82 28 64 67 0 23 55 0 82 55 64 23 -1 59 44 59 82 82 0 76 64 59 63 67 -1 59 35 23 11 31 82 31 82 82 
65 43 64 42 58 42 42 -1 42 64 -1 42 73 42 42 42 42 42 42 52 42 42 42 42 42 42 42 42 42 48 52 42 52 53 42 42 42 53 79 42 52 42 -1 -1 72 64 42 56 42 53 53 42 43 42 7 64 43 42 42 43 64 43 42 42 7 54 42 42 64 42 42 42 7 43 51 64 42 48 43 42 51 42 54 43 42 42 52 42 42 42 54 42 
9 52 86 23 86 35 31 54 23 -1 42 -1 46 23 39 23 25 82 23 52 9 23 23 -1 28 23 23 79 9 48 40 20 52 23 23 23 48 53 79 -1 26 66 23 52 20 39 39 68 23 28 26 46 39 33 23 9 65 23 86 23 34 54 9 23 26 9 39 55 39 23 9 23 44 23 85 86 9 48 46 33 63 39 9 23 35 23 -1 23 86 31 69 39 
65 56 75 65 88 -1 46 65 13 65 73 46 -1 -1 46 46 89 13 35 75 65 48 46 48 35 13 46 13 65 48 76 65 51 79 48 5 5 48 79 46 76 36 13 73 35 48 -1 -1 -1 27 46 46 48 46 65 67 47 46 88 73 5 27 65 66 60 -1 48 5 5 48 46 46 46 -1 51 -1 5 48 46 47 51 46 46 48 35 75 75 5 -1 47 65 48 
65 59 58 15 58 12 8 42 -1 59 42 23 -1 -1 46 8 25 8 35 58 31 48 15 22 49 8 22 -1 59 48 41 8 51 79 22 12 -1 76 79 22 76 36 8 8 49 76 12 12 8 27 49 8 43 8 61 64 17 15 8 36 12 27 17 66 17 12 41 12 12 90 59 15 8 12 51 12 36 48 46 8 51 46 17 48 35 75 58 12 12 17 61 48 
82 59 82 66 82 68 46 64 46 82 42 39 46 46 -1 46 91 82 66 52 45 45 39 39 66 39 50 50 59 66 66 46 51 82 50 66 59 91 79 -1 50 66 39 46 45 39 -1 68 66 50 -1 46 39 50 82 64 68 46 82 50 50 81 82 66 50 46 -1 81 -1 39 39 46 46 46 51 46 39 66 46 59 51 -1 -1 66 66 66 39 66 46 68 82 -1 
65 71 58 -1 58 42 8 42 -1 82 42 23 46 8 46 -1 25 3 42 52 31 23 -1 22 42 8 22 13 73 48 76 8 51 23 22 42 13 53 79 22 26 66 -1 42 42 39 -1 46 8 53 26 8 39 42 34 64 17 -1 8 73 34 67 17 23 3 3 3 3 46 23 23 -1 8 -1 51 46 3 48 46 8 51 46 46 3 42 23 23 71 46 17 54 46 
76 43 58 89 58 42 25 42 25 89 42 25 89 25 91 25 -1 89 42 52 89 91 25 25 89 -1 25 25 89 91 76 89 51 25 25 42 91 91 79 25 26 91 25 42 89 39 91 89 91 53 91 25 39 42 34 89 89 25 25 79 34 27 89 25 89 89 91 89 89 25 25 25 25 25 51 89 25 91 89 25 51 91 89 91 42 91 25 89 58 -1 91 -1 
62 56 58 -1 58 64 8 64 -1 82 42 82 13 8 82 3 89 -1 66 58 62 48 15 64 62 8 64 58 62 48 76 89 64 82 64 42 13 64 79 64 64 66 8 8 62 64 82 56 8 62 64 8 64 8 82 64 -1 3 -1 82 64 56 -1 64 -1 3 3 3 64 64 82 3 8 15 51 58 3 48 64 8 51 67 -1 3 42 64 58 48 58 -1 82 48 
62 83 82 66 88 35 42 54 42 82 42 23 35 35 66 42 42 66 -1 52 45 -1 23 21 35 42 23 49 35 48 66 35 52 23 21 -1 35 85 79 45 52 66 35 83 35 21 66 35 21 35 34 85 21 42 21 64 83 66 88 21 34 54 35 66 35 54 -1 35 35 23 23 66 83 59 85 85 35 48 54 59 66 66 66 -1 35 -1 52 21 85 35 85 48 
76 52 -1 64 58 88 52 64 58 82 52 52 75 58 52 52 52 58 52 -1 52 52 52 52 64 52 52 58 59 52 52 52 52 82 52 52 75 64 79 52 52 52 52 52 52 52 80 68 52 58 64 80 -1 52 52 64 52 64 2 52 64 52 82 80 2 54 80 64 64 52 52 52 52 52 80 2 52 52 64 58 -1 52 2 52 52 52 2 52 2 58 54 52 
9 43 64 62 62 76 31 64 31 -1 42 9 65 31 45 31 89 62 45 52 -1 45 45 11 31 31 64 62 9 76 76 -1 64 82 45 31 76 64 79 45 76 66 31 31 -1 -1 31 89 45 62 62 31 45 31 45 9 62 62 62 28 64 54 -1 45 45 31 31 55 64 23 9 87 44 43 85 64 45 76 64 31 63 45 9 43 35 45 11 31 87 31 54 45 
65 59 52 64 88 35 42 54 48 23 42 23 48 48 45 23 91 48 -1 52 45 -1 23 -1 35 23 23 61 59 48 87 87 52 23 -1 -1 48 85 79 45 52 48 35 52 45 -1 48 48 -1 35 34 48 -1 33 -1 64 59 87 48 -1 34 54 35 23 45 54 18 35 48 23 23 87 45 59 85 85 45 48 54 59 52 45 54 18 35 -1 52 -1 85 87 54 48 
76 43 64 15 58 76 42 42 15 23 42 23 46 15 39 -1 25 15 23 52 45 23 -1 -1 42 -1 -1 15 70 76 76 42 52 23 -1 42 76 76 79 -1 26 76 -1 42 45 39 15 46 76 50 26 15 39 42 34 64 17 15 15 23 34 54 76 23 26 15 15 15 39 23 23 15 42 15 51 76 -1 76 46 15 63 39 33 15 42 23 23 23 76 25 54 25 
11 59 64 22 88 35 42 54 22 11 42 -1 48 22 39 22 25 64 21 52 11 -1 -1 -1 35 22 -1 79 70 48 40 70 52 -1 21 21 48 53 79 11 26 66 22 42 45 21 22 79 21 50 26 80 21 33 21 11 59 22 22 21 34 54 82 -1 26 54 63 22 48 -1 -1 22 42 22 85 85 22 48 50 33 63 39 33 21 35 21 11 21 85 25 69 48 
62 59 64 64 58 35 31 64 31 28 42 28 35 49 66 42 89 62 35 64 31 35 42 35 -1 42 64 49 -1 64 66 -1 64 53 35 -1 35 64 79 45 64 66 35 31 -1 44 31 68 66 -1 49 64 35 49 35 64 62 64 49 28 64 49 -1 66 -1 31 -1 35 64 35 28 64 44 59 64 64 35 64 64 49 66 66 62 35 35 35 64 31 35 31 54 64 
76 43 58 15 58 42 8 42 -1 23 42 23 13 8 39 8 -1 8 42 52 31 23 -1 22 42 -1 22 13 31 48 76 8 51 23 22 42 13 53 79 22 26 36 -1 42 42 39 8 79 8 53 26 8 39 42 34 64 17 15 8 79 34 27 17 23 17 13 48 15 48 23 23 15 8 15 51 13 22 48 43 8 51 39 17 43 42 23 23 48 58 16 54 16 
76 59 64 64 64 64 42 64 22 23 42 23 46 22 50 22 25 64 23 52 64 23 -1 -1 64 22 -1 50 59 64 40 64 64 23 22 23 59 64 79 22 -1 40 22 42 64 64 22 68 23 50 -1 64 40 50 23 64 64 22 64 50 64 50 50 23 -1 64 50 64 64 23 23 22 64 22 64 64 22 64 50 33 63 50 33 64 35 23 23 23 64 64 69 50 
62 61 58 58 58 13 13 61 13 49 42 79 13 -1 50 13 25 58 49 58 62 61 15 79 49 13 50 -1 49 48 41 49 51 79 50 49 13 53 79 50 50 36 13 61 49 49 13 79 13 -1 49 13 58 49 61 67 58 15 -1 79 13 -1 49 66 49 13 49 61 79 90 49 61 13 13 51 13 36 48 50 -1 51 67 58 61 49 88 58 88 58 58 61 48 
9 59 64 64 88 35 31 64 31 -1 42 9 65 59 59 73 89 62 35 59 9 59 70 70 -1 31 59 49 -1 59 87 -1 64 70 59 24 59 64 79 70 59 59 31 31 24 20 31 79 59 24 59 31 59 31 59 9 59 64 31 -1 64 59 24 66 24 31 24 55 64 70 -1 59 31 59 85 59 9 59 59 59 66 59 9 59 35 59 11 31 87 31 59 59 
76 83 64 76 58 76 48 64 48 76 48 48 48 48 66 48 91 48 48 52 76 48 76 48 64 48 64 48 59 -1 76 87 64 53 48 84 48 -1 79 76 76 48 48 83 76 76 48 48 -1 53 53 48 48 37 48 64 48 76 48 48 64 54 76 66 37 48 48 76 48 48 48 76 48 48 85 48 -1 -1 64 48 51 66 66 48 -1 37 52 48 48 48 85 37 
76 87 88 76 88 76 76 64 76 76 52 40 76 41 66 76 76 76 66 52 76 87 76 40 66 76 40 41 87 76 -1 87 52 76 76 76 41 76 79 52 -1 -1 76 52 76 76 66 76 76 76 40 52 40 76 87 64 76 76 88 41 76 76 76 66 40 76 41 76 76 40 40 87 52 52 85 41 -1 76 50 59 52 66 66 76 76 76 52 -1 87 87 85 76 
65 43 64 65 88 87 -1 64 6 20 42 20 65 8 46 8 89 89 35 52 -1 87 42 70 -1 8 64 49 -1 87 87 -1 64 53 65 24 59 53 79 45 87 66 6 6 20 20 6 89 87 24 49 8 43 6 65 20 65 65 8 28 64 65 20 45 24 -1 24 65 64 70 28 87 6 43 51 65 45 87 46 8 51 67 20 43 35 87 20 -1 87 -1 65 87 
64 52 64 64 58 64 51 64 51 64 52 52 51 51 51 51 51 64 52 52 64 52 52 52 64 51 64 51 64 64 52 64 -1 52 52 52 51 64 79 52 52 52 51 52 64 64 51 68 51 64 64 -1 -1 64 52 64 64 64 51 52 64 52 64 64 -1 64 64 64 64 52 52 64 52 52 51 64 52 64 64 51 51 51 51 52 52 52 52 52 64 64 54 64 
76 79 82 76 79 76 53 82 79 82 53 23 79 79 82 23 25 82 23 82 82 23 23 -1 53 23 23 79 70 53 76 53 52 -1 23 23 76 53 79 23 26 82 53 53 45 23 82 79 23 53 53 79 23 -1 82 82 79 23 79 79 34 79 82 23 26 82 82 76 79 23 23 23 53 79 79 82 53 53 53 -1 63 82 -1 23 35 23 23 23 82 79 69 53 
65 59 64 22 88 60 42 54 22 82 42 23 48 22 50 22 25 64 21 52 45 -1 -1 21 35 22 22 50 59 48 76 65 52 23 -1 21 48 53 79 22 26 48 22 42 45 21 22 48 21 50 -1 22 21 50 -1 64 65 22 22 21 -1 54 50 23 50 54 21 60 48 23 23 22 54 22 85 85 22 48 50 59 52 50 54 21 35 21 52 21 60 25 54 48 
62 43 64 42 88 -1 42 42 42 28 42 23 5 12 66 42 42 42 -1 52 31 -1 42 21 -1 42 23 49 24 84 76 24 52 23 21 -1 5 53 79 42 52 36 -1 42 24 21 12 12 21 24 34 42 21 42 21 64 42 42 42 21 5 54 24 23 24 12 18 5 5 23 23 42 42 12 85 12 5 84 54 42 51 67 54 18 -1 18 52 5 5 31 54 48 
76 59 75 76 88 -1 13 54 13 59 42 48 5 -1 59 13 91 13 35 75 76 48 76 48 35 13 59 13 59 48 41 59 51 76 48 5 -1 76 79 76 76 -1 13 59 76 76 12 12 -1 27 59 13 48 76 48 67 59 76 13 -1 5 27 76 66 59 12 41 5 5 48 59 59 13 59 85 -1 -1 48 59 59 51 67 59 48 35 75 75 5 5 17 85 48 
76 78 64 64 88 76 53 64 48 64 53 53 48 76 91 53 91 64 85 64 64 85 76 53 64 53 64 53 64 -1 76 53 64 53 53 53 76 -1 79 64 76 76 53 53 64 64 53 68 29 53 53 64 64 -1 64 64 64 64 64 53 64 90 53 64 -1 64 48 64 64 90 53 64 53 48 85 85 -1 29 64 53 64 91 53 48 29 -1 64 48 85 64 85 -1 
79 79 79 79 79 79 79 79 79 79 79 79 79 79 79 79 79 79 79 79 79 79 79 79 79 79 79 79 79 79 79 79 79 79 79 79 79 79 -1 79 79 79 79 79 79 79 79 79 79 79 79 79 79 79 79 79 79 79 79 79 79 79 79 79 79 79 79 79 79 79 79 79 79 79 79 79 79 79 79 -1 79 79 79 79 79 79 79 79 79 79 79 79 
11 52 52 22 58 68 42 64 22 11 42 -1 46 22 -1 22 25 64 45 52 45 45 -1 11 45 22 22 50 70 76 52 45 52 23 22 42 76 64 79 -1 52 66 22 52 45 -1 14 68 45 50 14 46 -1 42 34 11 52 22 22 45 34 52 45 45 45 11 14 81 14 23 -1 22 45 22 51 46 22 76 46 22 52 14 14 52 42 45 11 45 46 25 54 14 
76 52 52 76 88 76 52 64 76 76 52 26 76 76 50 26 26 64 52 52 76 52 26 26 64 26 -1 50 59 76 -1 87 52 26 26 52 76 76 79 52 -1 30 26 52 76 76 26 68 76 50 26 52 -1 76 52 64 52 76 52 50 64 52 76 26 26 76 41 76 64 26 26 76 52 52 52 76 -1 76 50 33 52 50 33 52 76 52 52 30 76 64 54 76 
76 59 75 66 88 36 36 66 36 82 42 66 36 36 66 66 91 66 66 52 66 48 76 66 66 36 40 36 59 48 -1 66 52 82 48 36 -1 76 79 66 30 -1 36 52 66 66 66 36 36 66 59 36 40 76 82 66 59 66 36 36 36 36 66 66 66 66 -1 36 36 66 59 66 66 59 85 36 30 48 59 59 66 66 66 48 36 66 52 30 36 66 82 48 
76 43 58 15 58 35 -1 10 -1 23 -1 23 13 8 39 -1 25 8 35 52 31 35 -1 22 35 -1 22 13 31 48 76 6 51 53 22 -1 13 53 79 22 26 36 -1 -1 35 35 6 79 8 53 53 8 43 -1 10 64 17 15 8 35 34 43 17 23 10 15 15 15 35 23 23 15 6 15 51 13 22 48 43 8 51 39 17 43 35 35 52 31 35 17 54 25 
65 -1 52 83 58 42 -1 10 6 31 -1 52 73 8 46 42 42 8 83 52 31 52 42 42 31 42 42 61 31 83 52 6 52 53 42 42 59 53 79 52 52 52 -1 -1 72 52 6 56 83 53 53 8 -1 6 10 64 1 42 8 1 42 1 17 42 10 31 83 61 78 42 52 1 -1 -1 51 73 42 83 1 8 52 46 46 -1 42 52 52 31 73 31 61 83 
20 72 64 64 58 35 72 72 72 20 72 20 35 49 45 42 89 62 35 52 -1 45 45 45 -1 42 64 49 24 76 76 20 64 45 45 24 76 64 79 45 76 66 35 72 -1 -1 72 68 45 24 49 64 45 49 45 20 62 64 49 28 64 49 20 45 24 31 24 35 64 45 20 64 -1 72 85 64 45 76 64 49 63 45 20 72 35 45 20 31 35 31 54 45 
76 59 64 64 64 76 31 64 48 20 64 39 48 76 39 39 39 64 21 52 -1 -1 39 21 44 39 64 49 20 76 76 20 64 23 21 21 76 64 79 -1 76 66 35 52 -1 -1 39 68 21 44 64 64 21 76 21 64 64 64 64 21 64 54 20 -1 -1 31 63 64 64 23 39 64 44 59 85 64 -1 76 64 59 63 39 20 21 35 21 39 21 64 31 54 39 
65 78 82 15 88 12 -1 72 6 82 42 39 -1 12 -1 -1 91 82 66 80 31 48 15 22 31 8 22 13 31 48 66 6 51 82 22 12 12 53 79 14 26 66 6 6 72 39 -1 12 12 50 14 -1 39 6 78 78 47 15 8 82 12 78 82 66 78 12 14 12 14 23 39 15 6 12 51 12 12 48 -1 8 51 14 -1 15 35 74 82 12 12 31 78 14 
65 56 68 56 88 12 46 68 79 65 56 68 -1 12 68 46 89 56 35 68 89 48 46 79 68 79 68 79 79 48 76 89 68 79 48 12 12 68 79 68 68 36 79 56 68 68 12 -1 12 79 68 46 48 79 65 68 -1 46 56 79 12 56 56 66 68 12 48 12 -1 79 68 56 46 12 51 12 12 48 68 -1 51 68 46 48 35 75 68 12 12 -1 61 48 
76 83 58 66 58 12 8 54 -1 76 42 23 -1 8 66 8 91 8 21 52 45 -1 76 21 66 8 23 13 59 -1 76 87 51 23 21 21 -1 29 79 45 76 36 8 83 45 21 12 12 -1 66 34 8 21 76 21 68 17 15 8 21 12 54 17 66 68 12 -1 12 -1 23 23 87 8 12 51 12 -1 29 68 8 51 66 66 -1 29 21 52 -1 12 17 54 -1 
62 59 58 62 58 35 53 64 27 28 53 28 27 27 50 53 53 62 35 58 62 35 50 50 -1 53 50 -1 24 53 76 24 64 53 50 24 27 53 79 50 50 66 53 53 24 44 50 79 66 -1 -1 27 35 -1 50 64 62 53 27 50 50 27 -1 66 24 31 24 61 50 50 28 53 44 59 85 27 53 53 50 27 66 50 62 35 35 53 58 31 58 31 61 50 
62 59 64 64 58 59 53 64 53 59 53 26 46 49 -1 26 91 64 34 64 62 34 26 26 49 26 -1 49 59 53 40 49 64 53 -1 34 59 53 79 14 26 59 53 53 49 64 14 68 34 -1 -1 46 34 -1 34 64 59 64 49 -1 34 49 49 26 -1 54 14 64 14 26 26 59 53 59 51 59 53 53 -1 59 51 14 14 59 35 34 64 34 64 64 54 14 
62 78 58 15 58 46 8 64 -1 82 42 46 46 8 46 8 25 8 85 80 31 48 15 80 64 8 64 13 31 48 52 8 -1 79 22 42 13 64 79 46 52 36 8 8 64 64 -1 46 8 27 46 -1 32 8 78 64 17 15 8 79 64 27 17 80 32 46 46 15 46 80 46 15 8 15 -1 46 48 48 46 8 -1 46 46 48 42 74 52 48 46 17 85 46 
76 43 19 64 58 35 43 43 43 39 43 39 48 43 39 39 39 64 21 -1 45 -1 39 21 35 39 40 58 59 48 40 43 -1 23 21 21 48 64 79 -1 -1 40 43 -1 45 21 39 48 21 35 34 32 -1 43 21 64 43 39 19 21 34 43 35 23 32 54 21 35 39 23 39 43 43 43 51 19 40 48 43 59 19 39 19 43 35 21 -1 21 19 43 54 39 
76 43 64 76 58 76 -1 42 6 76 42 33 46 8 50 42 42 8 42 52 31 33 42 33 49 42 50 49 31 37 76 6 64 -1 50 42 76 -1 79 42 76 76 -1 6 49 76 6 79 76 -1 -1 8 43 -1 50 64 17 42 8 50 50 49 49 33 37 31 49 76 50 33 33 42 6 42 85 76 -1 37 50 33 51 50 33 43 37 37 33 31 76 31 85 37 
65 61 82 65 61 35 65 -1 48 82 7 23 65 61 82 34 34 82 21 52 45 -1 34 21 35 34 23 61 59 48 87 65 52 82 -1 21 48 64 79 34 52 82 10 10 45 21 78 65 21 50 34 78 21 50 -1 64 65 65 61 21 34 -1 82 23 7 -1 82 61 78 90 23 61 7 59 85 65 34 48 -1 59 52 67 -1 21 35 21 52 21 65 65 -1 48 
9 67 64 64 64 67 31 64 64 -1 64 9 67 64 64 64 89 64 64 64 9 64 64 11 64 64 64 67 9 64 64 20 64 82 64 64 67 64 79 11 64 66 64 64 20 64 78 68 68 64 64 64 64 64 64 -1 64 64 64 28 64 67 9 64 -1 67 64 -1 64 23 9 64 64 59 64 64 9 64 64 59 64 67 9 64 64 64 11 67 64 64 67 64 
65 -1 58 17 58 47 17 64 17 65 43 65 47 17 68 17 89 -1 83 52 62 59 17 59 62 17 64 58 59 48 76 65 64 79 65 42 59 64 79 52 52 59 17 1 62 64 47 -1 17 62 59 17 43 17 65 64 -1 17 17 1 64 1 17 64 17 -1 17 65 47 90 59 1 43 43 51 47 17 48 1 47 51 67 17 1 42 59 52 65 47 17 61 48 
65 71 64 -1 58 67 15 64 15 64 42 23 46 15 46 -1 25 3 66 64 62 87 15 22 64 15 22 15 64 76 76 65 64 23 22 42 76 64 79 22 76 66 15 42 64 64 15 46 15 53 64 15 39 42 65 64 17 -1 15 71 64 67 17 66 3 3 3 3 64 23 23 -1 15 15 51 46 3 76 46 15 51 67 17 3 42 64 64 71 87 17 65 46 
62 56 -1 17 -1 88 8 64 -1 82 42 86 88 8 82 8 25 -1 88 2 62 48 15 22 49 8 64 -1 31 48 88 8 51 79 22 42 13 64 79 22 52 36 8 8 49 64 8 56 8 27 49 8 19 8 61 64 17 15 -1 79 64 27 17 64 2 17 17 17 48 90 82 15 8 15 51 2 17 48 64 8 19 67 2 17 42 88 2 88 -1 17 61 48 
28 -1 82 64 79 36 31 54 79 28 43 23 73 36 50 73 79 82 21 52 28 -1 23 21 28 79 50 79 -1 48 41 28 52 79 21 21 -1 53 79 45 50 36 35 1 28 21 82 79 21 50 -1 79 21 50 21 28 1 71 79 -1 34 1 82 23 50 31 82 36 36 23 28 1 43 -1 85 36 36 48 1 -1 52 50 -1 1 35 21 52 21 36 31 54 48 
76 78 64 64 88 -1 42 64 64 64 64 34 5 12 50 34 34 64 34 64 64 34 34 34 64 34 64 13 64 64 76 64 64 34 -1 5 5 64 79 34 64 36 34 42 64 64 12 12 12 50 34 64 34 50 34 64 64 64 64 34 -1 54 64 64 -1 12 64 5 5 34 34 64 64 12 64 12 5 64 64 47 64 67 54 64 35 34 64 5 5 64 54 64 
65 -1 58 67 58 67 43 54 27 67 43 54 27 27 81 67 27 56 54 52 54 54 54 54 49 27 50 -1 59 54 76 65 52 79 54 54 27 90 79 52 52 36 43 1 49 54 78 56 54 27 49 27 43 49 -1 67 1 67 27 1 54 -1 49 54 54 54 67 -1 67 90 54 1 43 43 90 90 67 54 1 27 51 67 54 1 54 90 52 54 58 56 -1 54 
-1 56 82 17 58 35 17 64 17 0 42 9 65 17 82 17 89 -1 35 82 -1 35 76 82 -1 17 50 49 24 76 76 20 64 82 50 24 76 53 79 45 76 66 17 17 20 20 82 56 17 -1 49 17 35 49 82 9 17 17 17 82 64 49 -1 45 17 0 24 17 64 82 9 17 44 82 51 82 0 76 50 17 51 82 -1 17 35 35 82 31 58 17 82 82 
76 59 64 66 64 76 42 64 66 23 42 23 66 66 66 23 25 64 66 80 45 23 23 -1 66 23 23 66 66 66 66 45 64 23 23 23 66 64 79 45 26 66 23 42 45 -1 66 66 66 66 26 80 23 33 23 64 64 66 64 23 64 54 45 -1 45 66 -1 66 64 23 23 66 45 23 80 64 45 66 64 33 -1 66 66 66 35 23 23 23 64 45 69 66 
55 78 -1 -1 58 60 17 -1 17 55 7 26 60 17 50 3 89 -1 35 2 45 45 26 26 -1 17 -1 49 24 37 40 24 -1 26 50 24 59 -1 79 45 26 66 10 10 24 -1 78 68 68 24 -1 32 32 37 7 -1 17 3 2 50 -1 54 17 45 -1 3 3 3 -1 26 26 3 7 15 51 2 3 37 -1 17 19 50 2 3 35 37 2 31 2 17 54 37 
-1 56 64 -1 88 12 31 54 13 0 54 9 -1 12 46 3 89 3 54 54 31 54 15 54 31 13 64 13 31 48 76 -1 64 82 54 12 12 64 79 11 76 66 15 31 31 31 12 12 12 31 54 46 54 31 -1 67 -1 3 17 31 12 54 0 66 3 -1 3 -1 12 90 9 3 31 12 51 12 0 48 54 47 51 67 54 3 35 54 11 31 12 31 54 48 
62 71 82 -1 58 35 31 64 48 82 42 39 48 41 -1 3 91 3 -1 80 31 18 15 63 -1 48 50 49 24 48 41 24 64 82 21 18 41 48 79 14 41 -1 15 83 24 63 14 48 -1 24 14 46 21 49 82 64 17 3 17 82 64 67 24 -1 3 3 -1 3 14 63 28 3 44 15 85 41 3 48 46 48 63 14 -1 3 35 18 82 48 48 17 82 14 
65 61 64 -1 88 -1 65 61 15 55 42 55 5 12 81 3 89 3 35 64 55 35 15 22 35 15 64 61 55 76 76 65 64 76 60 5 5 64 79 81 76 36 15 61 35 64 12 12 12 61 64 15 35 76 61 -1 65 3 17 36 5 -1 17 66 3 -1 3 -1 5 90 55 3 61 12 88 12 3 76 61 61 66 -1 17 3 35 88 55 5 5 17 61 81 
76 78 64 64 88 -1 46 64 48 64 64 39 5 12 -1 46 89 64 35 64 64 48 39 48 64 48 64 79 64 48 76 64 64 79 48 5 5 64 79 14 64 36 35 78 64 64 14 -1 -1 50 14 46 39 50 78 64 47 64 48 36 5 67 64 64 -1 12 14 5 -1 48 39 64 64 12 51 12 5 48 -1 47 51 14 14 48 35 48 64 5 5 47 78 14 
23 90 64 23 90 35 42 90 23 23 42 23 48 90 39 23 25 64 23 52 23 23 23 -1 35 23 23 90 70 48 40 70 52 23 23 23 48 90 79 23 26 66 23 42 45 23 23 79 23 50 26 80 23 33 90 23 90 23 90 23 34 90 82 23 26 90 63 90 48 -1 23 23 90 23 90 90 23 48 90 33 63 90 33 23 35 90 23 23 90 25 -1 48 
9 59 82 23 82 35 31 54 23 -1 42 9 46 59 39 23 25 82 23 52 9 23 23 -1 28 23 23 49 -1 48 40 28 52 23 23 23 59 53 79 -1 26 59 23 52 20 39 39 68 23 28 26 46 39 33 23 9 59 23 82 28 34 54 9 23 26 9 28 55 39 23 -1 23 31 59 85 59 9 48 46 33 63 39 9 23 35 23 11 23 82 31 69 39 
65 -1 64 -1 88 87 15 64 15 59 42 23 46 15 46 -1 25 3 66 52 87 87 15 22 64 15 22 61 59 76 87 87 64 23 22 42 59 64 79 22 76 66 15 1 64 64 15 56 87 53 59 15 43 42 61 64 1 -1 15 1 64 1 17 66 3 3 3 3 64 23 23 -1 43 15 51 88 3 76 1 15 51 67 17 1 42 87 52 -1 87 17 61 87 
44 43 64 64 58 42 -1 -1 6 44 7 44 46 8 46 8 25 8 83 52 44 45 42 42 44 8 64 13 31 48 52 6 52 53 54 42 13 53 79 45 52 66 6 -1 -1 44 6 46 8 44 53 8 43 6 7 64 43 15 8 43 64 43 44 45 7 31 44 61 64 90 31 43 -1 43 51 46 45 48 43 8 51 46 46 43 42 45 52 31 46 31 54 46 
65 43 75 15 88 12 43 43 15 59 43 23 -1 12 46 -1 25 15 59 52 43 59 15 22 59 15 22 13 59 48 52 43 52 79 22 12 59 48 79 22 52 59 15 -1 72 59 12 12 12 59 59 15 43 42 59 59 43 15 15 -1 12 43 82 23 15 12 15 12 12 23 59 15 43 -1 51 12 12 48 43 59 51 46 59 43 35 59 52 12 12 47 59 48 
85 78 85 51 88 88 51 64 51 82 51 85 51 51 51 51 51 51 85 80 85 85 51 85 64 51 64 51 85 85 85 51 51 79 85 85 85 85 79 51 52 85 51 51 85 85 51 51 51 85 51 -1 51 85 85 64 51 51 51 85 64 90 51 80 51 51 85 88 51 90 85 51 51 51 -1 85 85 85 51 51 51 51 51 85 85 -1 52 85 85 51 85 85 
65 59 -1 64 88 12 46 64 13 82 64 86 -1 12 46 46 89 58 85 2 64 85 76 85 64 13 64 13 59 48 41 65 64 82 85 12 -1 85 79 46 76 36 13 73 64 64 12 12 12 27 59 46 19 76 65 64 47 46 2 36 12 90 82 64 2 12 41 12 12 90 59 88 46 12 85 -1 36 48 46 47 19 46 2 48 35 -1 2 88 -1 47 85 48 
-1 59 64 -1 88 -1 53 64 48 0 42 9 5 36 39 3 25 3 35 52 45 45 -1 22 35 22 22 36 9 -1 -1 45 52 53 22 5 -1 -1 79 22 -1 30 22 42 45 -1 12 12 -1 53 53 48 40 -1 34 9 17 3 17 36 5 67 0 45 3 0 3 3 5 23 9 3 45 12 85 36 -1 29 53 48 63 67 9 3 29 37 52 5 5 17 85 37 
76 83 64 76 58 76 48 64 48 76 48 48 48 48 66 48 91 48 48 52 76 48 76 48 64 48 64 48 59 -1 76 87 64 53 48 84 48 29 79 76 76 48 48 83 76 76 48 48 29 53 53 48 48 37 48 64 48 76 48 48 64 54 76 66 37 48 48 76 48 48 48 76 48 48 85 48 29 -1 64 48 51 66 66 48 29 37 52 48 48 48 85 37 
65 -1 64 64 64 68 46 54 46 64 43 46 46 46 46 46 89 64 54 64 64 54 46 50 64 43 50 50 59 64 50 46 64 53 50 54 59 64 79 46 50 59 43 1 64 64 -1 68 68 50 -1 46 43 50 -1 64 1 46 64 1 64 1 50 64 -1 54 46 61 -1 90 46 1 43 43 51 46 53 64 -1 59 51 46 46 1 54 54 64 54 46 64 54 46 
59 59 58 15 58 47 8 42 -1 59 42 33 47 8 59 8 25 8 59 58 31 59 15 33 49 8 33 -1 59 48 59 8 51 -1 59 42 59 53 -1 22 33 59 8 8 49 59 8 -1 8 27 59 8 59 33 59 59 47 15 8 -1 47 27 17 33 17 47 48 61 47 33 33 15 8 59 51 47 48 48 59 -1 51 59 33 48 42 59 33 48 47 47 61 48 
76 52 19 66 58 51 51 64 51 63 51 63 51 51 51 51 51 51 66 -1 63 52 63 63 66 51 63 51 66 51 52 51 51 63 52 51 51 64 79 52 52 66 51 52 63 63 51 51 51 66 51 -1 19 51 52 64 51 51 19 52 64 51 51 -1 19 51 63 66 51 63 63 51 51 51 51 19 63 51 51 51 -1 51 19 51 51 74 19 51 19 51 69 51 
67 67 82 67 88 67 46 64 46 67 42 39 46 46 -1 46 91 67 66 52 45 45 39 39 66 39 50 67 59 66 66 67 51 82 50 67 67 91 79 14 50 66 39 46 45 39 14 68 66 50 14 46 39 50 67 67 67 67 67 50 67 67 82 66 50 67 14 -1 14 90 39 67 46 46 51 46 67 66 46 59 51 -1 14 67 67 66 39 67 67 67 67 14 
9 59 -1 17 58 46 46 54 17 -1 54 9 46 17 -1 46 89 -1 66 2 9 54 33 33 62 17 33 58 9 66 66 20 51 -1 54 54 59 53 79 14 33 66 17 46 20 20 -1 46 66 62 14 46 19 33 -1 9 17 17 2 -1 54 54 -1 66 2 54 -1 17 14 33 9 17 46 59 51 2 9 66 46 33 19 14 -1 17 54 54 2 54 2 17 54 14 
65 -1 64 -1 58 35 43 43 48 59 43 23 48 48 66 3 91 3 -1 52 43 18 15 21 35 43 64 61 59 48 76 43 52 23 21 18 48 48 79 52 52 48 43 -1 72 21 15 48 -1 35 59 48 43 43 21 64 1 3 17 1 64 1 17 66 3 3 3 3 48 23 23 1 43 43 85 48 3 48 1 48 51 67 17 -1 35 18 52 48 48 17 61 48 
76 43 64 76 88 35 42 42 42 35 42 35 35 35 66 42 42 42 35 52 35 35 42 35 35 42 35 49 35 -1 76 35 52 35 35 -1 35 29 79 42 76 36 35 42 35 35 35 35 29 35 35 42 35 37 35 64 42 42 42 35 35 54 35 35 35 35 35 35 35 35 35 42 42 35 85 35 29 29 54 42 51 67 54 35 -1 35 52 35 35 35 54 37 
76 59 75 64 88 88 53 54 48 23 42 23 75 75 66 23 91 64 -1 52 45 -1 23 21 35 23 23 88 59 37 76 87 52 23 21 18 75 -1 79 45 52 66 35 52 45 21 74 75 21 53 34 74 21 37 21 64 59 64 88 21 34 90 35 23 37 54 18 88 48 90 23 87 45 59 -1 -1 37 37 54 59 74 66 54 18 35 -1 52 21 -1 64 -1 37 
11 52 -1 64 58 88 52 64 58 11 52 -1 75 58 39 23 25 58 52 2 11 52 23 11 64 23 23 58 11 52 52 20 52 23 52 52 75 64 79 11 52 52 52 52 20 39 82 68 52 58 64 52 -1 33 52 11 52 64 2 52 64 52 82 23 2 11 82 55 64 23 11 52 52 52 52 2 52 52 64 33 19 39 2 52 52 52 -1 52 2 58 54 39 
65 71 88 71 88 -1 31 54 48 31 42 23 5 12 66 71 89 48 21 52 31 -1 23 21 31 48 23 88 31 48 -1 -1 52 23 21 5 5 48 79 45 30 30 31 31 31 21 12 12 -1 31 34 48 21 31 21 67 65 71 88 21 5 54 31 23 31 31 48 5 5 23 23 -1 31 12 85 88 5 48 54 48 51 67 54 48 35 21 52 -1 -1 31 54 48 
65 87 -1 58 -1 -1 46 64 58 82 42 86 -1 12 46 46 58 58 85 2 87 85 76 85 35 58 64 58 87 48 87 87 64 82 60 5 5 85 79 46 76 36 35 73 35 64 12 12 12 58 64 46 19 76 65 64 47 87 -1 36 5 58 58 64 2 12 48 5 5 90 82 87 46 12 85 -1 5 48 46 47 19 67 2 48 35 -1 2 -1 -1 47 85 48 
62 56 58 17 58 47 31 64 17 31 42 31 47 17 68 17 -1 -1 35 58 31 87 25 25 31 16 64 58 31 48 87 -1 64 79 25 31 17 64 79 25 64 66 17 31 31 31 31 -1 17 31 64 17 43 31 65 64 17 17 17 31 64 56 17 45 17 31 17 17 47 25 31 17 31 47 51 47 17 48 64 47 51 67 17 17 35 64 58 31 47 -1 65 16 
65 61 82 65 88 67 61 54 54 82 54 69 65 61 82 54 91 82 85 54 54 54 54 69 54 54 69 61 59 85 85 65 54 69 54 54 85 85 79 54 54 82 54 61 54 54 78 61 54 61 54 85 54 85 -1 67 61 65 61 54 54 -1 82 69 54 54 82 61 78 -1 69 61 54 59 85 85 85 85 54 61 69 67 54 61 54 -1 54 54 85 65 -1 85 
76 83 64 64 58 48 46 64 48 82 42 39 48 48 -1 46 -1 48 48 52 45 48 25 48 64 16 50 48 59 37 76 87 64 53 48 48 48 -1 79 14 76 48 25 83 45 39 14 48 -1 50 14 46 39 37 48 64 48 46 48 48 64 54 82 66 37 48 14 81 14 48 39 87 46 48 85 48 37 37 46 48 51 14 14 48 37 37 39 48 48 16 85 -1 
