77
1 36
-1 26 38 42 6 34 -1 26 61 6 26 56 38 57 26 21 57 38 38 37 38 6 37 63 26 56 -1 38 26 50 9 37 71 38 26 64 65 -1 -1 26 60 21 37 57 28 56 26 75 -1 65 6 75 38 38 50 37 26 48 75 56 38 38 71 26 48 38 21 48 9 28 6 6 6 57 37 37 63 
26 -1 52 34 14 34 14 43 60 14 43 30 60 57 -1 30 43 30 57 30 43 14 67 43 26 43 14 43 26 43 14 30 -1 57 14 58 49 14 26 26 60 30 57 -1 57 60 26 41 57 43 14 58 34 43 43 73 26 43 43 30 43 43 30 26 57 41 57 60 14 30 14 32 14 32 30 43 30 
38 52 -1 52 70 52 38 39 52 38 39 52 52 53 52 38 53 38 33 52 52 38 44 33 39 52 39 52 44 33 38 44 71 -1 52 39 65 38 33 -1 33 33 44 52 39 39 39 41 52 65 33 58 -1 52 44 52 38 33 52 33 52 38 52 33 39 39 44 52 39 33 52 44 70 55 38 58 33 
42 34 52 -1 70 -1 70 62 5 62 62 52 52 42 34 62 62 62 44 42 52 66 42 70 70 5 34 25 44 27 62 42 71 52 5 70 70 42 70 70 66 62 -1 62 42 56 70 62 42 70 54 70 5 8 25 42 25 42 70 62 8 70 -1 70 66 70 62 42 70 62 -1 62 70 55 42 62 62 
6 14 70 70 -1 34 -1 24 72 -1 24 56 48 70 -1 21 75 9 41 30 48 6 37 70 21 56 6 61 26 50 9 37 14 38 14 68 70 -1 6 70 60 21 37 14 37 56 24 75 9 70 6 70 70 17 50 37 37 48 70 30 17 9 30 26 48 70 21 48 9 30 -1 6 -1 32 37 37 30 
34 34 52 -1 34 -1 71 52 -1 61 52 52 52 42 34 34 53 53 52 52 52 52 42 58 61 -1 34 25 34 27 34 42 71 52 -1 58 58 56 52 52 60 61 3 27 53 56 52 59 52 58 54 58 -1 8 25 52 25 42 52 56 8 8 3 61 52 70 55 42 29 60 3 34 8 55 42 58 29 
-1 14 38 70 -1 71 -1 24 61 -1 24 56 38 71 4 21 71 9 41 30 38 -1 68 50 21 54 -1 50 26 50 9 37 71 38 71 68 50 0 0 24 66 21 71 14 71 56 24 41 0 50 -1 70 70 17 50 50 26 48 70 30 17 9 71 26 48 38 21 48 9 28 4 -1 4 71 21 17 30 
26 43 39 62 24 52 24 -1 53 48 -1 20 20 53 26 24 10 38 20 20 10 24 48 20 10 27 24 20 26 20 59 48 43 20 52 39 49 56 20 24 60 20 48 16 20 10 24 59 20 23 24 58 20 16 27 52 45 16 27 16 45 24 16 26 48 38 24 48 29 57 52 62 53 57 38 16 59 
61 60 52 5 72 -1 61 53 -1 61 53 52 60 53 34 63 53 53 53 61 52 61 61 60 61 5 61 61 53 55 72 61 60 61 5 53 60 61 61 53 60 61 5 60 53 60 60 61 61 60 54 58 5 -1 25 53 25 53 52 53 -1 -1 5 61 61 53 53 60 61 60 61 34 -1 55 61 53 63 
6 14 38 62 -1 61 -1 48 61 -1 48 30 48 71 4 30 53 -1 41 30 48 6 68 59 61 56 6 61 26 68 -1 37 71 38 71 68 68 -1 17 61 60 30 37 57 71 56 61 41 -1 68 6 61 48 17 50 37 37 48 61 30 17 -1 30 61 48 68 21 48 -1 30 4 -1 4 57 37 17 30 
26 43 39 62 24 52 24 -1 53 48 -1 20 20 53 26 24 -1 38 20 20 -1 24 48 20 -1 27 24 20 26 20 59 48 43 20 52 39 49 56 20 24 60 20 48 16 20 -1 24 59 20 23 24 58 20 16 27 52 45 16 27 16 45 24 16 26 48 38 24 48 29 57 52 62 53 57 38 16 59 
56 30 52 52 56 52 56 20 52 30 20 -1 20 53 30 30 53 30 -1 -1 18 41 31 18 56 56 56 20 44 18 19 19 71 18 52 58 49 56 56 44 23 18 31 57 18 56 20 41 20 23 29 58 -1 52 44 52 -1 18 52 18 52 31 30 23 31 41 44 31 29 23 52 30 30 55 56 56 29 
38 60 52 52 48 52 38 20 60 48 20 20 -1 67 60 38 20 60 20 20 -1 38 67 20 46 27 46 20 69 20 60 48 60 20 60 46 49 38 20 46 60 20 67 60 20 60 -1 41 20 23 29 58 20 52 27 52 38 20 27 20 -1 60 20 61 46 38 60 60 46 60 52 60 60 55 38 60 29 
57 57 53 42 70 42 71 53 53 71 53 53 67 -1 71 71 53 53 57 42 53 65 67 55 65 42 71 55 53 55 71 42 71 57 71 65 65 42 65 65 66 65 -1 57 53 67 65 65 57 65 55 58 53 -1 53 -1 65 -1 53 53 67 42 71 71 57 -1 55 -1 65 57 65 -1 53 55 42 53 55 
26 -1 52 34 -1 34 4 26 34 4 26 30 60 71 -1 30 43 30 41 30 52 6 31 59 26 34 -1 43 26 76 -1 30 1 38 -1 39 59 4 26 26 60 30 31 1 28 56 26 41 9 59 6 58 34 30 34 52 26 43 52 30 34 9 30 26 48 41 62 60 9 30 4 30 4 32 30 30 30 
21 30 38 62 21 34 21 24 63 30 24 30 38 71 30 -1 75 30 41 30 38 -1 75 63 21 74 63 63 63 63 -1 30 71 38 30 75 63 74 21 24 63 21 74 75 66 74 24 75 30 63 21 75 75 30 50 66 74 69 75 30 30 63 30 -1 75 38 21 74 30 30 63 30 30 66 -1 -1 30 
57 43 53 62 75 53 71 10 53 53 -1 53 20 53 43 75 -1 53 57 59 10 24 75 59 10 43 24 43 53 43 59 53 43 57 53 75 59 75 20 24 59 57 53 -1 53 10 24 59 57 59 43 75 53 -1 53 53 59 -1 75 -1 43 24 -1 59 75 53 62 53 69 57 53 62 53 57 75 -1 59 
38 30 38 62 9 53 9 38 53 -1 38 30 60 53 30 30 53 -1 38 30 38 38 67 59 38 56 9 38 53 55 -1 30 71 38 60 68 65 9 -1 53 60 30 53 60 53 60 60 75 9 65 9 75 53 -1 53 53 38 48 75 30 -1 9 30 30 75 38 38 60 9 30 9 9 30 55 38 -1 30 
38 57 33 44 41 52 41 20 53 41 20 -1 20 57 41 41 57 38 -1 11 -1 41 44 -1 20 27 44 20 44 -1 41 44 71 -1 52 44 49 44 20 44 23 -1 44 57 -1 20 20 41 20 23 29 58 11 44 44 29 11 -1 23 -1 20 41 41 23 48 41 44 48 29 23 52 44 41 57 23 47 29 
37 30 52 42 30 52 30 20 61 30 20 -1 20 42 30 30 59 30 11 -1 18 30 31 18 61 56 30 61 44 18 -1 -1 71 18 30 44 49 31 30 44 23 30 31 30 31 56 61 41 31 23 29 58 11 30 44 31 11 18 52 30 30 31 30 30 31 41 44 31 30 30 52 30 30 55 30 30 30 
38 43 52 52 48 52 38 10 52 48 -1 18 -1 53 52 38 10 38 -1 18 -1 38 48 18 10 27 24 -1 44 18 38 48 43 18 52 46 49 38 -1 24 23 18 48 27 18 10 12 41 -1 23 29 58 -1 52 27 52 38 18 27 18 12 27 16 23 48 38 38 48 29 23 52 44 70 55 38 16 29 
6 14 38 66 6 52 -1 24 61 6 24 41 38 65 6 -1 24 38 41 30 38 -1 66 41 -1 56 6 38 26 41 15 61 71 38 71 39 65 6 -1 24 66 -1 74 24 66 24 24 41 6 65 6 75 38 38 50 66 38 41 75 30 38 24 66 15 66 38 -1 48 9 30 6 6 6 66 15 15 30 
37 67 44 42 37 42 68 48 61 68 48 31 67 67 31 75 75 67 44 31 48 66 -1 68 61 54 37 61 44 68 31 -1 71 44 67 64 68 31 61 44 66 61 31 67 31 67 64 75 31 68 68 64 55 44 44 31 37 44 64 31 67 31 66 61 -1 68 64 -1 -1 68 61 44 31 55 37 64 68 
63 43 33 70 70 58 50 20 60 59 20 18 20 55 59 63 59 59 -1 18 18 41 68 -1 63 29 63 29 69 -1 59 44 71 18 58 58 49 74 74 44 -1 18 74 29 18 59 58 59 20 -1 29 58 58 44 44 29 59 18 -1 -1 40 63 59 -1 58 49 40 60 29 -1 58 63 59 55 -1 58 29 
26 26 39 70 21 61 21 10 61 61 -1 56 46 65 26 21 10 38 20 61 10 -1 61 63 -1 56 -1 61 26 61 21 61 26 38 26 39 65 26 21 -1 61 21 61 16 39 10 -1 41 20 65 21 58 20 16 44 61 26 16 39 16 61 -1 16 26 39 39 21 61 39 28 61 21 61 57 21 16 63 
56 43 52 5 56 -1 54 27 5 56 27 56 27 42 34 74 43 56 27 56 27 56 54 29 56 -1 56 -1 54 27 59 54 43 56 5 58 49 56 56 54 29 61 5 27 54 56 27 59 27 29 54 58 5 8 -1 29 -1 43 27 56 8 27 5 56 48 56 54 42 29 74 5 34 8 55 56 56 29 
-1 14 39 34 6 34 -1 24 61 6 24 56 46 71 -1 63 24 9 44 30 24 6 37 63 -1 56 -1 56 -1 50 14 37 14 38 14 39 63 0 0 24 63 21 74 14 28 56 24 59 0 63 6 63 34 44 44 37 -1 44 63 56 34 24 30 -1 48 38 21 48 9 28 6 6 6 32 56 37 63 
38 43 52 25 61 25 50 20 61 61 20 20 20 55 43 63 43 38 20 61 -1 38 61 29 61 -1 56 -1 44 -1 61 61 43 20 25 58 49 56 20 58 29 61 61 -1 20 20 20 61 20 29 29 58 20 43 25 29 25 43 -1 20 43 -1 43 61 48 38 55 48 29 29 58 61 61 55 29 58 29 
26 26 44 44 26 34 26 26 53 26 26 44 69 53 26 63 53 53 44 44 44 26 44 69 26 54 -1 44 -1 44 69 44 71 44 26 44 69 26 26 44 66 44 44 57 -1 56 26 44 26 69 26 69 53 44 44 44 26 44 69 44 69 26 66 26 66 44 44 69 69 -1 26 44 69 57 69 74 63 
50 43 33 27 50 27 50 20 55 68 20 18 20 55 76 63 43 55 -1 18 18 41 68 -1 61 27 50 -1 44 -1 76 55 73 18 55 68 49 55 20 44 23 18 55 27 18 20 68 41 20 23 -1 58 55 55 50 -1 18 18 23 18 40 27 66 23 66 68 55 55 -1 23 55 44 76 55 23 58 -1 
9 14 38 62 9 34 9 59 72 -1 59 19 60 71 -1 -1 59 -1 41 -1 38 15 31 59 21 59 14 61 69 76 -1 19 71 38 14 68 59 9 17 65 59 -1 31 14 71 59 24 41 9 59 9 59 19 17 71 31 59 69 59 -1 17 9 -1 15 48 41 62 48 9 -1 72 -1 -1 69 15 15 -1 
37 30 44 42 37 42 37 48 61 37 48 19 48 42 30 30 53 30 44 -1 48 61 -1 44 61 54 37 61 44 55 19 -1 71 44 55 44 49 -1 61 44 61 61 -1 57 -1 56 61 61 -1 44 54 58 55 44 44 -1 37 44 55 30 61 -1 30 61 22 42 44 22 22 30 61 44 30 55 37 37 30 
71 -1 71 71 14 71 71 43 60 71 43 71 60 71 1 71 43 71 71 71 43 71 71 71 26 43 14 43 71 73 71 71 -1 71 71 71 71 71 71 71 60 71 71 1 71 60 26 71 71 71 71 58 71 71 71 73 26 73 43 71 43 71 71 71 71 71 71 71 71 71 14 -1 71 -1 71 43 71 
38 57 -1 52 38 52 38 20 61 38 20 18 20 57 38 38 57 38 -1 18 18 38 44 18 38 56 38 20 44 18 38 44 71 -1 52 39 49 38 -1 2 23 18 74 57 18 56 20 41 20 23 29 58 2 38 44 29 38 18 23 18 38 38 38 23 39 38 38 48 29 23 52 44 38 57 38 38 29 
26 14 52 5 14 -1 71 52 5 71 52 52 60 71 -1 30 53 60 52 30 52 71 67 58 26 5 14 25 26 55 14 55 71 52 -1 58 58 14 52 52 60 30 5 60 71 60 60 41 52 58 71 58 -1 52 25 52 25 60 52 30 -1 60 71 71 52 70 55 60 69 60 52 -1 8 55 69 58 30 
64 58 39 70 68 58 68 39 53 68 39 58 46 65 39 75 75 68 44 44 46 39 64 58 39 58 39 58 44 68 68 44 71 39 58 -1 58 68 65 -1 58 65 44 58 39 39 -1 75 64 58 68 58 58 44 44 58 39 44 -1 58 46 39 66 58 -1 39 64 64 -1 68 58 44 70 57 58 58 68 
65 49 65 70 70 58 50 49 60 68 49 49 49 65 59 63 59 65 49 49 49 65 68 49 65 49 63 49 69 49 59 49 71 49 58 58 -1 74 65 65 49 65 65 49 49 59 58 59 49 -1 49 58 58 65 49 49 59 49 49 49 49 63 59 49 58 49 49 65 65 49 65 63 70 55 49 58 49 
-1 14 38 42 -1 56 0 56 61 -1 56 56 38 42 4 74 75 9 44 31 38 6 31 74 26 56 0 56 26 55 9 -1 71 38 14 68 74 -1 0 44 74 30 31 75 31 56 26 75 0 74 6 75 55 17 44 31 -1 44 75 56 17 9 30 26 75 38 44 31 9 74 4 9 4 55 -1 -1 30 
-1 26 33 70 6 52 0 20 61 17 20 56 20 65 26 21 20 -1 20 30 -1 -1 61 74 21 56 0 20 26 20 17 61 71 -1 52 65 65 0 -1 65 60 21 74 27 20 56 20 41 0 65 6 58 20 17 56 52 -1 20 27 56 17 -1 30 61 48 -1 21 48 65 74 61 6 30 55 -1 17 30 
26 26 -1 70 70 52 24 24 53 61 24 44 46 65 26 24 24 53 44 44 24 24 44 44 -1 54 24 58 44 44 65 44 71 2 52 -1 65 44 65 -1 66 65 44 57 -1 24 24 65 44 65 54 58 2 44 44 44 26 44 35 44 61 24 66 26 35 -1 44 65 35 44 65 44 70 57 65 58 44 
60 60 33 66 60 60 66 60 60 60 60 23 60 66 60 63 59 60 23 23 23 66 66 -1 61 29 63 29 66 23 59 61 60 23 60 58 49 74 60 66 -1 23 67 60 66 60 60 59 66 23 29 58 58 60 66 66 59 23 23 23 -1 60 66 23 66 49 -1 60 29 23 58 60 60 66 23 58 29 
21 30 33 62 21 61 21 20 61 30 20 18 20 65 30 21 57 30 -1 30 18 -1 61 18 21 61 21 61 44 18 -1 61 71 18 30 65 65 30 21 65 23 -1 61 57 18 61 24 -1 20 65 21 58 18 30 44 29 18 18 23 18 61 -1 30 61 66 -1 21 61 65 30 61 30 30 57 21 47 30 
37 57 44 -1 37 3 71 48 5 37 48 31 67 -1 31 74 53 53 44 31 48 74 31 74 61 5 74 61 44 55 31 -1 71 74 5 44 65 31 74 44 67 61 -1 57 31 67 61 75 31 65 54 70 5 13 44 13 74 13 70 74 67 31 3 61 31 13 44 -1 31 74 3 13 70 55 -1 74 31 
57 -1 52 62 14 27 14 16 60 57 16 57 60 57 1 75 -1 60 57 30 27 24 67 29 16 27 14 -1 57 27 14 57 1 57 60 58 49 75 27 57 60 57 57 -1 57 60 60 59 57 29 29 58 27 16 27 29 27 -1 27 16 -1 27 16 61 57 57 57 60 29 57 58 32 60 57 69 16 29 
28 57 39 42 37 53 71 20 53 71 20 18 20 53 28 66 53 53 -1 31 18 66 31 18 39 54 28 20 -1 18 71 -1 71 18 71 39 49 31 20 -1 66 18 31 57 -1 20 39 41 31 23 54 58 53 -1 -1 31 18 -1 23 18 53 31 66 71 66 39 -1 31 29 28 53 -1 53 57 23 37 29 
56 60 39 56 56 56 56 10 60 56 -1 56 60 67 56 74 10 60 20 56 10 24 67 59 10 56 56 20 56 20 59 56 60 56 60 39 59 56 56 24 60 61 67 60 20 -1 24 59 20 59 56 58 20 16 56 52 -1 16 27 56 -1 60 16 56 48 56 60 60 69 60 61 60 60 57 56 16 59 
26 26 39 70 24 52 24 24 60 61 24 20 -1 65 26 24 24 60 20 61 12 24 64 58 -1 27 24 20 26 68 24 61 26 20 60 -1 58 26 20 24 60 24 61 60 39 24 -1 41 20 58 24 58 20 24 44 52 26 20 35 20 12 24 24 26 35 39 24 60 35 60 58 24 60 55 24 58 63 
75 41 41 62 75 59 41 59 61 41 59 41 41 65 41 75 59 75 41 41 41 41 75 59 41 59 59 61 44 41 41 61 71 41 41 75 59 75 41 65 59 -1 75 59 41 59 41 -1 75 59 41 75 75 59 44 41 59 41 75 -1 61 41 41 59 75 41 41 61 65 41 61 41 41 57 75 -1 59 
-1 57 52 42 9 52 0 20 61 -1 20 20 20 57 9 30 57 9 20 31 -1 6 31 20 20 27 0 20 26 20 9 -1 71 20 52 64 49 0 0 44 66 20 31 57 31 20 20 75 -1 23 6 58 20 17 44 31 26 -1 27 20 67 9 30 26 -1 38 64 -1 9 57 9 9 9 57 37 64 30 
65 43 65 70 70 58 50 23 60 68 23 23 23 65 59 63 59 65 23 23 23 65 68 -1 65 29 63 29 69 23 59 44 71 23 58 58 -1 74 65 65 23 65 65 29 23 59 58 59 23 -1 29 58 58 65 44 29 59 23 23 23 40 63 59 23 58 -1 40 65 65 23 65 63 70 55 23 58 29 
6 14 33 54 6 54 -1 24 54 6 24 29 29 55 6 21 43 9 29 29 29 6 68 29 21 54 6 29 26 -1 9 54 71 29 71 68 49 6 6 54 29 21 54 29 54 56 24 41 6 29 -1 58 55 54 -1 29 26 29 29 29 17 9 71 26 48 68 21 48 29 29 6 6 6 55 29 17 29 
75 58 58 70 70 58 70 58 58 61 58 58 58 58 58 75 75 75 58 58 58 75 64 58 58 58 63 58 69 58 59 58 58 58 58 58 58 75 58 58 58 58 70 58 58 58 58 75 58 58 58 -1 58 58 58 58 58 58 -1 58 58 58 70 58 58 70 58 58 58 58 58 58 70 58 58 58 58 
38 34 -1 5 70 -1 70 20 5 48 20 -1 20 53 34 75 53 53 11 11 -1 38 55 58 20 5 34 20 53 55 19 55 71 2 -1 58 58 55 20 2 58 18 5 27 53 20 20 75 20 58 55 58 -1 -1 25 -1 11 18 -1 18 34 70 5 58 48 70 55 48 55 58 -1 34 70 55 38 58 55 
38 43 52 8 17 8 17 16 -1 17 16 52 52 -1 30 30 -1 -1 44 30 52 38 44 44 16 8 44 43 44 55 17 44 71 38 52 44 65 17 17 44 60 30 13 16 -1 16 24 59 17 65 54 58 -1 -1 44 -1 38 13 52 16 8 8 16 61 66 13 44 13 17 30 52 13 8 55 38 16 30 
50 43 44 25 50 25 50 27 25 50 27 44 27 53 34 50 53 53 44 44 27 50 44 44 44 -1 44 25 44 50 71 44 71 44 25 44 49 44 56 44 66 44 44 27 -1 56 44 44 44 44 -1 58 25 44 -1 44 25 44 27 44 25 27 66 71 66 44 44 44 50 44 25 44 25 57 56 44 50 
37 73 52 42 37 52 50 52 53 37 52 52 52 -1 52 66 53 53 29 31 52 66 31 29 61 29 37 29 44 -1 31 -1 73 29 52 58 49 31 52 44 66 29 13 29 31 52 52 41 31 29 29 58 -1 -1 44 -1 37 13 52 29 52 31 66 29 66 13 -1 13 29 29 52 13 53 -1 29 37 29 
26 26 38 25 37 25 26 45 25 37 45 -1 38 65 26 74 59 38 11 11 38 38 37 59 26 -1 -1 25 26 18 59 37 26 38 25 39 59 -1 -1 26 59 18 74 27 18 -1 26 59 26 59 26 58 11 38 25 37 -1 18 27 -1 45 38 59 26 75 38 38 60 37 74 37 26 37 55 -1 37 59 
48 43 33 42 48 42 48 16 53 48 16 18 20 -1 43 69 -1 48 -1 18 18 41 44 18 16 43 44 43 44 18 69 44 73 18 60 44 49 44 20 44 23 18 13 -1 -1 16 20 41 -1 23 29 58 18 13 44 13 18 -1 23 16 43 41 16 23 48 13 44 13 69 -1 65 13 69 -1 69 16 29 
75 43 52 70 70 52 70 27 52 61 27 52 27 53 52 75 75 75 23 52 27 75 64 -1 39 27 63 -1 69 23 59 55 43 23 52 -1 49 75 27 35 23 23 70 27 23 27 35 75 27 23 29 -1 -1 52 27 52 27 23 -1 23 40 27 70 23 35 70 40 48 35 23 -1 52 70 55 23 -1 29 
56 30 33 62 30 56 30 16 53 30 16 18 20 53 30 30 -1 30 -1 30 18 30 31 -1 16 56 56 20 44 18 -1 30 71 18 30 58 49 56 56 44 23 18 74 16 18 56 20 -1 20 23 29 58 18 16 44 29 -1 16 23 -1 30 30 16 23 75 41 40 48 29 23 58 30 30 57 23 16 -1 
38 43 52 8 17 8 17 45 -1 17 45 52 -1 67 34 30 43 -1 20 30 12 38 67 40 61 8 34 43 69 40 17 61 43 38 -1 46 49 17 17 61 -1 61 67 -1 53 -1 12 61 67 40 17 58 34 8 25 52 45 43 40 30 -1 -1 30 61 66 38 40 -1 69 -1 61 34 8 57 69 17 30 
38 43 38 70 9 8 9 24 -1 -1 24 31 60 42 9 63 24 9 41 31 27 24 31 63 -1 27 24 -1 26 27 9 -1 71 38 60 39 63 9 -1 24 60 -1 31 27 31 60 24 41 9 63 9 58 70 8 27 31 38 41 27 30 -1 -1 30 -1 31 38 24 60 9 60 -1 9 8 55 38 17 63 
71 30 52 -1 30 3 71 16 5 30 16 30 20 71 30 30 -1 30 41 30 16 66 66 59 16 5 30 43 66 66 -1 30 71 38 71 66 59 30 30 66 66 30 3 16 66 16 24 41 30 59 71 70 5 16 66 66 59 16 70 16 30 30 -1 71 66 41 -1 42 30 30 3 -1 30 57 30 16 30 
26 26 33 70 26 61 26 26 61 61 26 23 61 71 26 -1 59 30 23 30 23 15 61 -1 26 56 -1 61 26 23 15 61 71 23 71 58 49 26 61 26 23 61 61 61 71 56 26 59 26 23 26 58 58 61 71 29 26 23 23 23 61 -1 71 -1 75 49 21 61 29 23 61 -1 30 71 15 15 -1 
48 57 39 66 48 52 48 48 61 48 48 31 46 57 48 75 75 75 48 31 48 66 -1 58 39 48 48 48 66 66 48 22 71 39 52 -1 58 75 48 35 66 66 31 57 66 48 35 75 -1 58 48 58 48 66 66 66 75 48 35 75 66 31 66 75 -1 39 -1 22 22 57 58 48 48 57 75 -1 48 
38 41 39 70 70 70 38 38 53 68 38 41 38 -1 41 38 53 38 41 41 38 38 68 49 39 56 38 38 44 68 41 42 71 38 70 39 49 38 -1 -1 49 -1 13 57 39 56 39 41 38 -1 68 70 70 13 44 13 38 13 70 41 38 38 41 49 39 -1 38 13 -1 68 -1 13 70 55 38 38 41 
21 57 44 62 21 55 21 24 53 21 24 44 60 55 62 21 62 38 44 44 38 -1 64 40 21 54 21 55 44 55 62 44 71 38 55 64 49 44 21 44 -1 21 44 57 -1 60 24 41 64 40 21 58 55 44 44 -1 38 44 40 40 40 24 -1 21 -1 38 -1 55 55 40 55 44 62 55 21 64 55 
48 60 52 42 48 42 48 48 60 48 48 31 60 -1 60 74 53 60 48 31 48 48 -1 60 61 42 48 48 69 55 48 22 71 48 60 64 65 31 48 65 60 61 -1 60 31 60 60 61 -1 65 48 58 48 13 44 13 60 13 48 48 -1 60 42 61 22 13 55 -1 22 60 42 13 60 55 42 60 48 
9 14 39 70 9 29 9 29 61 -1 29 29 46 65 9 30 69 9 29 30 29 9 -1 29 39 29 9 29 69 -1 9 22 71 29 69 -1 65 9 65 35 29 65 31 29 29 69 35 65 9 65 29 58 55 17 50 29 37 69 35 29 69 9 30 29 22 -1 55 22 -1 -1 65 9 9 55 69 17 29 
28 30 33 62 30 60 28 57 60 30 57 23 60 57 30 30 57 30 23 30 23 30 68 -1 28 74 28 29 -1 23 -1 30 71 23 60 68 49 74 74 44 23 30 74 57 28 60 60 41 57 23 29 58 58 30 44 29 74 -1 23 23 -1 60 30 23 57 68 40 60 -1 -1 58 30 30 57 -1 74 30 
6 14 52 -1 -1 3 4 52 61 4 52 52 52 65 4 63 53 9 52 52 52 6 61 58 61 5 6 58 26 55 72 61 14 52 52 58 65 4 61 65 58 61 3 58 53 61 58 61 9 65 6 58 -1 52 25 52 37 65 -1 58 61 -1 3 61 58 -1 55 42 65 58 -1 6 -1 55 37 58 63 
6 32 44 62 6 34 -1 62 34 -1 62 30 60 -1 30 30 62 9 44 30 44 6 44 63 21 34 6 61 44 44 -1 44 -1 44 -1 44 63 9 6 44 60 30 13 32 -1 60 24 41 9 63 6 58 34 13 44 13 26 13 52 30 34 9 -1 -1 48 13 44 13 9 30 6 -1 30 32 30 17 30 
6 14 70 70 -1 8 4 53 -1 4 53 30 60 53 4 30 53 30 41 30 70 6 31 59 61 8 6 61 69 76 -1 30 71 38 8 70 70 4 30 70 60 30 70 60 53 60 60 41 9 70 6 70 70 8 25 53 37 69 70 30 8 8 30 30 48 70 62 60 9 30 -1 30 -1 55 30 30 30 
57 32 55 55 32 55 71 57 55 57 57 55 55 55 32 66 57 55 57 55 55 66 55 55 57 55 32 55 57 55 69 55 -1 57 55 57 55 55 55 57 66 57 55 57 57 57 55 57 57 55 55 58 55 55 57 -1 55 -1 55 57 57 55 57 71 57 55 55 55 55 57 55 32 55 -1 69 57 55 
37 30 38 42 37 42 21 38 61 37 38 56 38 42 30 -1 75 38 23 30 38 15 37 -1 21 56 56 29 69 23 15 37 71 38 69 58 49 -1 -1 65 23 21 -1 69 23 56 24 75 37 23 29 58 38 38 56 29 -1 69 23 23 69 38 30 15 75 38 21 42 69 -1 37 30 30 69 -1 -1 29 
37 43 58 62 37 58 17 16 53 17 16 56 60 53 30 -1 -1 -1 47 30 16 15 64 58 16 56 37 58 74 58 15 37 43 38 58 58 58 -1 17 58 58 47 74 16 37 16 58 -1 64 58 17 58 58 16 44 37 37 16 -1 16 17 17 16 15 -1 38 64 60 17 74 58 17 30 57 -1 -1 30 
63 30 33 62 30 29 30 59 63 30 59 29 29 55 30 30 59 30 29 30 29 30 68 29 63 29 63 29 63 -1 -1 30 71 29 30 68 49 30 30 44 29 30 31 29 29 59 63 59 30 29 29 58 55 30 50 29 59 29 29 -1 30 63 30 -1 48 41 55 48 29 30 63 30 30 55 29 30 -1 
