38
0 3
-1 9 9 24 -1 9 4 30 37 -1 4 30 14 9 -1 30 30 9 4 30 33 33 14 30 9 9 17 33 14 30 -1 14 14 -1 17 4 30 4 
9 -1 -1 24 9 9 7 2 37 -1 33 2 9 2 9 18 29 9 2 7 13 33 2 7 2 -1 25 33 25 -1 2 11 17 -1 7 25 25 25 
9 -1 -1 24 18 9 7 -1 32 -1 30 -1 11 -1 22 18 11 9 -1 7 13 11 -1 7 -1 -1 25 7 25 1 -1 11 22 -1 7 7 24 24 
24 24 24 -1 24 24 19 19 32 24 36 19 24 19 24 34 19 34 24 -1 24 19 24 34 -1 24 24 19 24 19 19 19 24 21 -1 19 24 24 
-1 9 18 24 -1 9 -1 6 37 0 -1 18 35 18 0 18 21 9 -1 7 21 18 6 7 18 35 35 7 10 35 0 14 35 0 7 -1 10 -1 
9 9 9 24 9 -1 9 9 32 -1 28 12 -1 9 12 18 12 9 9 24 24 12 9 12 12 9 17 32 12 9 9 12 12 9 17 12 24 24 
4 7 7 19 -1 9 -1 -1 37 4 4 7 22 7 22 18 19 32 4 7 24 18 -1 7 7 37 23 7 10 30 7 19 22 4 7 4 37 -1 
30 2 -1 19 6 9 -1 -1 32 2 30 2 24 2 35 30 19 34 2 -1 24 19 2 -1 -1 2 23 -1 24 30 -1 19 24 2 -1 -1 24 6 
37 37 32 32 37 32 37 32 -1 32 37 32 32 32 32 32 32 32 32 32 32 32 32 32 32 37 32 32 32 35 37 32 -1 32 32 32 37 -1 
-1 -1 -1 24 0 -1 4 2 32 -1 4 2 5 2 0 18 11 -1 2 7 13 11 2 7 2 1 17 7 12 1 0 11 17 0 17 4 24 4 
4 33 30 36 -1 28 4 30 37 4 -1 30 28 30 28 30 30 36 4 30 33 33 6 30 36 28 28 33 -1 30 -1 28 28 -1 36 4 -1 4 
30 2 -1 19 18 12 7 2 32 2 30 -1 -1 2 12 30 -1 9 2 16 21 -1 2 -1 2 2 23 7 12 16 -1 -1 12 2 23 12 30 24 
14 9 11 24 35 -1 22 24 32 5 28 -1 -1 11 -1 24 11 32 24 24 24 11 14 11 -1 24 23 32 -1 35 11 11 -1 11 23 -1 24 24 
9 2 -1 19 18 9 7 2 32 2 30 2 11 -1 22 18 19 9 2 -1 -1 19 2 -1 2 2 20 7 25 2 2 19 22 2 23 7 24 24 
-1 9 22 24 0 12 22 35 32 0 28 12 -1 22 -1 30 12 9 4 31 24 31 -1 12 12 28 28 32 -1 35 0 -1 12 0 35 -1 24 4 
30 18 18 34 18 18 18 30 32 18 30 30 24 18 30 -1 21 34 -1 21 21 18 18 34 18 18 34 30 30 30 -1 21 24 18 -1 18 30 18 
30 29 11 19 21 12 19 19 32 11 30 -1 11 19 12 21 -1 32 21 -1 21 -1 11 11 -1 24 21 19 12 -1 11 11 24 21 19 21 24 24 
9 9 9 34 9 9 32 34 32 -1 36 9 32 9 9 34 32 -1 9 32 26 26 32 26 32 26 -1 32 26 9 9 11 -1 9 -1 32 34 26 
4 2 -1 24 -1 9 4 2 32 2 4 2 24 2 4 -1 21 9 -1 21 21 -1 2 7 -1 2 21 7 10 2 2 21 24 2 15 4 24 4 
30 7 7 -1 7 24 7 -1 32 7 30 16 24 -1 31 21 -1 32 21 -1 13 -1 7 7 -1 24 20 7 24 16 7 -1 24 21 3 7 24 24 
33 13 13 24 21 24 24 24 32 13 33 21 24 -1 24 21 21 26 21 13 -1 -1 13 13 -1 24 -1 24 24 21 13 21 24 21 23 21 24 24 
33 33 11 19 18 12 18 19 32 11 33 -1 11 19 31 18 -1 26 -1 -1 -1 -1 11 11 -1 24 20 33 12 16 11 -1 24 -1 18 -1 24 24 
14 2 -1 24 6 9 -1 2 32 2 6 2 14 2 -1 18 11 32 2 7 13 11 -1 7 2 2 25 32 14 2 2 14 -1 2 7 14 24 6 
30 7 7 34 7 12 7 -1 32 7 30 -1 11 -1 12 34 11 26 7 7 13 11 7 -1 7 26 -1 7 12 16 7 11 12 7 -1 7 34 7 
9 2 -1 -1 18 12 7 -1 32 2 36 2 -1 2 12 18 -1 32 -1 -1 -1 -1 2 7 -1 -1 20 7 12 16 2 19 -1 2 3 7 -1 -1 
9 -1 -1 24 35 9 37 2 37 1 28 2 24 2 28 18 24 26 2 24 24 24 2 26 -1 -1 -1 7 -1 1 2 11 24 1 36 -1 -1 -1 
17 25 25 24 35 17 23 23 32 17 28 23 23 20 28 34 21 -1 21 20 -1 20 25 -1 20 -1 -1 23 25 25 23 21 17 21 17 25 25 25 
33 33 7 19 7 32 7 -1 32 7 33 7 32 7 32 30 19 32 7 7 24 33 32 7 7 7 23 -1 32 33 7 19 -1 -1 7 7 24 7 
14 25 25 24 10 12 10 24 32 12 -1 12 -1 25 -1 30 12 26 10 24 24 12 14 12 12 -1 25 32 -1 25 10 14 12 10 36 12 10 25 
30 -1 1 19 35 9 30 30 35 1 30 16 35 2 35 30 -1 9 2 16 21 16 2 16 16 1 25 33 25 -1 -1 16 35 -1 30 -1 30 24 
-1 2 -1 19 0 9 7 -1 37 0 -1 -1 11 2 0 -1 11 9 2 7 13 11 2 7 2 2 23 7 10 -1 -1 11 12 0 7 7 -1 36 
14 11 11 19 14 12 19 19 32 11 28 -1 11 19 -1 21 11 11 21 -1 21 -1 14 11 19 11 21 19 14 16 11 -1 12 21 19 14 24 24 
14 17 22 24 35 12 22 24 -1 17 28 12 -1 22 12 24 24 -1 24 24 24 24 -1 12 -1 24 17 -1 12 35 12 12 -1 27 17 -1 24 8 
-1 -1 -1 21 0 9 4 2 32 0 -1 2 11 2 0 18 21 9 2 21 21 -1 2 7 2 1 21 -1 10 -1 0 21 27 -1 7 21 10 4 
17 7 7 -1 7 17 7 -1 32 17 36 23 23 23 35 -1 19 -1 15 3 23 18 7 -1 3 36 17 7 36 30 7 19 17 7 -1 7 -1 36 
4 25 7 19 -1 12 4 -1 32 4 4 12 -1 7 -1 18 21 32 4 7 21 -1 14 7 7 -1 25 7 12 -1 7 14 -1 21 7 -1 25 4 
30 25 24 24 10 24 37 24 37 24 -1 30 24 24 24 30 24 34 24 24 24 24 24 34 -1 -1 25 24 10 30 -1 24 24 10 -1 25 -1 -1 
4 25 24 24 -1 24 -1 6 -1 4 4 24 24 24 4 18 24 26 4 24 24 24 6 7 -1 -1 25 7 25 24 36 24 8 4 36 4 -1 -1 
