24
1 17
-1 -1 7 13 5 -1 7 -1 5 7 -1 -1 -1 -1 13 5 12 19 1 5 7 10 23 -1 
-1 -1 7 13 18 0 18 0 5 18 0 0 0 0 18 5 12 19 -1 5 7 10 23 0 
7 7 -1 4 -1 4 7 -1 -1 7 8 21 16 8 13 4 -1 19 4 7 7 -1 21 7 
13 13 4 -1 -1 4 18 4 4 15 5 13 13 -1 13 4 4 19 4 5 13 13 -1 13 
5 18 -1 -1 -1 -1 18 2 -1 15 5 5 15 3 18 -1 -1 19 -1 5 8 2 3 18 
-1 0 4 4 -1 -1 7 -1 -1 7 -1 0 0 0 19 -1 4 19 4 -1 7 10 4 0 
7 18 7 18 18 7 -1 -1 7 7 18 7 7 20 18 7 7 19 -1 7 -1 20 21 18 
-1 0 -1 4 2 -1 -1 -1 -1 -1 0 0 0 0 19 5 2 19 6 -1 -1 2 21 0 
5 5 -1 4 -1 -1 7 -1 -1 7 -1 13 5 -1 13 4 2 19 4 -1 -1 2 4 13 
7 18 7 15 15 7 7 -1 7 -1 -1 7 15 16 18 -1 -1 19 -1 7 7 10 21 18 
-1 0 8 5 5 -1 18 0 -1 -1 -1 0 0 0 18 5 9 19 -1 5 8 -1 21 0 
-1 0 21 13 5 0 7 0 13 7 0 -1 0 -1 13 5 13 19 1 5 13 -1 21 0 
-1 0 16 13 15 0 7 0 5 15 0 0 -1 0 13 -1 -1 19 1 16 7 10 23 0 
-1 0 8 -1 3 0 20 0 -1 16 0 -1 0 -1 -1 16 -1 19 14 8 -1 -1 3 -1 
13 18 13 13 18 19 18 19 13 18 18 13 13 -1 -1 16 13 19 -1 -1 13 13 13 13 
5 5 4 4 -1 -1 7 5 4 -1 5 5 -1 16 16 -1 -1 19 4 5 7 4 4 5 
12 12 -1 4 -1 4 7 2 2 -1 9 13 -1 -1 13 -1 -1 19 4 -1 13 2 4 13 
19 19 19 19 19 19 19 19 19 19 19 19 19 19 19 19 19 -1 19 -1 19 19 23 19 
1 -1 4 4 -1 4 -1 6 4 -1 -1 1 1 14 -1 4 4 19 -1 14 6 10 23 -1 
5 5 7 5 5 -1 7 -1 -1 7 5 5 16 8 -1 5 -1 -1 14 -1 7 7 23 -1 
7 7 7 13 8 7 -1 -1 -1 7 8 13 7 -1 13 7 13 19 6 7 -1 -1 21 13 
10 10 -1 13 2 10 20 2 2 10 -1 -1 10 -1 13 4 2 19 10 7 -1 -1 -1 13 
23 23 21 -1 3 4 21 21 4 21 21 21 23 3 13 4 4 23 23 23 21 -1 -1 -1 
-1 0 7 13 18 0 18 0 13 18 0 0 0 -1 13 5 13 19 -1 -1 13 13 -1 -1 
