109
79 106
-1 60 70 85 70 60 100 100 69 50 104 60 70 60 27 96 70 27 57 87 69 60 70 109 27 50 -1 -1 27 85 72 70 60 71 27 100 60 57 86 70 71 28 57 60 60 34 70 57 85 28 26 100 100 86 60 57 70 27 60 70 -1 27 63 60 85 76 90 87 104 26 -1 -1 70 70 26 60 60 71 60 85 60 86 60 91 104 26 -1 27 86 57 86 70 27 60 60 70 60 70 60 102 60 27 26 80 70 27 89 70 26 
60 -1 76 81 76 -1 81 52 81 92 104 98 81 5 92 96 81 98 81 100 81 60 98 109 101 92 101 81 81 104 -1 101 60 5 101 -1 98 13 81 92 92 81 101 30 13 81 92 84 81 76 60 78 35 92 92 78 63 81 33 63 5 81 63 5 81 76 58 81 98 101 72 33 30 92 13 81 5 81 5 104 52 -1 98 81 -1 81 81 81 81 93 43 63 -1 81 98 37 84 13 -1 52 35 -1 81 92 81 13 93 5 98 
70 76 -1 25 76 76 22 22 22 25 104 38 70 76 70 104 59 22 22 76 22 59 -1 109 91 22 70 70 22 104 72 70 91 97 25 76 70 95 22 70 76 28 22 76 76 22 70 22 38 76 25 100 76 22 53 22 59 22 61 22 70 22 22 91 48 76 61 22 104 22 -1 70 70 70 76 22 -1 76 72 104 25 104 25 91 104 25 53 22 76 95 76 -1 53 22 98 -1 104 -1 22 38 76 70 70 95 -1 70 95 70 22 
85 81 25 -1 38 78 38 25 38 25 68 38 34 38 87 96 45 20 42 87 -1 44 25 109 34 -1 85 87 34 85 78 91 60 58 -1 78 58 38 -1 34 34 48 -1 81 20 34 39 42 38 38 25 -1 25 25 45 38 59 42 42 25 50 20 25 91 85 38 58 38 34 20 91 40 78 39 85 87 20 25 51 85 20 38 25 61 38 -1 87 -1 81 38 44 38 25 20 68 38 58 20 20 38 51 34 85 25 68 85 89 25 25 
70 76 76 38 -1 76 22 18 22 98 76 -1 -1 11 27 73 45 76 -1 76 76 76 18 109 12 18 102 24 24 105 43 12 94 97 24 76 31 13 11 12 13 28 18 13 76 18 39 18 18 76 25 42 18 22 45 18 59 18 42 22 75 22 18 39 48 76 58 38 76 42 12 97 70 39 13 12 -1 76 55 105 103 88 55 77 13 105 88 75 -1 37 76 24 39 76 88 76 36 -1 11 18 76 24 12 11 70 11 89 18 22 
60 -1 76 78 76 -1 76 107 38 92 76 13 33 -1 60 73 63 76 75 76 44 60 63 109 76 60 60 60 43 105 1 33 60 -1 40 1 60 13 13 63 13 43 58 13 13 63 63 84 76 76 60 78 35 78 78 78 63 37 33 63 -1 58 63 -1 76 76 58 38 76 101 107 33 78 63 13 13 -1 76 -1 105 60 1 60 77 1 105 60 58 76 37 43 63 1 60 60 37 60 13 1 78 60 1 99 13 76 13 89 -1 63 
100 81 22 38 22 76 -1 100 22 25 68 38 24 38 27 96 59 -1 22 65 17 59 -1 109 17 22 108 24 22 68 78 91 100 97 24 100 100 38 -1 100 34 48 22 81 20 22 100 22 38 38 25 100 100 22 53 38 59 22 61 22 100 22 22 100 48 -1 89 -1 17 20 22 97 78 100 38 22 17 61 65 68 67 38 25 61 100 38 53 67 81 67 44 38 53 17 68 65 89 17 17 38 -1 24 99 38 22 24 89 38 22 
100 52 22 25 18 107 100 -1 22 25 68 18 18 37 57 96 45 22 -1 100 25 80 18 109 34 -1 50 57 99 85 43 100 63 97 25 52 100 -1 37 63 77 48 18 37 37 18 63 18 -1 48 25 100 -1 22 45 18 59 18 42 22 100 77 -1 62 48 77 89 38 34 42 107 77 78 63 37 18 77 -1 77 85 25 77 25 77 52 25 81 25 18 37 43 38 25 77 63 37 84 18 22 -1 -1 34 99 25 81 37 89 -1 22 
69 81 22 38 22 38 22 22 -1 25 68 38 28 38 87 92 59 22 22 87 69 44 -1 109 28 22 69 87 -1 85 43 91 94 58 25 76 43 38 -1 92 58 28 -1 28 28 22 92 22 38 28 25 42 80 22 53 38 59 42 42 22 87 22 22 59 48 22 58 38 22 -1 22 58 43 92 69 87 22 61 51 85 69 28 25 61 38 38 87 -1 81 38 43 38 28 22 69 22 43 22 22 28 22 42 69 38 22 28 89 38 22 
50 92 25 25 98 92 25 25 25 -1 68 98 92 92 92 92 108 98 25 87 25 80 25 109 34 -1 50 92 92 85 92 98 92 92 25 92 98 25 25 92 92 92 25 92 92 34 92 25 25 92 25 25 25 92 92 82 59 25 92 25 50 92 25 92 48 98 92 80 34 80 25 92 92 92 92 25 98 25 92 85 25 92 25 92 92 25 92 25 98 37 92 25 -1 98 98 103 98 98 -1 25 25 34 50 -1 25 98 89 25 98 
104 104 104 68 76 76 68 68 68 68 -1 105 104 104 94 104 104 68 68 68 68 80 68 109 68 68 85 68 104 -1 104 104 94 97 68 76 93 104 104 104 68 104 68 104 68 68 104 104 85 76 68 68 80 68 68 104 104 104 68 104 80 104 68 105 85 68 68 80 -1 80 104 68 104 104 85 104 68 104 104 29 68 104 68 104 104 29 104 68 94 80 104 104 68 68 68 104 104 68 68 80 68 68 105 80 -1 68 89 104 68 
60 98 38 38 -1 13 38 18 38 98 105 -1 4 -1 92 96 81 98 4 65 38 44 38 109 105 38 74 105 38 105 43 105 98 13 38 76 98 13 -1 12 13 48 18 13 13 18 39 18 38 38 38 38 84 38 74 38 59 18 40 38 13 38 38 105 48 38 58 38 105 38 12 40 43 39 13 13 4 40 13 105 103 38 55 91 13 105 81 38 4 37 43 38 40 81 98 103 84 4 -1 38 38 98 105 -1 81 -1 89 13 98 
70 81 70 34 -1 33 24 18 28 92 104 4 -1 75 27 73 70 24 4 87 24 70 18 109 -1 34 102 24 24 102 72 -1 63 31 24 76 31 75 11 -1 34 28 18 28 28 18 39 18 18 28 75 34 102 92 36 18 70 18 33 70 75 24 63 39 102 76 58 87 24 87 -1 33 70 39 75 -1 4 61 72 102 24 75 36 61 75 102 70 75 4 75 43 24 39 24 88 70 36 4 11 102 36 24 -1 11 70 24 89 70 70 
60 5 76 38 11 -1 38 37 38 92 104 -1 75 -1 92 96 81 76 75 76 44 44 38 109 105 37 74 57 43 105 43 105 60 5 40 76 43 -1 11 63 -1 43 57 -1 -1 40 63 84 37 76 60 78 84 74 74 44 59 37 40 43 5 44 37 5 105 76 58 38 105 44 75 40 43 63 -1 -1 -1 40 5 105 44 43 43 77 -1 105 81 75 11 37 43 38 40 43 98 37 84 -1 11 37 76 5 105 11 84 -1 89 5 74 
27 92 70 87 27 60 27 57 87 92 94 92 27 92 -1 92 63 27 57 87 92 60 92 109 27 92 27 -1 92 85 92 101 -1 101 101 92 60 57 57 92 92 92 101 92 92 92 92 57 92 92 60 101 92 92 92 57 63 27 87 63 32 92 63 32 85 87 87 87 94 101 27 27 70 92 92 60 27 92 92 85 101 57 60 92 92 27 27 27 94 57 86 27 -1 27 32 57 60 27 92 92 60 -1 27 92 70 27 89 63 27 
96 96 104 96 73 73 96 96 92 92 104 96 73 96 92 -1 73 96 96 100 92 96 98 109 73 96 96 73 92 104 96 96 73 96 73 96 96 96 96 73 92 92 96 96 96 96 73 96 96 92 96 100 96 92 96 96 73 96 96 73 96 92 73 73 96 96 96 96 104 96 73 92 73 -1 96 73 96 96 96 104 96 96 96 91 96 105 92 96 73 96 96 73 73 96 98 96 -1 96 96 96 96 96 73 92 96 73 96 73 96 
70 81 59 45 45 63 59 45 59 108 104 81 70 81 63 73 -1 59 45 87 81 59 59 109 45 45 108 81 59 104 81 70 63 63 45 81 54 81 81 63 45 59 45 81 59 -1 63 45 81 59 108 45 45 54 45 45 59 81 81 -1 59 81 45 59 81 59 81 81 45 108 59 45 70 63 54 81 81 81 54 104 59 -1 108 81 81 108 81 81 81 93 81 63 54 81 88 59 54 45 108 59 63 45 108 80 81 63 93 63 -1 
27 98 22 20 76 76 -1 22 22 98 68 98 24 76 27 96 59 -1 22 65 -1 44 -1 109 -1 22 69 24 24 68 98 24 94 97 24 76 93 38 6 24 34 28 20 28 20 22 39 22 38 76 25 20 76 22 53 22 59 22 61 22 76 20 22 59 48 6 93 6 -1 20 22 97 70 39 76 22 -1 76 65 68 20 93 25 61 76 20 53 20 76 93 44 24 28 -1 68 22 93 -1 -1 28 6 24 24 80 68 24 93 76 22 
57 81 22 42 -1 75 22 -1 22 25 68 4 4 75 57 96 45 22 -1 87 22 55 -1 109 12 7 69 57 22 85 75 12 75 97 45 52 54 7 22 12 45 48 -1 75 55 -1 39 -1 7 38 25 42 7 22 45 -1 59 -1 42 22 75 22 7 59 48 22 58 22 22 42 12 97 78 39 54 -1 4 7 55 85 25 57 55 61 47 42 53 75 4 37 55 22 53 22 69 22 84 -1 22 7 7 42 12 11 22 11 89 7 22 
87 100 76 87 76 76 65 100 87 87 68 65 87 76 87 100 87 65 87 -1 87 100 65 109 87 87 87 87 87 87 78 100 100 87 87 100 100 95 65 100 87 87 87 100 76 78 100 87 100 76 100 100 100 87 78 78 100 87 87 100 100 87 100 100 87 -1 87 87 65 87 76 87 78 100 76 87 65 76 65 87 87 87 100 77 100 87 87 -1 76 87 87 100 78 100 87 65 100 65 76 78 -1 87 87 95 76 100 89 100 65 
69 81 22 -1 76 44 17 25 69 25 68 38 24 44 92 92 81 -1 22 87 -1 44 17 109 17 3 69 24 44 85 44 101 94 61 3 76 61 38 3 92 34 44 3 44 -1 34 92 22 38 38 25 3 80 22 92 44 59 42 61 22 44 -1 22 44 85 17 61 80 17 -1 22 40 78 92 44 44 17 61 51 85 -1 61 25 61 44 3 81 3 81 80 44 24 61 17 69 103 61 17 17 38 17 69 69 80 68 24 89 25 22 
60 60 59 44 76 60 59 80 44 80 80 44 70 44 60 96 59 44 55 100 44 -1 59 109 44 80 60 60 44 80 44 60 60 60 80 76 60 44 55 63 44 44 80 44 -1 59 63 55 44 44 60 100 80 59 60 44 59 44 60 -1 -1 44 59 59 48 76 90 80 80 80 59 60 70 63 44 60 44 76 55 80 -1 44 55 61 44 44 60 75 76 80 44 63 44 60 60 103 60 44 59 44 60 80 60 80 70 44 89 60 59 
70 98 -1 25 18 63 -1 18 -1 25 68 38 18 38 92 98 59 -1 -1 65 17 59 -1 109 17 -1 108 24 8 68 98 70 63 61 25 76 98 38 -1 63 34 28 8 28 20 18 63 18 38 38 25 25 18 -1 53 18 59 18 61 -1 50 -1 -1 59 48 6 61 6 17 8 2 40 70 63 54 18 2 61 54 68 25 38 25 61 47 25 53 8 18 38 86 2 53 17 98 2 98 2 -1 38 6 24 99 25 2 24 89 18 -1 
109 109 109 109 109 109 109 109 109 109 109 109 109 109 109 109 109 109 109 109 109 109 109 -1 109 109 109 109 109 109 109 109 109 109 109 109 109 109 109 109 109 109 109 109 109 109 109 109 109 109 109 109 109 109 109 109 109 109 109 109 109 109 109 109 109 109 109 109 109 109 109 109 109 109 109 109 109 109 109 109 109 109 109 109 109 109 109 109 109 109 109 109 109 109 109 109 109 109 109 109 109 109 109 109 109 109 109 109 109 
27 101 91 34 12 76 17 34 28 34 68 105 -1 105 27 73 45 -1 12 87 17 44 17 109 -1 34 27 -1 -1 105 43 12 27 31 -1 76 31 57 91 12 34 28 101 28 28 34 39 18 41 28 34 34 99 22 45 44 59 27 61 28 27 -1 22 91 105 17 61 17 17 101 12 27 70 39 105 12 17 61 77 105 20 28 34 61 101 105 27 27 12 93 43 -1 28 17 68 91 36 17 17 28 17 -1 12 105 68 -1 93 70 22 
50 92 22 -1 18 60 22 -1 22 -1 68 38 34 37 92 96 45 22 7 87 3 80 -1 109 34 -1 50 34 22 85 82 82 60 58 -1 52 82 7 3 92 34 48 3 82 20 34 92 18 7 38 -1 3 7 22 45 82 59 18 40 22 50 22 7 59 48 22 58 80 34 80 22 40 70 92 50 18 22 7 51 85 -1 38 -1 61 52 3 53 3 18 37 44 22 9 22 68 22 82 18 9 7 7 34 50 9 22 34 89 7 22 
-1 101 70 85 102 60 108 50 69 50 85 74 102 74 27 96 108 69 69 87 69 60 108 109 27 50 -1 0 69 85 72 70 60 71 50 76 60 74 69 102 71 69 69 74 69 74 102 69 85 69 -1 69 80 74 74 108 108 27 69 108 0 69 108 105 85 76 69 80 80 -1 0 0 70 102 -1 60 74 50 74 85 69 86 108 69 74 -1 0 69 94 74 86 70 74 60 69 70 60 74 108 102 60 69 -1 80 70 85 89 70 -1 
-1 81 70 87 24 60 24 57 87 92 68 105 24 57 -1 73 81 24 57 87 24 60 24 109 -1 34 0 -1 24 85 43 24 14 71 24 76 60 57 57 24 34 28 57 28 28 34 39 57 41 28 26 57 57 86 92 57 59 -1 87 28 0 24 24 32 85 87 87 87 24 87 0 0 70 39 26 87 24 61 57 85 87 57 34 61 57 26 0 -1 81 57 86 24 14 24 32 57 60 24 24 28 60 14 24 87 70 24 89 57 26 
27 81 22 34 24 43 22 99 -1 92 104 38 24 43 92 92 59 24 22 87 44 44 8 109 -1 22 69 24 -1 104 43 24 63 31 24 76 43 99 8 92 92 -1 8 -1 -1 34 92 22 41 -1 25 42 99 92 92 44 59 81 42 -1 43 24 22 59 48 76 90 38 24 8 59 92 43 92 43 81 44 81 99 104 44 -1 43 61 43 105 81 8 81 93 43 24 -1 81 69 99 43 24 22 -1 43 24 99 92 81 24 93 63 59 
85 104 104 85 105 105 68 85 85 85 -1 105 102 105 85 104 104 68 85 87 85 80 68 109 105 85 85 85 104 -1 104 105 94 105 68 76 105 85 85 105 68 85 85 104 85 68 105 104 85 85 85 85 80 68 85 85 104 85 85 104 85 85 105 105 85 68 85 80 10 85 104 85 104 105 85 87 68 104 85 -1 68 104 85 85 104 -1 85 85 94 80 85 85 68 68 68 104 104 68 68 85 85 68 85 80 10 85 89 104 85 
72 -1 72 78 43 1 78 43 43 92 104 43 72 43 92 96 81 98 75 78 44 44 98 109 43 82 72 43 43 104 -1 43 60 5 101 1 43 43 81 92 43 43 101 -1 43 54 92 84 43 43 60 78 35 92 43 78 59 81 43 43 5 81 63 5 48 78 90 81 98 101 72 33 -1 92 43 43 5 78 72 104 52 1 43 78 1 105 81 43 81 43 43 72 1 43 98 43 43 43 1 43 35 1 72 43 72 43 89 5 98 
70 101 70 91 12 33 91 100 91 98 104 105 -1 105 101 96 70 24 12 100 101 60 70 109 12 82 70 24 24 105 43 -1 60 -1 101 100 -1 91 91 12 58 28 101 36 105 54 39 18 91 91 60 100 100 54 36 82 70 101 33 70 36 24 91 91 105 76 58 91 105 101 -1 33 70 39 54 12 12 91 33 105 101 43 36 91 96 105 70 58 12 93 43 -1 39 36 98 70 36 33 36 91 36 -1 12 105 70 -1 93 70 70 
60 60 91 60 94 60 100 63 94 92 94 98 63 60 -1 73 63 94 75 100 94 60 63 109 27 60 60 14 63 94 60 60 -1 60 94 100 60 107 91 63 92 63 94 60 60 63 63 75 63 63 60 100 100 92 60 60 63 27 60 63 -1 92 63 -1 105 76 60 80 94 94 60 60 70 63 60 60 60 63 60 94 60 75 60 91 60 105 60 27 94 93 60 63 14 60 -1 91 60 60 94 63 60 14 105 80 94 63 93 63 63 
71 5 97 58 97 -1 97 97 58 92 97 13 31 5 101 96 63 97 97 87 61 60 61 109 31 58 71 71 31 105 5 -1 60 -1 58 5 31 13 91 31 58 31 58 13 13 97 39 97 76 76 60 58 35 54 36 78 63 58 -1 63 5 58 63 5 105 76 58 87 97 58 31 -1 70 39 13 13 5 58 5 105 60 5 36 61 5 105 71 58 97 66 66 31 5 36 60 97 36 -1 5 78 36 31 31 13 70 31 89 5 61 
27 101 25 -1 24 40 24 25 25 25 68 38 24 40 101 73 45 24 45 87 3 80 25 109 -1 -1 50 24 24 68 101 101 94 58 -1 101 54 25 3 24 -1 28 3 28 20 -1 39 45 25 28 25 3 25 25 45 38 59 27 40 25 50 24 45 62 85 24 58 38 -1 101 24 40 70 39 40 24 24 40 51 68 25 28 25 61 40 3 87 3 94 37 43 24 40 24 68 25 54 24 24 25 25 -1 24 25 68 24 89 25 25 
100 -1 76 78 76 1 100 52 76 92 76 76 76 76 92 96 81 76 52 100 76 76 76 109 76 52 76 76 76 76 1 100 100 5 101 -1 100 52 76 92 76 52 78 30 76 78 92 84 52 76 100 78 -1 78 78 78 100 81 100 100 100 77 52 100 52 76 90 80 76 80 76 33 78 92 76 76 -1 76 -1 76 52 1 78 77 1 78 81 100 76 52 76 76 1 76 98 76 84 76 1 52 -1 1 99 80 76 76 89 5 98 
60 98 70 58 31 60 100 100 43 98 93 98 31 43 60 96 54 93 54 100 61 60 98 109 31 82 60 60 43 105 43 -1 60 31 54 100 -1 43 81 31 58 43 58 -1 43 54 39 96 100 43 60 100 100 54 -1 82 59 58 -1 43 -1 58 54 100 100 78 58 87 93 58 31 33 43 96 54 60 98 93 54 105 60 43 -1 61 96 105 54 58 81 93 43 31 54 -1 98 43 -1 33 -1 43 -1 31 31 98 70 31 93 60 82 
57 13 95 38 13 13 38 -1 38 25 104 13 75 -1 57 96 81 38 7 95 38 44 38 109 57 7 74 57 99 85 43 91 107 13 25 52 43 -1 -1 107 13 48 57 13 13 18 107 18 7 38 25 38 7 38 74 38 59 -1 40 38 13 38 7 107 48 95 89 38 105 38 107 40 99 96 13 13 13 7 99 85 25 38 25 77 13 38 81 38 81 -1 43 38 40 89 69 -1 89 13 13 -1 7 57 99 95 81 13 89 -1 38 
86 81 22 -1 11 13 -1 37 -1 25 104 -1 11 11 57 96 81 6 22 65 3 55 -1 109 91 3 69 57 8 85 81 91 91 91 3 76 81 -1 -1 91 13 48 3 81 55 22 91 22 -1 -1 25 3 99 22 53 -1 59 37 42 22 81 22 22 91 48 6 89 -1 17 8 91 40 78 91 13 81 49 81 55 85 67 -1 55 91 13 3 81 3 81 37 55 -1 28 81 69 37 89 11 11 -1 6 34 99 11 81 11 89 37 22 
70 92 70 34 12 63 100 63 92 92 104 12 -1 63 92 73 63 24 12 100 92 63 63 109 12 92 102 24 92 105 92 12 63 31 24 92 31 107 91 -1 92 92 18 92 92 63 -1 18 63 92 63 100 100 92 92 18 63 18 92 63 63 92 63 -1 105 76 92 87 105 87 12 92 70 -1 92 12 12 92 63 105 63 75 36 91 92 105 92 75 12 96 92 63 -1 24 63 70 73 12 92 92 63 24 12 92 70 63 96 63 63 
71 92 76 34 13 13 34 77 58 92 68 13 34 -1 92 92 45 34 45 87 34 44 34 109 34 34 71 34 92 68 43 58 92 58 -1 76 58 13 13 92 -1 92 58 13 13 34 92 84 77 76 34 34 77 92 92 44 92 37 -1 92 13 58 45 13 77 76 58 87 34 58 71 -1 78 92 13 13 13 -1 77 68 34 77 34 77 13 34 71 58 81 37 43 34 -1 77 68 37 58 13 13 37 58 34 105 13 68 13 89 13 34 
28 81 28 48 28 43 48 48 28 92 104 48 28 43 92 92 59 28 48 87 44 44 28 109 28 48 69 28 -1 85 43 28 63 31 28 52 43 48 48 92 92 -1 28 28 28 34 92 48 -1 28 48 42 48 92 92 44 59 81 42 28 43 28 48 59 48 48 90 48 28 28 59 92 43 92 43 81 44 48 99 85 44 28 43 61 43 64 81 28 81 48 43 28 28 81 69 48 43 28 28 28 48 28 99 48 81 28 89 48 59 
57 101 22 -1 18 58 22 18 -1 25 68 18 18 57 101 96 45 20 -1 87 3 80 8 109 101 3 69 57 8 85 101 101 94 58 3 78 58 57 3 18 58 28 -1 28 20 18 39 18 18 28 25 -1 18 22 45 18 59 -1 -1 22 58 58 18 100 85 78 58 38 34 -1 101 58 78 39 69 18 18 18 51 85 69 57 25 61 47 3 81 3 18 57 66 38 28 58 69 57 58 18 22 18 51 -1 69 80 81 85 89 18 22 
60 30 76 81 13 13 81 37 28 92 104 13 28 -1 92 96 81 28 75 100 44 44 28 109 28 82 74 28 -1 104 -1 36 60 13 28 30 -1 13 81 92 13 28 28 -1 13 54 92 84 41 28 60 100 84 54 36 44 59 81 36 28 36 81 28 13 48 76 90 81 104 28 36 40 30 92 13 13 13 81 13 104 44 -1 36 81 13 105 81 28 81 37 -1 28 28 36 88 37 36 13 36 28 36 28 99 13 81 13 89 13 59 
60 13 76 20 76 13 20 37 28 92 68 13 28 -1 92 96 59 20 55 76 -1 -1 20 109 28 20 69 28 -1 85 43 105 60 13 20 76 43 13 55 92 13 28 20 13 -1 55 92 55 41 28 60 20 76 90 74 -1 59 37 40 21 21 20 22 13 48 76 90 55 20 20 59 40 78 92 13 13 -1 76 55 85 20 28 55 61 13 20 90 20 76 37 -1 28 28 20 69 37 84 13 76 28 76 28 99 13 76 13 89 13 59 
34 81 22 34 18 63 22 18 22 34 68 18 18 40 92 96 -1 22 -1 78 34 59 18 109 34 34 74 34 34 68 54 54 63 97 -1 78 54 18 22 63 34 34 18 54 55 -1 63 18 18 34 34 34 18 54 -1 18 59 18 40 16 54 22 -1 62 48 78 58 22 34 42 59 40 78 63 54 18 18 18 54 68 34 16 34 61 47 34 54 34 18 37 54 34 54 54 68 22 54 18 22 18 18 34 18 18 68 34 89 18 16 
70 92 70 39 39 63 100 63 92 92 104 39 39 63 92 73 63 39 39 100 92 63 63 109 39 92 102 39 92 105 92 39 63 39 39 92 39 107 91 -1 92 92 39 92 92 63 -1 39 63 92 63 100 100 92 92 39 63 39 92 63 63 92 63 39 105 76 92 87 105 87 39 92 70 39 92 39 39 92 63 105 63 75 39 91 92 105 92 75 39 96 92 63 39 39 63 70 73 39 92 92 63 39 39 92 70 63 96 63 63 
57 84 22 42 18 84 22 18 22 25 104 18 18 84 57 96 45 22 -1 87 22 55 18 109 18 18 69 57 22 104 84 18 75 97 45 84 96 18 22 18 84 48 18 84 55 18 39 -1 18 38 25 42 84 22 45 18 59 18 42 22 75 22 18 59 48 22 58 22 104 42 104 84 78 96 84 18 18 18 55 104 84 57 55 61 -1 42 53 75 18 96 55 22 84 22 69 22 84 18 22 18 18 42 18 18 84 84 96 18 22 
85 81 38 38 18 76 38 -1 38 25 85 38 18 37 92 96 81 38 7 100 38 44 38 109 41 7 85 41 41 85 43 91 63 76 25 52 100 7 -1 63 77 -1 18 41 41 18 63 18 -1 -1 25 38 7 38 45 38 59 18 42 38 100 38 7 62 -1 38 89 38 34 38 91 77 78 63 37 18 49 7 55 85 25 38 25 77 52 64 81 38 81 37 43 38 41 77 69 37 84 18 38 7 7 34 99 38 81 38 89 7 38 
28 76 76 38 76 76 38 48 28 92 76 38 28 76 92 92 59 76 38 76 38 44 38 109 28 38 69 28 -1 85 43 91 63 76 28 76 43 38 -1 92 76 28 28 28 28 34 92 38 -1 -1 38 38 48 38 92 38 59 38 42 28 76 28 38 59 48 76 89 38 76 28 59 76 43 92 76 76 -1 76 55 85 67 28 55 77 76 38 81 28 76 38 43 38 28 76 98 38 43 76 76 28 76 28 99 38 76 28 89 38 38 
26 60 25 25 25 60 25 25 25 25 68 38 75 60 60 96 108 25 25 100 25 60 25 109 34 -1 -1 26 25 85 60 60 60 60 25 100 60 25 25 63 34 48 25 60 60 34 63 25 25 38 -1 25 25 25 60 82 59 25 60 25 -1 25 25 60 85 25 60 80 34 26 26 26 70 63 26 60 60 25 60 85 25 75 25 61 52 26 26 25 81 37 60 25 25 60 60 25 60 25 25 25 60 34 26 25 25 85 89 25 26 
100 78 100 -1 42 78 100 100 42 25 68 38 34 78 101 100 45 20 42 100 3 100 25 109 34 3 69 57 42 85 78 100 100 58 3 78 100 38 3 100 34 42 -1 100 20 34 100 42 38 38 25 -1 100 78 78 78 100 42 42 100 100 20 100 100 85 78 58 38 34 42 78 40 78 100 78 42 100 78 -1 85 20 38 25 78 100 3 87 3 42 38 44 38 78 78 69 78 100 42 100 78 -1 42 99 25 68 85 89 78 25 
100 35 76 25 18 35 100 -1 80 25 80 84 102 84 92 96 45 76 7 100 80 80 18 109 99 7 80 57 99 80 35 100 100 35 25 -1 100 7 99 100 77 48 18 84 76 18 100 84 7 48 25 100 -1 22 78 18 80 18 100 80 100 77 7 100 48 76 89 80 80 80 104 77 78 96 84 18 35 7 35 80 -1 35 25 77 -1 25 81 80 18 37 76 99 35 77 80 37 84 18 35 -1 -1 35 99 80 84 80 89 7 22 
86 92 22 25 22 78 22 22 22 92 68 38 92 74 92 92 54 22 22 87 22 59 -1 109 22 22 74 86 92 68 92 54 92 54 25 78 54 38 22 92 92 92 22 54 90 54 92 22 38 38 25 78 22 -1 -1 22 59 22 54 22 54 22 22 59 48 22 90 22 22 22 22 86 78 92 54 22 22 61 54 68 25 86 25 61 92 25 -1 86 86 38 86 22 -1 22 98 22 54 22 22 38 22 92 74 92 22 24 89 22 22 
60 92 53 45 45 78 53 45 53 92 68 74 36 74 92 96 45 53 45 78 92 60 53 109 45 45 74 92 92 85 43 36 60 36 45 78 -1 74 53 92 92 92 45 36 74 -1 92 45 45 92 60 78 78 -1 -1 78 59 45 36 45 36 92 45 62 85 78 58 53 45 74 36 92 78 92 -1 45 74 78 -1 85 45 43 36 78 74 74 53 58 45 93 43 36 -1 36 98 78 36 45 36 78 36 36 74 92 53 36 93 78 45 
57 78 22 38 18 78 38 18 38 82 104 38 18 44 57 96 45 22 -1 78 44 44 18 109 44 82 108 57 44 85 78 82 60 78 38 78 82 38 -1 18 44 44 18 44 -1 18 39 18 38 38 82 78 18 22 78 -1 59 18 42 22 44 22 18 78 48 78 90 38 22 38 78 44 78 39 44 18 44 78 -1 85 44 38 -1 78 44 38 81 38 18 38 44 38 44 78 69 38 82 18 22 38 18 42 99 38 81 38 89 18 82 
70 63 59 59 59 63 59 59 59 59 104 59 70 59 63 73 59 59 59 100 59 59 59 109 59 59 108 59 59 104 59 70 63 63 59 100 59 59 59 63 92 59 59 59 59 59 63 59 59 59 59 100 80 59 59 59 -1 59 61 -1 59 59 59 59 59 59 61 59 59 59 59 70 70 63 108 59 59 61 63 104 59 59 108 61 104 105 59 59 81 59 59 63 59 59 63 59 59 59 59 59 63 59 70 80 70 63 89 63 59 
27 81 22 42 18 37 22 18 42 25 104 18 18 37 27 96 81 22 -1 87 42 44 18 109 27 18 27 -1 81 85 81 101 27 58 27 81 58 -1 37 18 37 81 -1 81 37 18 39 18 18 38 25 42 18 22 45 18 59 -1 42 22 27 81 18 107 48 95 58 38 104 42 27 27 70 39 37 18 18 81 51 85 69 -1 55 81 37 42 81 27 81 37 81 27 27 81 69 37 89 18 22 37 18 42 99 95 81 27 89 37 22 
60 33 61 42 42 33 61 42 42 92 68 40 33 40 87 96 81 61 42 87 61 60 61 109 61 40 69 87 42 85 43 33 60 -1 40 100 -1 40 42 92 -1 42 -1 36 40 40 92 42 42 42 60 42 100 54 36 42 61 42 -1 61 36 -1 61 33 85 87 -1 87 40 42 33 33 43 92 40 87 33 40 33 85 61 61 36 61 40 42 87 -1 81 66 66 33 40 36 69 40 36 33 36 40 36 42 33 40 81 33 89 33 61 
70 63 22 25 22 63 22 22 22 25 104 38 70 43 63 73 -1 22 22 100 22 -1 -1 109 28 22 108 28 -1 104 43 70 63 63 25 100 43 38 22 63 92 28 22 28 21 16 63 22 38 28 25 100 80 22 45 22 -1 22 61 -1 21 22 22 -1 48 22 61 22 22 22 -1 70 70 63 108 22 22 61 63 104 21 16 108 61 104 105 53 22 81 38 43 63 28 22 63 22 43 22 22 28 63 28 70 80 70 63 89 63 -1 
-1 5 70 50 75 -1 100 100 87 50 80 13 75 5 32 96 59 76 75 100 44 -1 50 109 27 50 0 0 43 85 5 36 -1 5 50 100 -1 13 81 63 13 43 58 36 21 54 63 75 100 76 -1 100 100 54 36 44 59 27 36 21 -1 58 63 5 85 76 58 80 80 26 0 0 70 63 13 -1 5 76 5 85 21 75 36 61 5 26 0 75 81 93 43 36 5 36 32 37 36 13 36 78 -1 5 26 80 70 13 93 5 26 
27 81 22 20 22 58 22 77 22 92 104 38 24 44 92 92 81 20 22 87 -1 44 -1 109 -1 22 69 24 24 85 81 24 92 58 24 77 58 38 22 92 58 28 58 81 20 22 92 22 38 28 25 20 77 22 92 22 59 81 -1 22 58 -1 22 59 48 22 58 22 20 20 22 58 78 92 92 81 77 -1 77 85 20 -1 25 -1 81 20 81 58 81 66 44 24 -1 77 69 22 58 20 22 28 22 24 24 80 81 24 89 77 22 
63 63 22 25 18 63 22 -1 22 25 68 38 63 37 63 73 45 22 7 100 22 59 -1 109 22 7 108 24 22 105 63 91 63 63 45 52 54 7 22 63 45 48 18 28 22 -1 63 18 7 38 25 100 7 22 45 18 59 18 61 22 63 22 -1 -1 48 22 61 22 22 22 22 45 70 63 54 18 22 7 54 105 25 38 25 61 52 105 53 22 18 37 86 63 53 22 63 22 54 18 22 7 7 45 99 25 22 63 89 7 22 
60 5 91 91 39 -1 100 62 59 92 105 105 39 5 32 73 59 59 59 100 44 59 59 109 91 59 105 32 59 105 5 91 -1 5 62 100 100 107 91 -1 13 59 100 13 13 62 39 59 62 59 60 100 100 59 62 78 59 107 33 -1 5 59 -1 -1 105 76 58 91 105 94 59 33 70 39 13 13 5 62 5 105 59 5 100 91 5 105 59 100 94 107 43 -1 39 100 32 91 100 13 5 59 -1 5 105 105 70 -1 107 -1 59 
85 81 48 85 48 76 48 48 48 48 85 48 102 105 85 96 81 48 48 87 85 48 48 109 105 48 85 85 48 85 48 105 105 105 85 52 100 48 48 105 77 48 85 48 48 48 105 48 -1 48 85 85 48 48 85 48 59 48 85 48 85 48 48 105 -1 48 85 48 105 85 85 85 78 105 85 48 49 48 55 85 48 48 48 77 52 -1 81 85 81 48 48 48 48 77 85 48 84 48 48 48 48 85 85 48 81 85 89 48 85 
76 76 76 38 76 76 -1 77 22 98 68 38 76 76 87 96 59 6 22 -1 17 76 6 109 17 22 76 87 76 68 78 76 76 76 24 76 78 95 6 76 76 48 78 76 76 78 76 22 38 76 25 78 76 22 78 78 59 95 87 22 76 22 22 76 48 -1 87 6 17 87 76 76 78 76 76 76 -1 76 -1 68 67 38 78 77 76 38 87 19 76 67 76 38 78 17 98 -1 78 17 76 78 6 24 99 95 76 76 89 76 22 
90 58 61 58 58 58 89 89 58 92 68 58 58 58 87 96 81 93 58 87 61 90 61 109 61 58 69 87 90 85 90 58 60 58 58 90 58 89 89 92 58 90 58 90 90 58 92 58 89 89 60 58 89 90 58 90 61 58 -1 61 58 58 61 58 85 87 -1 89 58 58 58 58 90 96 58 87 90 58 58 85 89 61 58 61 96 58 90 58 81 -1 -1 58 58 89 69 89 89 58 58 89 58 58 99 89 81 58 89 89 61 
87 81 22 38 38 38 -1 38 38 80 80 38 87 38 87 96 81 6 22 87 80 80 6 109 17 80 80 87 38 80 81 91 80 87 38 80 87 38 -1 87 87 48 38 81 55 22 87 22 38 38 80 38 80 22 53 38 59 38 87 22 80 22 22 91 48 6 89 -1 80 80 91 87 78 96 38 87 17 81 55 80 -1 38 55 91 80 38 87 -1 81 -1 87 38 38 89 80 38 89 17 17 38 6 80 99 80 80 38 89 38 22 
104 98 104 34 76 76 17 34 22 34 -1 105 24 105 94 104 45 -1 22 65 17 80 17 109 17 34 80 24 24 10 98 105 94 97 -1 76 93 105 17 105 34 28 34 104 20 34 105 104 34 76 34 34 80 22 45 22 59 104 40 22 80 20 22 105 105 17 58 80 -1 80 104 40 104 105 105 104 17 40 51 29 -1 104 34 61 104 105 104 34 94 80 44 24 40 17 -1 103 104 17 17 80 17 34 105 80 -1 -1 89 104 22 
26 101 22 20 42 101 20 42 -1 80 80 38 87 44 101 96 108 20 42 87 -1 80 8 109 101 80 -1 87 8 85 101 101 94 58 101 80 58 38 8 87 58 28 -1 28 20 42 87 42 38 28 26 42 80 22 74 38 59 42 42 22 26 20 22 94 85 87 58 80 80 -1 26 26 70 87 26 87 20 61 51 85 -1 28 80 61 80 26 87 -1 94 80 44 38 28 20 -1 103 58 20 94 28 51 -1 26 80 80 80 89 38 26 
-1 72 -1 91 12 107 22 107 22 25 104 12 -1 75 27 73 59 22 12 76 22 59 2 109 12 22 0 0 59 104 72 -1 60 31 24 76 31 107 91 12 71 59 101 36 59 59 39 104 91 59 26 78 104 22 36 78 59 27 33 -1 0 22 22 59 85 76 58 91 104 26 -1 0 -1 39 26 12 2 76 72 104 59 104 36 91 104 26 0 27 12 107 86 -1 39 36 104 2 36 2 22 59 36 31 12 95 -1 31 107 -1 59 
-1 33 70 40 97 33 97 77 58 92 68 40 33 40 27 92 45 97 97 87 40 60 40 109 27 40 0 0 92 85 33 33 60 -1 40 33 33 40 40 92 -1 92 58 40 40 40 92 84 77 76 26 40 77 86 92 44 70 27 33 70 0 58 45 33 85 76 58 87 40 26 0 -1 70 92 26 40 33 40 33 85 40 77 36 77 40 26 0 27 81 40 86 33 40 77 60 40 36 33 33 40 60 33 26 40 70 33 89 33 26 
70 30 70 78 70 78 78 78 43 92 104 43 70 43 70 73 70 70 78 78 78 70 70 109 70 70 70 70 43 104 -1 70 70 70 70 78 43 99 78 70 78 43 78 30 78 78 70 78 78 43 70 78 78 78 78 78 70 70 43 70 70 78 70 70 78 78 90 78 104 70 -1 70 -1 70 78 70 70 78 -1 104 70 30 78 78 30 70 70 70 70 93 43 70 30 78 98 70 43 70 30 78 78 30 70 95 70 70 93 70 70 
70 92 70 39 39 63 100 63 92 92 104 39 39 63 92 -1 63 39 39 100 92 63 63 109 39 92 102 39 92 105 92 39 63 39 39 92 96 96 91 -1 92 92 39 92 92 63 39 96 63 92 63 100 96 92 92 39 63 39 92 63 63 92 63 39 105 76 96 96 105 87 39 92 70 -1 92 39 39 92 63 105 63 75 96 91 96 105 92 75 39 96 92 63 39 96 63 70 15 39 92 92 63 39 39 92 70 63 96 63 63 
26 13 76 85 13 13 38 37 69 92 85 13 75 -1 92 96 54 76 54 76 44 44 54 109 105 50 -1 26 43 85 43 54 60 13 40 76 54 13 13 92 13 43 69 13 13 54 92 84 37 76 26 78 84 54 -1 44 108 37 40 108 13 92 54 13 85 76 58 38 105 26 26 26 78 92 -1 13 13 40 54 85 69 43 54 77 13 26 26 69 13 37 43 38 54 54 69 37 54 13 13 37 54 69 26 13 84 13 89 13 26 
60 81 22 87 12 13 22 18 87 25 104 13 -1 -1 60 73 81 22 -1 87 44 60 18 109 12 18 60 87 81 87 43 12 60 13 24 76 60 13 81 12 13 81 18 13 13 18 39 18 18 76 60 42 18 22 45 18 59 18 87 22 -1 81 18 13 48 76 87 87 104 87 12 40 70 39 13 -1 13 81 13 87 60 -1 55 81 13 87 81 -1 81 37 43 24 39 81 60 37 60 13 13 18 60 24 12 13 81 13 89 13 22 
60 5 -1 20 -1 -1 17 77 22 98 68 4 4 -1 27 96 81 -1 4 65 17 44 2 109 17 22 74 24 44 68 5 12 60 5 24 -1 98 13 49 12 13 44 18 13 -1 18 39 18 49 -1 60 100 35 22 74 44 59 18 33 22 5 77 22 5 49 -1 90 17 17 20 2 33 70 39 13 13 -1 -1 5 68 20 77 55 77 13 105 81 65 4 37 44 2 5 17 98 2 84 2 -1 37 -1 5 12 11 2 13 89 5 98 
71 81 76 25 76 76 61 -1 61 25 104 40 61 40 92 96 81 76 7 76 61 76 61 109 61 7 50 61 81 104 78 91 63 58 40 76 93 7 81 92 -1 48 18 81 76 18 92 18 7 76 25 78 7 61 78 78 61 81 40 61 76 -1 7 62 48 76 58 81 40 61 76 40 78 92 40 81 -1 -1 -1 104 25 -1 25 -1 40 25 81 58 81 93 76 83 40 -1 88 37 93 18 76 7 7 40 99 25 81 40 93 7 61 
60 5 72 51 55 -1 65 77 51 92 104 13 72 5 92 96 54 65 55 65 51 55 54 109 77 51 74 57 99 85 72 33 60 5 51 -1 54 99 55 63 77 99 51 13 55 54 63 55 55 55 60 -1 35 54 -1 -1 63 51 33 63 5 77 54 5 55 -1 58 55 51 51 72 33 -1 63 54 13 5 -1 -1 85 52 77 55 77 5 51 54 51 81 93 55 55 54 77 60 65 54 13 5 -1 35 5 99 95 72 13 93 5 82 
85 104 104 85 105 105 68 85 85 85 29 105 102 105 85 104 104 68 85 87 85 80 68 109 105 85 85 85 104 -1 104 105 94 105 68 76 105 85 85 105 68 85 85 104 85 68 105 104 85 85 85 85 80 68 85 85 104 85 85 104 85 85 105 105 85 68 85 80 29 85 104 85 104 105 85 87 68 104 85 -1 68 104 85 85 104 29 85 85 94 80 85 85 68 68 68 104 104 68 68 85 85 68 85 80 29 85 89 104 85 
60 52 25 20 103 60 67 25 69 25 68 103 24 44 101 96 59 20 25 87 -1 -1 25 109 20 -1 69 87 44 68 52 101 60 60 25 52 60 25 67 63 34 44 69 44 20 34 63 84 25 67 25 20 -1 25 45 44 59 69 61 21 21 20 25 59 48 67 89 -1 -1 -1 59 40 70 63 69 60 20 25 52 68 -1 61 25 61 52 20 87 67 94 67 44 67 25 20 68 103 84 20 20 52 52 69 69 -1 68 68 89 25 25 
86 -1 104 38 88 1 38 77 28 92 104 38 75 43 57 96 -1 93 57 87 61 44 38 109 28 38 86 57 -1 104 1 43 75 5 28 1 43 38 -1 75 77 28 57 -1 28 16 75 57 38 28 75 38 35 86 43 38 59 -1 61 16 75 -1 38 5 48 38 61 38 104 28 104 77 30 75 43 -1 77 -1 77 104 61 -1 43 61 1 38 -1 75 -1 93 43 38 1 -1 88 38 43 43 1 28 35 1 75 38 -1 28 93 5 16 
60 98 25 25 55 60 25 25 25 25 68 55 36 43 60 96 108 25 55 100 25 55 25 109 34 -1 108 34 43 85 43 36 60 36 25 78 -1 25 55 36 34 43 25 36 55 34 39 55 25 55 25 25 25 25 36 -1 108 55 36 108 36 25 25 100 48 78 58 55 34 80 36 36 78 96 54 55 55 25 55 85 25 43 -1 61 96 25 53 25 55 93 43 36 25 36 98 25 36 55 36 25 36 34 108 25 25 36 93 25 -1 
91 81 91 61 77 77 61 77 61 92 104 91 61 77 92 91 81 61 61 77 61 61 61 109 61 61 69 61 61 85 78 91 91 61 61 77 61 77 91 91 77 61 61 81 61 61 91 61 77 77 61 78 77 61 78 78 61 81 61 61 61 -1 61 91 77 77 61 91 61 61 91 77 78 91 77 81 77 -1 77 85 61 61 61 -1 77 61 81 61 81 93 61 -1 61 77 69 91 61 91 61 77 77 61 61 80 81 61 93 77 61 
104 -1 104 38 13 1 100 52 38 92 104 13 75 -1 92 96 81 76 47 100 44 44 47 109 101 52 74 57 43 104 1 96 60 5 40 1 96 13 13 92 13 43 47 13 13 47 92 -1 52 76 52 100 -1 92 74 44 104 37 40 104 5 81 52 5 52 76 96 80 104 80 104 40 30 96 13 13 13 40 5 104 52 1 96 77 -1 105 81 75 81 96 43 104 1 81 98 37 -1 13 1 52 52 1 99 13 -1 13 96 5 98 
26 81 25 -1 105 105 38 25 38 25 29 105 102 105 27 105 108 20 42 87 3 44 25 109 105 3 -1 26 105 -1 105 105 105 105 3 78 105 38 3 105 34 64 3 105 20 34 105 42 64 38 26 3 25 25 74 38 105 42 42 105 26 20 105 105 -1 38 58 38 105 26 26 26 70 105 26 87 105 25 51 29 20 38 25 61 105 -1 26 3 81 38 44 38 25 20 69 38 105 105 105 38 51 34 26 105 29 -1 89 105 26 
-1 81 53 87 88 60 53 81 87 92 104 81 70 81 27 92 81 53 53 87 81 60 53 109 27 53 0 0 81 85 81 70 60 71 87 81 54 81 81 92 71 81 81 81 90 54 92 53 81 81 26 87 81 -1 53 81 59 81 87 53 0 81 53 59 81 87 90 87 104 87 0 0 70 92 26 81 81 81 54 85 87 -1 53 81 81 26 -1 -1 81 87 -1 70 53 81 87 53 54 53 53 81 60 81 26 81 81 27 89 70 26 
27 81 22 -1 75 58 67 25 -1 25 68 38 75 75 27 96 81 20 75 -1 3 75 8 109 27 3 69 -1 8 85 43 58 27 58 3 100 58 38 3 75 58 28 3 28 20 34 75 75 38 28 25 3 80 86 58 38 59 27 -1 22 75 58 22 100 85 19 58 -1 34 -1 27 27 70 75 69 -1 65 58 51 85 67 75 25 61 75 3 -1 -1 81 67 86 27 27 58 69 65 58 58 22 28 19 69 69 80 81 27 89 25 22 
86 81 76 81 -1 76 81 18 81 98 94 4 4 11 94 73 81 76 4 76 81 76 18 109 12 18 94 81 81 94 81 12 94 97 94 76 81 81 81 12 81 81 18 81 76 18 39 18 81 76 81 42 18 86 45 18 81 81 81 81 81 81 18 94 81 76 81 81 94 94 12 81 70 39 13 81 4 81 81 94 94 -1 55 81 81 81 81 81 -1 93 81 81 81 81 -1 76 81 4 94 81 76 81 12 11 81 11 93 18 81 
57 93 95 38 37 37 67 37 38 37 80 37 75 37 57 96 93 93 37 87 80 80 38 109 93 37 74 57 93 80 43 93 93 66 37 52 93 -1 37 96 37 48 57 37 37 37 96 96 37 38 37 38 37 38 93 38 59 37 66 38 93 66 37 107 48 67 -1 -1 80 80 107 40 93 96 37 37 37 93 93 80 67 93 93 93 96 38 87 67 93 -1 66 38 40 -1 80 37 -1 37 93 37 37 57 99 80 93 37 -1 37 38 
86 43 76 44 76 43 44 43 43 92 104 43 43 43 86 96 81 44 55 87 44 44 86 109 43 44 86 86 43 85 43 43 60 66 43 76 43 43 55 92 43 43 66 -1 -1 54 92 55 43 43 60 44 76 86 43 44 59 81 66 43 43 44 86 43 48 76 -1 87 44 44 86 86 43 92 43 43 44 76 55 85 44 43 43 61 43 44 -1 86 81 66 -1 43 43 43 69 43 43 43 43 43 43 43 86 43 81 43 89 43 59 
70 63 -1 38 24 63 38 38 38 25 104 38 24 38 27 73 63 24 22 100 24 63 2 109 -1 22 70 24 24 85 72 -1 63 31 24 76 31 38 -1 63 34 28 38 28 28 34 63 22 38 38 25 38 99 22 36 38 63 27 33 63 36 24 63 -1 48 38 58 38 24 38 -1 33 70 63 38 24 2 83 55 85 67 38 36 -1 104 38 70 27 81 38 43 -1 28 24 63 2 36 2 22 38 63 24 24 38 2 24 89 63 22 
27 -1 53 25 39 1 53 25 28 -1 68 40 39 40 -1 73 54 28 53 78 61 44 53 109 28 9 74 14 -1 68 1 39 14 5 40 1 54 40 28 -1 -1 28 28 28 28 54 39 84 41 28 25 78 35 -1 -1 44 59 27 40 28 5 -1 53 39 48 78 58 38 40 28 39 40 30 39 54 39 5 40 54 68 25 1 25 61 1 25 53 27 81 40 43 28 -1 54 32 103 54 40 1 28 35 1 39 9 81 28 89 5 53 
60 81 22 20 76 60 17 77 22 98 68 81 24 43 27 96 81 -1 22 100 17 60 17 109 17 22 60 24 81 68 43 36 60 36 24 76 -1 89 81 24 77 81 58 36 20 54 39 22 77 76 60 78 77 22 36 78 59 81 36 22 36 77 22 100 77 17 89 89 17 20 36 77 78 96 54 81 17 -1 77 68 20 -1 36 77 81 20 81 58 81 -1 43 24 54 -1 68 89 36 17 17 77 36 24 24 80 81 24 89 77 22 
60 98 98 68 88 60 68 63 69 98 68 98 88 98 32 98 88 68 69 87 69 60 98 109 68 68 69 32 69 68 98 98 -1 60 68 98 98 69 69 63 68 69 69 88 69 68 63 69 69 98 60 69 80 98 98 69 63 69 69 63 32 69 63 32 85 98 69 80 -1 -1 104 60 98 63 69 60 98 88 60 68 68 88 98 69 98 69 87 69 -1 80 69 63 32 68 -1 98 98 68 -1 69 60 69 69 80 68 68 89 63 98 
70 37 -1 38 76 37 65 37 22 103 104 103 70 37 57 96 59 22 22 65 103 103 2 109 91 22 70 57 99 104 43 70 91 97 25 76 43 -1 37 70 37 48 57 37 37 22 70 22 37 38 25 78 37 22 78 38 59 37 40 22 37 22 22 91 48 -1 89 38 103 103 2 40 70 70 37 37 2 37 65 104 103 38 25 91 37 38 53 65 76 37 43 2 103 89 98 -1 89 2 22 37 37 57 99 -1 2 37 89 37 22 
60 84 104 58 36 60 89 84 43 98 104 84 36 84 60 -1 54 93 84 100 61 60 98 109 36 82 60 60 43 104 43 36 60 36 54 84 -1 89 89 73 58 43 58 36 84 54 73 84 84 43 60 100 84 54 36 82 59 89 36 43 36 58 54 100 84 78 89 89 104 58 36 36 43 15 54 60 84 93 54 104 84 43 36 61 -1 105 54 58 81 -1 43 36 54 36 98 89 -1 84 36 84 36 36 36 84 84 36 89 89 82 
70 13 -1 20 -1 13 17 18 22 98 68 4 4 -1 27 96 45 -1 -1 65 17 44 2 109 17 18 74 24 24 68 43 33 60 -1 24 76 33 13 11 12 13 28 18 13 13 18 39 18 18 76 25 42 18 22 45 18 59 18 33 22 13 20 18 13 48 17 58 17 17 20 2 33 70 39 13 13 2 18 13 68 20 43 55 91 13 105 53 58 4 37 43 2 40 17 68 2 84 -1 17 18 17 24 12 11 2 13 89 13 22 
60 -1 22 20 11 1 17 22 22 -1 68 -1 11 11 92 96 108 -1 22 76 17 59 -1 109 17 9 108 24 22 68 1 36 94 5 24 1 -1 13 11 92 13 28 22 36 76 22 92 22 38 76 25 100 35 22 36 22 59 22 36 22 36 22 22 5 48 76 58 17 17 94 22 33 30 92 13 13 -1 76 5 68 20 1 36 61 1 105 53 22 94 93 43 22 1 17 -1 22 36 17 -1 38 36 1 105 9 22 11 93 5 -1 
102 52 38 38 18 78 38 -1 28 25 80 38 102 37 92 96 59 28 7 78 38 44 38 109 28 7 102 28 -1 85 43 91 63 78 25 52 43 -1 -1 92 37 28 18 28 28 18 92 18 7 28 25 78 -1 38 78 38 59 37 40 28 78 28 7 59 48 78 89 38 80 28 59 40 78 92 37 18 37 7 -1 85 52 28 25 77 52 38 81 28 81 37 43 38 28 77 69 37 84 18 38 -1 7 28 -1 38 81 102 89 7 38 
60 35 76 51 76 60 -1 -1 22 25 68 38 36 76 60 96 63 6 7 -1 17 60 6 109 17 7 60 60 43 85 35 36 60 36 25 -1 -1 7 6 63 58 48 51 36 76 18 63 18 7 76 60 -1 -1 22 36 18 63 18 36 63 -1 22 7 -1 48 6 58 6 17 51 36 60 78 63 54 60 -1 7 35 85 52 35 36 77 52 51 60 19 76 37 43 63 35 36 60 37 36 17 36 7 -1 35 99 80 76 63 89 7 22 
27 -1 70 34 24 1 24 34 42 34 68 98 24 5 -1 96 45 24 42 87 69 80 24 109 -1 34 69 14 24 68 1 -1 14 31 -1 1 31 57 34 24 34 28 -1 28 28 34 39 42 34 28 34 42 35 92 36 42 59 42 42 28 5 24 45 5 85 24 58 80 34 -1 31 33 30 39 69 24 5 40 5 68 69 1 34 61 1 34 81 69 81 57 43 24 1 24 69 57 36 24 1 28 35 -1 24 80 68 24 89 5 69 
26 81 70 85 12 99 99 99 69 50 105 105 -1 105 27 73 108 24 12 87 69 60 99 109 12 50 -1 24 99 85 72 12 105 31 24 99 31 99 99 12 105 99 69 99 99 18 39 18 99 99 26 99 99 74 74 99 70 99 33 70 26 24 99 105 85 99 99 99 105 26 12 26 70 39 26 12 12 99 99 85 69 75 108 61 99 26 26 69 12 99 86 24 39 24 69 99 36 12 105 -1 99 24 -1 105 70 -1 99 70 26 
80 92 95 25 11 13 38 25 38 -1 80 -1 11 11 92 92 80 80 11 95 80 80 25 109 105 9 80 87 92 80 43 105 80 13 25 80 98 95 11 92 13 48 80 13 13 18 92 18 38 38 25 25 80 92 92 38 80 95 40 80 80 80 25 105 48 95 89 80 80 80 95 40 95 92 13 13 11 25 95 80 -1 38 25 80 13 105 81 80 11 80 43 38 9 80 80 -1 84 11 9 38 80 80 105 -1 80 11 89 95 98 
70 81 -1 68 70 76 22 81 22 25 -1 81 70 84 70 96 81 68 22 76 68 70 2 109 68 22 70 70 81 10 72 70 94 70 68 76 70 81 81 70 68 81 81 81 76 68 70 84 81 76 25 68 84 22 53 81 70 81 81 70 70 81 22 70 81 76 81 80 -1 80 -1 70 70 70 84 81 2 81 72 29 68 -1 25 81 -1 29 81 81 81 93 81 2 81 81 68 2 84 2 22 81 76 68 70 80 -1 68 93 70 22 
27 13 70 85 11 13 24 37 28 98 68 -1 24 -1 27 73 63 24 11 100 24 44 24 109 -1 34 85 24 24 85 43 -1 63 31 24 76 31 13 11 63 13 28 85 13 13 34 63 84 38 28 85 85 80 24 36 38 63 27 33 63 13 24 63 -1 85 76 58 38 -1 80 31 33 70 63 13 13 13 40 13 85 68 28 36 61 13 -1 27 27 11 37 43 24 28 24 68 37 36 13 11 102 63 24 -1 11 68 -1 89 63 63 
89 93 95 89 89 89 89 89 89 89 89 89 89 89 89 96 93 93 89 89 89 89 89 109 93 89 89 89 93 89 89 93 93 89 89 89 93 89 89 96 89 89 89 89 89 89 96 96 89 89 89 89 89 89 93 89 89 89 89 89 93 89 89 107 89 89 89 89 89 89 107 89 93 96 89 89 89 93 93 89 89 93 93 93 96 89 89 89 93 -1 89 89 89 89 89 89 89 89 93 89 89 89 99 89 93 89 -1 89 89 
70 5 70 25 18 -1 38 -1 38 25 104 13 70 5 63 73 63 76 7 100 25 60 18 109 70 7 70 57 63 104 5 70 63 5 25 5 60 -1 37 63 13 48 18 13 13 18 63 18 7 38 25 78 7 22 78 18 63 37 33 63 5 77 7 -1 48 76 89 38 104 38 -1 33 70 63 13 13 5 7 5 104 25 5 25 77 5 105 70 25 18 37 43 63 5 77 63 37 89 13 5 7 7 5 70 95 70 63 89 -1 63 
26 98 22 25 22 63 22 22 22 98 68 98 70 74 27 96 -1 22 22 65 22 59 -1 109 22 22 -1 26 59 85 98 70 63 61 25 98 82 38 22 63 34 59 22 59 59 16 63 22 38 38 26 25 22 22 45 82 59 22 61 -1 26 22 22 59 85 22 61 22 22 26 59 26 70 63 26 22 98 61 82 85 25 16 -1 61 98 26 26 22 81 38 59 22 53 22 98 22 82 22 -1 38 22 69 26 98 22 63 89 63 -1 
