50
39 47
-1 37 29 37 37 37 12 41 37 12 15 41 -1 34 34 12 37 37 37 -1 41 37 41 37 48 42 29 37 15 12 41 37 41 34 19 37 37 -1 48 15 15 -1 12 37 41 41 42 48 -1 12 
37 -1 29 4 -1 30 49 49 22 49 36 49 49 36 22 40 4 4 36 29 40 49 16 4 49 49 4 49 40 26 26 16 16 31 36 36 -1 16 49 17 36 17 49 16 49 22 49 49 16 -1 
29 29 -1 29 29 31 29 31 31 29 31 29 29 31 31 29 31 31 29 29 31 31 31 31 31 33 29 31 31 -1 29 -1 31 31 29 29 31 29 44 31 31 29 29 31 31 31 31 31 29 29 
37 4 29 -1 -1 35 23 24 23 23 18 18 37 18 18 18 4 4 -1 29 28 37 16 -1 23 18 4 18 18 26 26 16 16 18 18 18 18 23 24 18 36 17 26 16 22 23 18 24 16 4 
37 -1 29 -1 -1 30 23 22 22 41 18 29 29 18 22 37 -1 -1 3 29 31 37 16 3 23 42 -1 22 39 26 26 16 16 31 18 18 1 16 42 17 22 17 26 16 22 22 31 22 16 1 
37 30 31 35 30 -1 20 44 37 20 28 20 28 28 28 28 32 31 35 29 -1 28 44 37 37 43 30 30 -1 20 -1 20 -1 31 28 -1 32 35 44 28 20 32 28 20 -1 44 44 43 32 28 
12 49 29 23 23 20 -1 24 23 -1 45 9 9 45 45 11 37 37 23 12 11 37 45 -1 23 42 23 11 15 11 27 45 41 45 45 37 23 23 49 15 45 9 12 37 11 -1 42 24 23 9 
41 49 31 24 22 44 24 -1 22 49 22 27 42 22 22 22 22 31 22 48 31 49 -1 24 -1 47 42 22 22 27 27 22 22 22 22 22 22 22 -1 22 22 22 38 22 22 22 22 -1 24 -1 
37 22 31 23 22 37 23 22 -1 23 22 27 37 22 22 37 22 37 22 48 31 37 -1 -1 23 22 22 22 22 37 27 22 22 22 22 37 22 -1 48 37 22 22 37 22 22 22 22 22 -1 22 
12 49 29 23 41 20 -1 49 23 -1 15 -1 -1 27 41 11 37 41 15 12 11 49 41 6 23 42 29 11 15 11 27 20 41 31 15 37 49 12 49 15 49 -1 12 20 11 6 42 49 12 -1 
15 36 31 18 18 28 45 22 22 15 -1 15 15 -1 13 -1 22 31 -1 34 15 27 -1 18 22 14 18 13 13 15 26 22 13 14 -1 18 18 15 22 15 15 22 15 22 22 22 13 22 22 22 
41 49 29 18 29 20 9 27 27 -1 15 -1 9 27 27 -1 27 41 15 29 -1 27 27 9 23 43 29 -1 15 -1 27 20 20 31 15 20 40 15 44 15 15 -1 12 20 -1 9 44 27 29 9 
-1 49 29 37 29 28 9 42 37 -1 15 9 -1 15 42 -1 37 37 15 0 11 37 15 37 37 42 29 11 15 -1 29 29 37 42 15 37 37 -1 42 15 15 0 -1 37 11 9 42 42 0 9 
34 36 31 18 18 28 45 22 22 27 -1 27 15 -1 -1 10 22 31 -1 34 28 27 -1 18 22 14 18 -1 -1 26 27 22 -1 14 -1 18 18 15 22 18 22 22 46 22 22 22 -1 22 22 22 
34 22 31 18 22 28 45 22 22 41 13 27 42 -1 -1 13 22 31 13 34 28 27 -1 22 22 -1 18 13 13 34 27 22 13 -1 -1 18 18 22 22 18 22 22 25 22 22 22 13 25 22 22 
12 40 29 18 37 28 11 22 37 11 -1 -1 -1 10 13 -1 37 37 10 12 11 28 10 37 37 42 18 11 -1 11 27 20 13 14 10 28 40 -1 42 -1 -1 11 12 37 11 22 13 22 12 40 
37 4 31 4 -1 32 37 22 22 37 22 27 37 22 22 37 -1 4 36 48 31 37 -1 37 48 43 4 22 22 26 32 -1 -1 31 22 37 -1 -1 48 17 22 22 26 -1 22 22 31 22 -1 4 
37 4 31 4 -1 31 37 31 37 41 31 41 37 31 31 37 4 -1 39 37 31 37 31 37 37 33 4 31 39 26 26 -1 31 31 31 37 4 -1 44 -1 31 -1 26 37 31 31 31 31 16 4 
37 36 29 -1 3 35 23 22 22 15 -1 15 15 -1 13 10 36 39 -1 29 28 27 10 3 23 14 -1 13 13 26 26 22 13 14 10 -1 -1 35 42 -1 36 22 26 22 22 22 13 22 36 36 
-1 29 29 29 29 29 12 48 48 12 34 29 0 34 34 12 48 37 29 -1 29 37 34 37 48 34 29 29 34 -1 29 29 34 34 -1 37 48 0 48 15 15 0 12 37 29 34 34 48 -1 48 
41 40 31 28 31 -1 11 31 31 11 15 -1 11 28 28 11 31 31 28 29 -1 28 31 43 31 43 29 11 -1 11 5 -1 -1 31 28 5 40 43 44 28 -1 11 28 -1 -1 31 31 43 31 40 
37 49 31 37 37 28 37 49 37 49 27 27 37 27 27 28 37 37 27 37 28 -1 27 37 37 42 42 -1 -1 27 27 27 43 31 27 28 37 -1 42 28 28 27 -1 -1 28 27 42 42 37 -1 
41 16 31 16 16 44 45 -1 -1 41 -1 27 15 -1 -1 10 -1 31 10 34 31 27 -1 8 7 14 16 -1 13 27 27 -1 13 14 10 18 16 8 7 15 -1 -1 25 -1 -1 -1 13 7 8 7 
37 4 31 -1 3 37 -1 24 -1 6 18 9 37 18 22 37 37 37 3 37 43 37 8 -1 -1 43 4 22 37 37 26 22 37 22 18 37 18 -1 24 18 22 9 37 37 22 6 18 24 8 9 
48 49 31 23 23 37 23 -1 23 23 22 23 37 22 22 37 48 37 23 48 31 37 7 -1 -1 47 23 22 22 48 27 22 48 47 48 37 48 23 7 23 22 22 38 22 22 22 22 -1 -1 7 
42 49 33 18 42 43 42 47 22 42 14 43 42 14 -1 42 43 33 14 34 43 42 14 43 47 -1 42 14 14 42 42 33 43 -1 14 43 43 43 42 18 22 22 -1 -1 22 22 42 -1 42 42 
29 4 29 4 -1 30 23 42 22 29 18 29 29 18 18 18 4 4 -1 29 29 42 16 4 23 42 -1 30 18 -1 -1 16 30 42 18 18 18 16 42 18 36 17 -1 16 29 22 42 42 16 42 
37 49 31 18 22 30 11 22 22 11 13 -1 11 -1 13 11 22 31 13 29 11 -1 -1 22 22 14 30 -1 13 11 -1 -1 13 31 13 18 18 21 22 15 22 11 21 21 11 22 13 22 22 21 
15 40 31 18 39 -1 15 22 22 15 13 15 15 -1 13 -1 22 39 13 34 -1 -1 13 37 22 14 18 13 -1 15 5 20 5 14 13 -1 40 15 44 -1 -1 15 21 20 -1 22 13 22 44 21 
12 26 -1 26 26 20 11 27 37 11 15 -1 -1 26 34 11 26 26 26 -1 11 27 27 37 48 42 -1 11 15 -1 26 2 20 31 19 26 26 12 42 15 15 11 12 20 11 11 31 42 19 11 
41 26 29 26 26 -1 27 27 27 27 26 27 29 27 27 27 32 26 26 29 5 27 27 26 27 42 -1 -1 5 26 -1 27 -1 31 27 5 26 27 42 26 20 32 26 32 5 27 27 27 32 27 
37 16 -1 16 16 20 45 22 22 20 22 20 29 22 22 20 -1 -1 22 29 -1 27 -1 22 22 33 16 -1 20 2 27 -1 -1 -1 22 20 16 16 44 17 20 17 46 16 -1 22 -1 22 16 22 
41 16 31 16 16 -1 41 22 22 41 13 20 37 -1 13 13 -1 31 13 34 -1 43 13 37 48 43 30 13 5 20 -1 -1 -1 31 13 5 16 16 44 18 20 -1 30 -1 5 22 13 43 16 40 
34 31 31 18 31 31 45 22 22 31 14 31 42 14 -1 14 31 31 14 34 31 31 14 22 47 -1 42 31 14 31 31 -1 31 -1 14 18 31 31 42 31 22 22 25 25 31 22 31 25 31 42 
19 36 29 18 18 28 45 22 22 15 -1 15 15 -1 -1 10 22 31 10 -1 28 27 10 18 48 14 18 13 13 19 27 22 13 14 -1 18 18 15 48 15 15 19 25 22 22 22 13 25 19 22 
37 36 29 18 18 -1 37 22 37 37 18 20 37 18 18 28 37 37 -1 37 5 28 18 37 37 43 18 18 -1 26 5 20 5 18 18 -1 18 -1 44 18 28 32 26 37 5 22 18 37 37 28 
37 -1 31 18 1 32 23 22 22 49 18 40 37 18 18 40 -1 4 -1 48 40 37 16 18 48 43 18 18 40 26 26 16 16 31 18 18 -1 16 48 18 -1 22 26 16 22 22 18 22 16 1 
-1 16 29 23 16 35 23 22 -1 12 15 15 -1 15 22 -1 -1 -1 35 0 43 -1 8 -1 23 43 16 21 15 12 27 16 16 31 15 -1 16 -1 42 15 15 0 12 -1 15 22 31 24 0 21 
48 49 44 24 42 44 49 -1 48 49 22 44 42 22 22 42 48 44 42 48 44 42 7 24 7 42 42 22 44 42 42 44 44 42 48 44 48 42 -1 44 49 22 -1 22 -1 22 42 7 -1 -1 
15 17 31 18 17 28 15 22 37 15 15 15 15 18 18 -1 17 -1 -1 15 28 28 15 18 23 18 18 15 -1 15 26 17 18 31 15 18 18 15 44 -1 15 17 15 28 28 22 18 22 15 28 
15 36 31 36 22 20 45 22 22 49 15 15 15 22 22 -1 22 31 36 15 -1 28 -1 22 22 22 36 22 -1 15 20 20 20 22 15 28 -1 15 49 15 -1 22 49 20 20 22 22 22 22 -1 
-1 17 29 17 17 32 9 22 22 -1 22 -1 0 22 22 11 22 -1 22 0 11 27 -1 9 22 22 17 11 15 11 32 17 -1 22 19 32 22 0 22 17 22 -1 12 22 11 22 22 22 0 9 
12 49 29 26 26 28 12 38 37 12 15 12 -1 46 25 12 26 26 26 12 28 -1 25 37 38 -1 -1 21 21 12 26 46 30 25 25 26 26 12 -1 15 49 12 -1 21 38 12 -1 25 38 -1 
37 16 31 16 16 20 37 22 22 20 22 20 37 22 22 37 -1 37 22 37 -1 -1 -1 37 22 -1 16 21 20 20 32 16 -1 25 22 37 16 -1 22 28 20 22 21 -1 20 22 22 25 16 21 
41 49 31 22 22 -1 11 22 22 11 22 -1 11 22 22 11 22 31 22 29 -1 28 -1 22 22 22 29 11 -1 11 5 -1 5 31 22 5 22 15 -1 28 20 11 38 20 -1 22 -1 22 38 38 
41 22 31 23 22 44 -1 22 22 6 22 9 9 22 22 22 22 31 22 34 31 27 -1 6 22 22 22 22 22 11 27 22 22 22 22 22 22 22 22 22 22 22 12 22 22 -1 22 22 22 9 
42 49 31 18 31 44 42 22 22 42 13 44 42 -1 13 13 31 31 13 34 31 42 13 18 22 42 42 13 13 31 27 -1 13 31 13 18 18 31 42 18 22 22 -1 22 -1 22 -1 42 31 42 
48 49 31 24 22 43 24 -1 22 49 22 27 42 22 25 22 22 31 22 48 43 42 7 24 -1 -1 42 22 22 42 27 22 43 25 25 37 22 24 7 22 22 22 25 25 22 22 42 -1 24 7 
-1 16 29 16 16 32 23 24 -1 12 22 29 0 22 22 12 -1 16 36 -1 31 37 8 8 -1 42 16 22 44 19 32 16 16 31 19 37 16 0 -1 15 22 0 38 16 38 22 31 24 -1 38 
12 -1 29 4 1 28 9 -1 22 -1 22 9 9 22 22 40 4 4 36 48 40 -1 7 9 7 42 42 21 21 11 27 22 40 42 22 28 1 21 -1 28 -1 9 -1 21 38 9 42 7 38 -1 
