70
14 29
-1 11 11 17 33 20 51 17 33 48 48 -1 37 65 55 33 17 -1 17 17 11 67 65 51 60 59 33 48 33 69 37 11 33 -1 48 43 17 17 20 19 51 20 33 33 65 17 37 11 -1 61 11 17 65 11 17 11 48 19 33 -1 59 59 65 17 43 -1 33 48 65 33 
11 -1 -1 2 3 18 63 16 27 -1 27 2 37 30 55 55 9 37 3 37 11 27 30 64 30 37 55 9 30 69 -1 52 55 42 48 63 3 -1 46 30 52 27 30 55 63 2 37 2 9 63 2 52 -1 2 64 -1 37 64 53 2 30 46 45 -1 -1 52 63 52 37 2 
11 -1 -1 -1 3 18 59 16 4 1 50 -1 37 62 55 50 9 3 3 50 11 47 30 47 30 59 4 9 4 69 1 11 58 69 69 47 3 1 20 50 18 20 20 47 36 -1 37 -1 9 61 -1 17 1 -1 20 1 50 50 53 -1 47 59 45 1 1 3 36 52 50 -1 
17 2 -1 -1 -1 18 26 17 4 2 27 2 37 65 26 27 17 -1 -1 17 36 27 8 47 22 37 4 18 4 69 53 52 33 4 36 44 -1 17 8 19 18 27 52 33 36 2 37 2 17 26 2 17 -1 -1 17 2 40 19 4 2 28 18 4 2 2 -1 36 52 18 2 
33 3 3 -1 -1 18 26 51 -1 27 27 3 37 28 26 33 17 3 3 17 36 22 8 51 22 26 -1 8 -1 69 28 52 33 -1 36 43 3 17 8 28 18 22 28 33 36 62 38 3 33 26 3 8 3 3 26 26 27 58 -1 3 28 54 -1 26 43 3 33 27 18 33 
20 18 18 18 18 -1 51 51 27 27 27 20 68 36 54 27 54 18 -1 18 -1 27 41 51 41 54 54 18 36 69 42 20 42 42 36 68 20 61 20 19 18 20 20 38 36 18 61 18 19 61 19 18 18 18 20 20 40 19 18 61 38 -1 51 69 54 18 36 27 18 18 
51 63 59 26 26 51 -1 51 22 63 25 51 37 22 26 25 63 51 51 51 41 22 -1 51 22 -1 -1 22 22 69 22 52 25 26 51 63 51 25 51 22 51 22 30 51 63 51 37 37 51 -1 25 -1 51 30 25 25 51 22 26 25 25 49 51 -1 25 22 51 63 51 63 
17 16 16 17 51 51 51 -1 51 16 48 17 37 62 51 48 -1 16 51 17 44 44 51 51 51 51 51 16 44 69 16 52 66 17 51 44 44 17 51 51 51 27 52 44 -1 16 51 44 16 51 19 -1 16 17 16 67 51 54 51 17 51 54 51 16 51 44 44 44 44 51 
33 27 4 4 -1 27 22 51 -1 27 27 38 37 22 26 27 27 51 27 27 38 22 -1 51 22 22 4 -1 4 69 22 52 33 4 38 22 4 30 -1 22 51 22 28 38 51 27 38 51 27 22 27 -1 51 4 26 43 27 22 4 4 38 46 4 22 43 4 51 27 27 27 
48 -1 1 2 27 27 63 16 27 -1 27 2 37 62 55 27 -1 16 27 48 41 27 27 64 27 37 54 -1 30 69 1 52 27 48 48 27 48 1 27 27 27 27 30 55 16 -1 27 2 -1 61 2 16 1 2 16 1 27 48 27 2 41 54 45 1 1 48 35 27 27 2 
48 27 50 27 27 27 25 48 27 27 -1 48 56 57 54 -1 48 46 27 48 54 27 27 64 27 15 54 -1 27 69 46 68 15 32 48 27 48 46 46 27 56 27 54 46 67 27 -1 46 -1 61 -1 27 46 50 -1 15 -1 54 32 25 25 46 27 48 54 48 32 27 50 27 
-1 2 -1 2 3 20 51 17 38 2 48 -1 37 65 55 55 17 -1 3 17 -1 67 41 47 41 59 54 41 36 69 2 -1 33 0 36 47 20 17 20 19 51 20 20 55 36 2 37 2 0 61 2 17 31 2 20 -1 37 19 53 -1 38 59 45 2 2 0 36 55 31 2 
37 37 37 37 37 68 37 37 37 37 56 37 -1 68 55 37 37 37 68 37 37 68 37 47 37 37 37 56 37 69 37 68 37 37 46 68 37 -1 46 56 56 46 37 68 68 37 37 37 56 37 68 37 37 37 37 37 -1 37 53 37 37 46 68 37 37 68 68 52 -1 68 
65 30 62 65 28 36 22 62 22 62 57 65 68 -1 58 60 57 57 57 57 36 22 -1 60 22 60 22 67 -1 69 22 65 58 28 36 22 28 30 60 28 39 22 28 60 65 62 41 60 67 22 57 62 65 30 57 67 40 -1 57 60 -1 57 -1 67 57 -1 60 -1 65 67 
55 55 55 26 26 54 26 51 26 55 54 55 55 58 -1 55 54 55 26 58 54 67 26 51 26 26 -1 67 26 69 55 55 58 26 51 55 26 55 55 28 51 26 28 55 67 55 54 55 67 26 54 26 55 58 26 -1 54 58 -1 55 26 54 26 26 54 26 58 55 55 33 
33 55 50 27 33 27 25 48 27 27 -1 55 37 60 55 -1 48 37 27 48 54 27 25 60 60 -1 25 10 60 69 37 55 -1 32 48 55 66 25 46 66 56 27 33 55 67 27 10 37 10 25 10 25 37 58 10 -1 10 54 32 25 25 46 33 25 25 33 32 55 50 33 
17 9 9 17 17 54 63 -1 27 -1 48 17 37 57 54 48 -1 -1 17 17 54 27 63 51 60 54 54 9 52 69 9 52 33 17 48 63 17 17 48 19 51 27 52 63 7 9 37 37 -1 61 19 7 -1 17 -1 9 48 54 57 17 54 54 45 -1 54 52 63 48 52 63 
-1 37 3 -1 3 18 51 16 51 16 46 -1 37 57 55 37 -1 -1 3 -1 11 39 37 51 37 37 4 16 4 69 37 11 33 0 51 47 3 -1 51 19 51 20 20 33 16 -1 37 37 0 51 19 -1 3 3 16 11 37 19 4 0 37 46 45 16 37 0 36 48 18 3 
17 3 3 -1 3 -1 51 51 27 27 27 3 68 57 26 27 17 3 -1 -1 5 27 27 51 27 51 4 -1 4 69 53 68 69 69 51 68 3 17 51 19 -1 27 20 51 36 3 27 3 19 51 19 -1 3 3 20 67 40 19 4 3 41 5 51 69 51 3 36 27 -1 -1 
17 37 50 17 17 18 51 17 27 48 48 17 37 57 58 48 17 -1 -1 -1 17 39 39 51 39 37 57 18 39 69 37 17 58 17 48 39 17 17 48 -1 18 27 39 33 67 17 37 37 -1 51 -1 17 17 17 57 17 40 -1 57 17 39 18 45 17 57 17 39 48 18 18 
11 11 11 36 36 -1 41 44 38 41 54 -1 37 36 54 54 54 11 5 17 -1 41 41 51 41 54 54 41 36 69 42 11 42 42 36 43 -1 17 -1 36 18 -1 -1 38 36 11 38 11 11 61 11 38 42 11 -1 11 54 54 57 11 38 5 51 44 54 11 36 41 18 11 
67 27 47 27 22 27 22 44 22 27 27 67 68 22 67 27 27 39 27 39 41 -1 -1 47 22 22 22 -1 39 69 22 47 66 43 67 -1 39 30 22 -1 39 22 30 35 35 27 27 35 67 22 27 22 67 30 27 67 27 22 22 25 22 27 22 35 43 22 35 -1 35 27 
65 30 30 8 8 41 -1 51 -1 27 27 41 37 -1 26 25 63 37 27 39 41 -1 -1 51 -1 6 6 8 13 69 -1 41 25 8 38 21 28 30 8 21 39 -1 30 35 35 62 41 35 67 6 27 6 30 30 25 30 27 13 8 25 13 46 13 6 25 13 35 13 35 63 
51 64 47 47 51 51 51 51 51 64 64 47 47 60 51 60 51 51 51 51 51 47 51 -1 60 60 51 51 60 69 47 47 66 64 51 47 66 47 51 66 51 60 52 64 47 47 47 -1 51 51 47 -1 51 47 64 64 51 60 66 47 -1 64 51 47 -1 52 -1 52 47 47 
60 30 30 22 22 41 22 51 22 27 27 41 37 22 26 60 60 37 27 39 41 22 -1 60 -1 60 22 22 60 69 22 60 66 22 60 22 60 30 60 22 39 22 30 60 35 62 41 60 60 22 27 22 30 30 60 30 27 22 22 60 -1 46 22 22 60 22 60 22 35 60 
59 37 59 37 26 54 -1 51 22 37 15 59 37 60 26 -1 54 37 51 37 54 22 6 60 60 -1 6 15 60 69 37 47 15 32 51 47 54 -1 60 60 51 60 37 64 63 37 37 37 15 6 15 6 37 37 -1 15 15 54 32 -1 -1 54 51 6 -1 52 60 52 37 59 
33 55 4 4 -1 54 -1 51 4 54 54 54 37 22 -1 25 54 4 4 57 54 22 6 51 22 6 -1 8 4 69 22 52 33 4 51 63 4 25 8 28 51 22 28 33 63 62 54 4 54 6 54 6 4 4 -1 14 54 54 4 25 25 54 4 6 54 4 33 55 18 33 
48 9 9 18 8 18 22 16 -1 -1 -1 41 56 67 67 10 9 16 -1 18 41 -1 8 51 22 15 8 -1 8 69 9 67 15 8 38 21 18 9 8 21 18 -1 41 35 67 9 10 35 9 22 10 8 67 18 10 67 10 19 8 9 41 18 8 67 9 18 35 -1 18 18 
33 30 4 4 -1 36 22 44 4 30 27 36 37 -1 26 60 52 4 4 39 36 39 13 60 60 60 4 8 -1 69 -1 52 33 4 36 39 -1 30 60 -1 39 60 -1 33 36 62 37 37 36 22 39 8 42 30 26 30 40 13 4 60 -1 36 4 30 30 13 36 13 65 33 
69 69 69 69 69 69 69 69 69 69 69 69 69 69 69 69 69 69 69 69 69 69 69 69 69 69 69 69 69 -1 69 69 69 69 69 69 69 69 69 69 69 69 69 69 69 69 69 69 69 69 69 69 69 69 69 69 69 69 69 69 69 69 69 69 69 69 69 69 69 -1 
37 -1 1 53 28 42 22 16 22 1 46 2 37 22 55 37 9 37 53 37 42 22 -1 47 22 37 22 9 -1 69 -1 47 42 42 36 22 28 -1 22 28 39 22 -1 42 36 2 37 37 9 22 2 22 1 -1 37 1 37 22 53 2 28 46 22 1 1 22 36 22 37 2 
11 52 11 52 52 20 52 52 52 52 68 -1 68 65 55 55 52 11 68 17 11 47 41 47 60 47 52 67 52 69 47 -1 33 11 52 47 20 47 20 19 52 20 52 47 47 11 47 -1 11 52 68 52 -1 11 20 11 68 19 52 11 47 59 52 47 47 52 47 52 -1 11 
33 55 58 33 33 42 25 66 33 27 15 33 37 58 58 -1 33 33 69 58 42 66 25 66 66 15 33 15 33 69 42 33 -1 -1 66 66 66 25 43 66 66 66 33 33 66 33 15 66 15 25 15 66 42 58 15 15 15 58 -1 25 66 46 33 66 25 33 -1 55 66 33 
-1 42 69 4 -1 42 26 17 4 48 32 0 37 28 26 32 17 0 69 17 42 43 8 64 22 32 4 8 4 69 42 11 -1 -1 69 43 4 17 43 28 69 42 -1 -1 43 17 43 43 0 26 69 8 42 4 26 43 32 58 4 0 28 59 4 69 43 0 32 48 43 -1 
48 48 69 36 36 36 51 51 38 48 48 36 46 36 51 48 48 51 51 48 36 67 38 51 60 51 51 38 36 69 36 52 66 69 -1 43 -1 46 -1 36 51 36 36 38 36 48 38 51 -1 51 48 -1 51 36 36 43 48 48 36 48 38 46 51 69 43 36 36 48 51 -1 
43 63 47 44 43 68 63 44 22 27 27 47 68 22 55 55 63 47 68 39 43 -1 21 47 22 47 63 21 39 69 22 47 66 43 43 -1 44 47 43 21 39 22 43 -1 -1 47 43 -1 63 63 68 43 47 47 63 43 68 22 66 47 66 46 65 -1 43 44 -1 21 -1 63 
17 3 3 -1 3 20 51 44 4 48 48 20 37 28 26 66 17 3 3 17 -1 39 28 66 60 54 4 18 -1 69 28 20 66 4 -1 44 -1 17 20 28 18 20 20 38 -1 3 38 3 34 51 3 34 3 3 20 20 40 28 4 3 28 20 4 44 54 3 -1 44 18 34 
17 -1 1 17 17 61 25 17 30 1 46 17 -1 30 55 25 17 -1 17 17 17 30 30 47 30 -1 25 9 30 69 -1 47 25 17 46 47 17 -1 46 19 51 46 30 46 47 17 -1 -1 9 25 2 17 -1 30 25 1 12 19 53 25 25 46 45 1 1 52 47 52 12 2 
20 46 20 8 8 20 51 51 -1 27 46 20 46 60 55 46 48 51 51 48 -1 22 8 51 60 60 8 8 60 69 22 20 43 43 -1 43 20 46 -1 51 51 20 20 -1 36 51 -1 43 34 51 46 -1 51 8 20 43 46 54 8 20 -1 46 51 43 43 52 60 27 43 34 
19 30 50 19 28 19 22 51 22 27 27 19 56 28 28 66 19 19 19 -1 36 -1 21 66 22 60 28 21 -1 69 28 19 66 28 36 21 28 19 51 -1 -1 22 28 35 35 19 27 35 19 22 19 40 42 30 57 67 40 19 28 19 28 19 28 35 66 28 -1 21 19 19 
51 52 18 18 18 18 51 51 51 27 56 51 56 39 51 56 51 51 -1 18 18 39 39 51 39 51 51 18 39 69 39 52 66 69 51 39 18 51 51 -1 -1 27 39 51 51 51 51 51 19 51 19 -1 51 18 56 51 -1 19 18 18 39 18 51 51 51 18 39 27 18 18 
20 27 20 27 22 20 22 27 22 27 27 20 46 22 26 27 27 20 27 27 -1 22 -1 60 22 60 22 -1 60 69 22 20 66 42 36 22 20 46 20 22 27 -1 20 38 36 27 -1 46 27 22 27 22 42 30 20 20 27 22 22 20 -1 46 22 22 54 22 60 27 27 27 
33 30 20 52 28 20 30 52 28 30 54 20 37 28 28 33 52 20 20 39 -1 30 30 52 30 37 28 41 -1 69 -1 52 33 -1 36 43 20 30 20 28 39 20 -1 33 36 20 37 37 33 30 20 52 -1 30 20 20 37 28 28 20 28 20 28 30 30 52 33 52 52 33 
33 55 47 33 33 38 51 44 38 55 46 55 68 60 55 55 63 33 51 33 38 35 35 64 60 64 33 35 33 69 42 47 33 -1 38 -1 38 46 -1 35 51 38 33 -1 35 33 38 35 33 51 68 38 42 33 64 -1 46 64 33 33 38 46 33 35 -1 33 35 55 35 33 
65 63 36 36 36 36 63 -1 51 16 67 36 68 65 67 67 7 16 36 67 36 35 35 47 35 63 63 67 36 69 36 47 66 43 36 -1 -1 47 36 35 51 36 36 35 -1 65 38 35 67 63 68 7 65 36 16 67 51 65 36 65 36 36 65 -1 43 -1 35 -1 35 63 
17 2 -1 2 62 18 51 16 27 -1 27 2 37 62 55 27 9 -1 3 17 11 27 62 47 62 37 62 9 62 69 2 11 33 17 48 47 3 17 51 19 51 27 20 33 65 -1 37 2 9 51 2 17 2 2 16 2 27 19 53 2 62 59 -1 2 2 62 36 27 50 2 
37 37 37 37 38 61 37 51 38 27 -1 37 37 41 54 10 37 37 27 37 38 27 41 47 41 37 54 10 37 69 37 47 15 43 38 43 38 -1 -1 27 51 -1 37 38 38 37 -1 37 10 61 10 38 37 37 10 15 10 54 32 61 38 -1 51 37 37 52 60 27 37 38 
11 2 -1 2 3 18 37 44 51 2 46 2 37 60 55 37 37 37 3 37 11 35 35 -1 60 37 4 35 37 69 37 -1 66 43 51 -1 3 -1 43 35 51 46 37 35 35 2 37 -1 9 37 2 23 31 2 37 2 37 37 53 2 23 46 45 35 23 3 23 35 31 2 
-1 9 9 17 33 19 51 16 27 -1 -1 0 56 67 67 10 -1 0 19 -1 11 67 67 51 60 15 54 9 36 69 9 11 15 0 -1 63 34 9 34 19 19 27 33 33 67 9 10 9 -1 51 10 34 16 9 10 67 10 19 57 0 38 46 45 16 9 0 36 -1 19 34 
61 63 61 26 26 61 -1 51 22 61 61 61 37 22 26 25 61 51 51 51 61 22 6 51 22 6 6 22 22 69 22 52 25 26 51 63 51 25 51 22 51 22 30 51 63 51 61 37 51 -1 61 6 51 30 61 25 51 61 26 61 25 -1 51 6 25 22 51 63 51 63 
11 2 -1 2 3 19 25 19 27 2 -1 2 68 57 54 10 19 19 19 -1 11 27 27 47 27 15 54 10 39 69 2 68 15 69 48 68 3 2 46 19 19 27 20 68 68 2 10 2 10 61 -1 19 2 2 10 2 10 19 53 2 25 46 45 2 2 68 39 27 -1 2 
17 52 17 17 8 18 -1 -1 -1 16 27 17 37 62 26 25 7 -1 -1 17 38 22 6 -1 22 6 6 8 8 69 22 52 66 8 -1 43 34 17 -1 40 -1 22 52 38 7 17 38 23 34 6 19 -1 -1 17 16 17 40 19 8 17 23 18 -1 6 23 52 23 52 18 18 
65 -1 1 -1 3 18 51 16 51 1 46 31 37 65 55 37 -1 3 3 17 42 67 30 51 30 37 4 67 42 69 1 -1 42 42 51 47 3 -1 51 42 51 42 -1 42 65 2 37 31 16 51 2 -1 -1 3 16 1 37 54 4 2 37 46 51 1 1 -1 36 -1 31 2 
11 2 -1 -1 3 18 30 17 4 2 50 2 37 30 58 58 17 3 3 17 11 30 30 47 30 37 4 18 30 69 -1 11 58 4 36 47 3 30 8 30 18 30 30 33 36 2 37 2 9 30 2 17 3 -1 58 2 37 58 -1 2 30 59 4 2 2 3 36 52 18 2 
17 64 20 17 26 20 25 16 26 16 -1 20 37 57 26 10 -1 16 20 57 -1 27 25 64 60 -1 -1 10 26 69 37 20 15 26 36 63 20 25 20 57 56 20 20 64 16 16 10 37 10 61 10 16 16 58 -1 15 10 -1 57 25 25 -1 26 16 -1 52 36 27 50 63 
11 -1 1 2 26 20 25 67 43 1 15 -1 37 67 -1 -1 9 11 67 17 11 67 30 64 30 15 14 67 30 69 1 11 15 43 43 43 20 1 43 67 51 20 20 -1 67 2 15 2 67 25 2 17 1 2 15 -1 15 58 14 11 25 59 67 1 1 11 32 -1 31 2 
48 37 50 40 27 40 51 51 27 27 -1 37 -1 40 54 10 48 37 40 40 54 27 27 51 27 15 54 10 40 69 37 68 15 32 48 68 40 12 46 40 -1 27 37 46 51 27 10 37 10 51 10 40 37 37 10 15 -1 54 32 25 25 46 51 37 54 68 40 27 12 40 
19 64 50 19 58 19 22 54 22 48 54 19 37 -1 58 54 54 19 19 -1 54 22 13 60 22 54 54 19 13 69 22 19 58 58 48 22 28 19 54 19 19 22 28 64 65 19 54 37 19 61 19 19 54 58 -1 58 54 -1 -1 54 13 54 13 54 54 13 39 13 19 19 
33 53 53 4 -1 18 26 51 4 27 32 53 53 57 -1 32 57 4 4 57 57 22 8 66 22 32 4 8 4 69 53 52 -1 4 36 66 4 53 8 28 18 22 28 33 36 53 32 53 57 26 53 8 4 -1 57 14 32 -1 -1 53 28 57 4 26 57 4 32 55 18 33 
-1 2 -1 2 3 61 25 17 4 2 25 -1 37 60 55 25 17 0 3 17 11 25 25 47 60 -1 25 9 60 69 2 11 25 0 48 47 3 25 20 19 18 20 20 33 65 2 61 2 0 61 2 17 2 2 25 11 25 54 53 -1 25 -1 45 2 25 0 60 48 31 2 
59 30 47 28 28 38 25 51 38 41 25 38 37 -1 26 25 54 37 41 39 38 22 13 -1 -1 -1 25 41 -1 69 28 47 66 28 38 66 28 25 -1 28 39 -1 28 38 36 62 38 23 38 25 25 23 37 30 25 25 25 13 28 25 -1 46 13 25 23 13 -1 13 65 38 
59 46 59 18 54 -1 49 54 46 54 46 59 46 57 54 46 54 46 5 18 5 27 46 64 46 54 54 18 36 69 46 59 46 59 46 46 20 46 46 19 18 46 20 46 36 59 -1 46 46 -1 46 18 46 59 -1 59 46 54 57 -1 46 -1 51 49 54 59 36 27 18 18 
65 45 45 4 -1 51 51 51 4 45 27 45 68 -1 26 33 45 45 51 45 51 22 13 51 22 51 4 8 4 69 22 52 33 4 51 65 4 45 51 28 51 22 28 33 65 -1 51 45 45 51 45 -1 51 4 26 67 51 13 4 45 13 51 -1 51 51 -1 51 13 65 33 
17 -1 1 2 26 69 -1 16 22 1 48 2 37 67 26 25 -1 16 69 17 44 35 6 47 22 6 6 67 30 69 1 47 66 69 69 -1 44 1 43 35 51 22 30 35 -1 2 37 35 16 6 2 6 1 2 16 1 37 54 26 2 25 49 51 -1 1 44 35 -1 35 -1 
43 -1 1 2 43 54 25 51 43 1 54 2 37 57 54 25 54 37 51 57 54 43 25 -1 60 -1 54 9 30 69 1 47 25 43 43 43 54 1 43 66 51 54 30 -1 43 2 37 23 9 25 2 23 1 2 -1 1 54 54 57 25 23 54 51 1 -1 52 23 52 43 2 
-1 52 3 -1 3 18 22 44 4 48 48 0 68 -1 26 33 52 0 3 17 11 22 13 52 22 52 4 18 13 69 22 52 33 0 36 44 3 52 52 28 18 22 52 33 -1 62 52 3 0 22 68 52 -1 3 52 11 68 13 4 0 13 59 -1 44 52 -1 36 13 -1 3 
33 63 36 36 33 36 51 44 51 35 32 36 68 60 58 32 63 36 36 39 36 35 35 -1 60 60 33 35 36 69 36 47 -1 32 36 -1 -1 47 60 -1 39 60 33 35 35 36 60 23 36 51 39 23 36 36 36 32 40 39 32 60 -1 36 51 35 23 36 -1 35 35 33 
48 52 52 52 27 27 63 44 27 27 27 55 52 -1 55 55 48 48 27 48 41 -1 13 52 22 52 55 -1 13 69 22 52 55 48 48 21 44 52 27 21 27 27 52 55 -1 27 27 35 -1 63 27 52 -1 52 27 -1 27 13 55 48 13 27 13 -1 52 13 35 -1 27 63 
65 37 50 18 18 18 51 44 27 27 50 31 -1 65 55 50 52 18 -1 18 18 35 35 47 35 37 18 18 65 69 37 -1 66 43 51 -1 18 12 43 19 18 27 52 35 35 50 37 31 19 51 -1 18 31 18 50 31 12 19 18 31 65 18 65 35 43 -1 35 27 -1 18 
33 2 -1 2 33 18 63 51 27 2 27 2 68 67 33 33 63 3 -1 18 11 27 63 47 60 59 33 18 33 -1 2 11 33 -1 -1 63 34 2 34 19 18 27 33 33 63 2 38 2 34 63 2 18 2 2 63 2 40 19 33 2 38 18 33 -1 2 3 33 63 18 -1 
