33
1 2
-1 19 13 19 19 20 19 -1 20 20 19 31 19 7 19 20 20 30 20 -1 -1 13 31 20 31 31 19 20 31 20 20 -1 7 
19 -1 13 10 -1 -1 4 19 9 -1 5 9 4 9 4 9 6 21 5 -1 5 9 6 9 6 12 19 9 4 16 9 19 16 
13 13 -1 27 27 13 13 13 13 13 28 13 27 -1 27 27 32 21 27 13 13 13 27 27 21 27 27 -1 13 27 13 13 -1 
19 10 27 -1 19 10 10 19 10 11 -1 10 26 28 16 28 10 24 10 10 10 24 10 16 11 26 -1 26 10 16 28 11 16 
19 -1 27 19 -1 1 -1 19 6 1 19 9 -1 28 -1 28 6 24 12 -1 6 8 6 9 6 12 19 12 -1 16 28 19 16 
20 -1 13 10 1 -1 -1 20 6 1 -1 10 18 8 4 9 6 24 -1 1 -1 8 6 18 6 18 10 8 10 16 20 11 16 
19 4 13 10 -1 -1 -1 13 -1 -1 5 9 4 8 4 9 -1 24 5 -1 -1 8 -1 9 -1 24 16 8 4 16 8 19 16 
-1 19 13 19 19 20 13 -1 13 13 19 31 31 -1 32 28 32 21 31 0 0 13 31 31 31 31 19 13 13 31 13 -1 -1 
20 9 13 10 6 6 -1 13 -1 -1 6 9 27 -1 6 9 6 21 22 6 -1 -1 -1 9 6 27 16 -1 13 22 -1 22 13 
20 -1 13 11 1 1 -1 13 -1 -1 11 -1 4 8 4 -1 6 21 23 1 -1 8 6 -1 6 23 16 8 15 16 8 11 16 
19 5 28 -1 19 -1 5 19 6 11 -1 -1 16 28 16 28 -1 24 5 -1 5 24 6 16 11 23 3 8 -1 16 28 11 16 
31 9 13 10 9 10 9 31 9 -1 -1 -1 25 9 16 9 10 24 10 10 9 24 24 9 -1 24 10 9 10 16 9 -1 16 
19 4 27 26 -1 18 4 31 27 4 16 25 -1 27 -1 22 14 25 -1 4 6 25 18 18 25 -1 25 -1 4 16 27 25 16 
7 9 -1 28 28 8 8 -1 -1 8 28 9 27 -1 28 28 8 21 22 7 8 -1 8 9 21 24 28 2 -1 22 8 7 2 
19 4 27 16 -1 4 4 32 6 4 16 16 -1 28 -1 23 -1 24 12 4 16 8 6 16 6 12 16 12 4 16 20 19 16 
20 9 27 28 28 9 9 28 9 -1 28 9 22 28 23 -1 23 30 22 9 9 9 -1 -1 22 23 28 22 -1 22 -1 22 23 
20 6 32 10 6 6 -1 32 6 6 -1 10 14 8 -1 23 -1 24 23 6 -1 8 6 -1 6 23 -1 8 10 -1 20 11 -1 
30 21 21 24 24 24 24 21 21 21 24 24 25 21 24 30 24 -1 24 24 30 -1 24 24 -1 24 25 21 30 24 -1 24 21 
20 5 27 10 12 -1 5 31 22 23 5 10 -1 22 12 22 23 24 -1 5 5 22 -1 -1 22 12 23 12 10 22 20 22 23 
-1 -1 13 10 -1 1 -1 0 6 1 -1 10 4 7 4 9 6 24 5 -1 0 8 6 9 6 26 -1 8 4 16 8 -1 7 
-1 5 13 10 6 -1 -1 0 -1 -1 5 9 6 8 16 9 -1 30 5 0 -1 8 6 9 6 23 16 8 30 16 -1 0 16 
13 9 13 24 8 8 8 13 -1 8 24 24 25 -1 8 9 8 -1 22 8 8 -1 8 9 -1 24 25 8 13 22 8 24 13 
31 6 27 10 6 6 -1 31 -1 6 6 24 18 8 6 -1 6 24 -1 6 6 8 -1 -1 -1 23 16 -1 15 -1 8 -1 16 
20 9 27 16 9 18 9 31 9 -1 16 9 18 9 16 -1 -1 24 -1 9 9 9 -1 -1 22 -1 16 22 15 16 15 22 16 
31 6 21 11 6 6 -1 31 6 6 11 -1 25 21 6 22 6 -1 22 6 6 -1 -1 22 -1 -1 25 22 31 22 17 -1 16 
31 12 27 26 12 18 24 31 27 23 23 24 -1 24 12 23 23 24 12 26 23 24 23 -1 -1 -1 -1 -1 26 23 23 -1 23 
19 19 27 -1 19 10 16 19 16 16 3 10 25 28 16 28 -1 25 23 -1 16 25 16 16 25 -1 -1 25 -1 16 28 19 16 
20 9 -1 26 12 8 8 13 -1 8 8 9 -1 2 12 22 8 21 12 8 8 8 -1 22 22 -1 25 -1 12 22 8 22 2 
31 4 13 10 -1 10 4 13 13 15 -1 10 4 -1 4 -1 10 30 10 4 30 13 15 15 31 26 -1 12 -1 16 -1 -1 13 
20 16 27 16 16 16 16 31 22 16 16 16 16 22 16 22 -1 24 22 16 16 22 -1 16 22 23 16 22 16 -1 20 22 16 
20 9 13 28 28 20 8 13 -1 8 28 9 27 8 20 -1 20 -1 20 8 -1 8 8 15 17 23 28 8 -1 20 -1 28 20 
-1 19 13 11 19 11 19 -1 22 11 11 -1 25 7 19 22 11 24 22 -1 0 24 -1 22 -1 -1 19 22 -1 22 28 -1 7 
7 16 -1 16 16 16 16 -1 13 16 16 16 16 2 16 23 -1 21 23 7 16 13 16 16 16 23 16 2 13 16 20 7 -1 
