68
0 26
-1 64 6 4 -1 20 4 27 44 65 20 55 27 55 46 27 53 44 38 27 -1 27 27 65 55 4 45 -1 27 65 32 55 27 6 4 65 27 6 4 27 49 27 55 4 20 27 27 27 6 20 4 55 58 4 27 -1 44 55 20 20 20 44 4 65 4 -1 65 32 
64 -1 17 25 64 10 64 10 -1 28 -1 31 64 52 46 8 -1 -1 25 10 10 63 15 48 17 10 45 46 17 58 25 16 41 41 10 46 8 10 37 22 59 10 24 25 8 15 8 -1 17 10 37 8 10 16 47 24 16 31 8 10 10 17 64 17 -1 63 8 37 
6 17 -1 6 6 17 -1 28 17 28 17 28 64 52 50 41 17 -1 41 33 44 41 41 48 17 41 45 41 17 50 41 17 41 6 6 50 41 6 6 41 49 -1 24 41 17 41 50 17 -1 48 48 41 17 6 41 24 44 28 44 17 33 17 6 17 6 48 33 33 
4 25 6 -1 -1 7 4 -1 58 28 25 7 43 11 51 41 53 25 25 7 58 11 27 48 25 -1 67 7 7 58 25 11 53 6 4 11 7 6 4 53 59 25 25 -1 25 41 58 25 6 7 4 25 58 -1 38 4 53 11 -1 43 7 44 4 30 4 4 58 43 
-1 64 6 -1 -1 34 -1 3 50 28 25 34 64 62 50 51 53 6 38 62 0 34 27 48 64 3 54 0 7 50 50 34 53 6 -1 62 7 6 -1 53 49 6 64 3 53 54 50 54 6 34 -1 34 50 -1 38 0 53 34 3 43 20 50 -1 50 -1 0 33 33 
20 10 17 7 34 -1 33 -1 10 28 -1 7 19 11 46 49 10 10 49 -1 -1 11 27 49 17 10 45 7 7 11 19 11 27 19 -1 46 7 10 20 27 49 10 24 34 10 41 -1 10 49 -1 7 34 10 7 38 11 46 11 20 10 -1 17 19 17 10 20 10 33 
4 64 -1 4 -1 33 -1 4 37 28 37 34 64 62 67 41 53 2 38 33 4 34 41 48 64 4 67 4 17 50 50 34 41 -1 4 62 7 -1 4 41 49 2 64 4 17 41 50 64 -1 48 4 34 17 4 38 4 53 34 64 37 33 17 4 17 -1 4 33 33 
27 10 28 -1 3 -1 4 -1 36 28 5 -1 11 11 46 27 31 28 50 5 5 11 27 50 25 3 61 -1 -1 11 50 11 27 19 5 11 -1 50 27 27 49 10 25 3 36 61 5 10 50 5 -1 12 28 3 27 11 13 11 3 10 5 50 4 21 4 50 13 43 
44 -1 17 58 50 10 37 36 -1 28 -1 36 51 66 46 -1 1 1 25 10 44 22 15 49 17 10 45 46 17 58 25 16 41 66 51 46 -1 10 58 22 49 10 24 36 -1 15 -1 1 49 15 46 -1 10 44 51 51 44 36 -1 10 10 44 46 17 1 46 -1 37 
65 28 28 28 28 28 28 28 28 -1 28 28 63 52 51 41 28 28 28 28 28 63 63 65 28 28 67 28 -1 65 63 28 63 41 28 65 28 28 28 63 63 28 28 28 28 41 28 28 28 28 28 28 28 28 51 28 28 28 52 63 28 28 52 -1 28 63 52 63 
20 -1 17 25 25 -1 37 5 -1 28 -1 7 59 52 46 8 1 -1 25 5 5 41 41 48 17 -1 45 7 17 50 25 16 41 41 5 46 8 -1 37 41 59 -1 24 25 -1 41 5 1 17 5 37 8 -1 44 38 24 44 11 8 -1 5 17 19 17 1 50 8 37 
55 31 28 7 34 7 34 -1 36 28 7 -1 -1 -1 46 22 31 28 60 12 60 -1 21 65 55 7 67 7 7 -1 12 -1 27 60 -1 -1 7 50 27 22 59 22 55 12 36 22 35 22 50 7 7 12 13 7 22 -1 13 -1 29 12 -1 50 13 21 12 29 13 30 
27 64 64 43 64 19 64 11 51 63 59 -1 -1 11 51 51 31 51 30 -1 19 11 21 49 64 30 67 19 11 11 -1 11 30 19 11 11 43 50 27 32 59 30 64 -1 51 51 19 51 49 19 30 -1 30 32 51 11 13 11 64 -1 11 50 19 30 -1 29 13 30 
55 52 52 11 62 11 62 11 66 52 52 -1 11 -1 56 66 56 52 56 62 56 11 21 65 52 52 67 11 52 11 52 11 62 66 11 11 11 52 56 62 56 52 52 12 56 52 56 52 50 56 11 12 -1 56 22 11 -1 11 52 12 11 52 -1 21 12 29 -1 52 
46 46 50 51 50 46 67 46 46 51 46 46 51 56 -1 51 56 51 50 46 46 46 46 50 51 51 67 46 51 50 67 46 46 67 51 46 46 67 46 46 49 51 51 67 51 51 -1 51 50 46 46 -1 58 51 51 51 46 46 46 51 46 50 46 67 51 46 46 -1 
27 8 41 41 51 49 41 27 -1 41 8 22 51 66 51 -1 8 8 49 49 44 22 -1 49 41 41 45 22 41 58 41 16 41 41 51 46 8 10 27 22 49 -1 41 36 8 -1 8 -1 49 -1 46 -1 10 41 22 51 44 22 8 10 41 45 41 22 8 27 8 41 
53 -1 17 53 53 10 53 31 1 28 1 31 31 56 56 8 -1 1 56 10 53 31 15 48 17 10 45 53 17 31 53 -1 53 41 31 31 8 10 53 53 56 10 24 53 53 15 56 1 17 56 53 8 10 -1 47 31 -1 31 8 10 31 17 53 17 1 31 8 37 
44 -1 -1 25 6 10 2 28 1 28 -1 28 51 52 51 8 1 -1 25 10 44 63 41 48 -1 10 61 28 -1 58 52 16 41 6 10 65 44 10 37 41 59 2 24 25 -1 61 8 1 2 10 61 44 -1 44 47 24 44 28 44 10 10 -1 52 -1 1 63 8 37 
38 25 41 25 38 49 38 50 25 28 25 60 30 56 50 49 56 25 -1 49 38 60 36 49 25 -1 45 38 25 50 25 56 30 60 38 50 25 38 -1 32 49 25 25 25 25 41 50 49 49 -1 -1 25 25 56 38 25 -1 60 38 25 -1 50 38 30 25 50 56 30 
27 10 33 7 62 -1 33 5 10 28 5 12 -1 62 46 49 10 10 49 -1 5 12 27 49 64 10 67 -1 7 12 12 12 27 -1 5 62 7 10 27 27 49 33 64 12 10 41 5 49 49 -1 7 12 10 32 27 12 46 12 20 12 5 17 -1 30 12 27 33 33 
-1 10 44 58 0 -1 4 5 44 28 5 60 19 56 46 44 53 44 38 5 -1 60 27 65 44 44 54 0 7 58 44 60 27 60 5 46 44 38 -1 27 49 10 44 34 -1 54 5 54 49 5 4 44 58 44 38 0 44 60 -1 10 -1 44 4 44 58 0 44 38 
27 63 41 11 34 11 34 11 22 63 41 -1 11 11 46 22 31 63 60 12 60 -1 -1 65 55 36 45 22 11 11 63 11 27 41 11 11 22 38 27 22 49 22 55 12 36 22 27 22 41 22 11 12 13 11 22 11 13 11 29 12 11 63 13 -1 12 63 13 63 
27 15 41 27 27 27 41 27 15 63 41 21 21 21 46 -1 15 41 36 27 27 -1 -1 48 36 36 45 -1 27 21 32 21 27 41 21 21 -1 38 27 -1 49 -1 36 36 36 15 27 15 41 15 27 15 41 32 -1 21 44 21 15 41 21 44 27 21 15 27 15 41 
65 48 48 48 48 49 48 50 49 65 48 65 49 65 50 49 48 48 49 49 65 65 48 -1 48 48 48 65 48 65 50 65 48 48 48 65 50 48 48 48 49 48 48 48 48 48 50 49 -1 48 48 49 48 48 48 65 49 65 65 49 48 50 65 65 48 -1 65 48 
55 17 17 25 64 17 64 25 17 28 17 55 64 52 51 41 17 -1 25 64 44 55 36 48 -1 -1 45 55 17 55 25 55 30 41 43 55 25 17 25 32 49 25 -1 25 17 41 64 17 17 25 25 25 17 25 51 -1 25 55 64 17 25 17 64 17 -1 55 17 30 
4 10 41 -1 3 10 4 3 10 28 -1 7 30 52 51 41 10 10 -1 10 44 36 36 48 -1 -1 45 7 -1 50 -1 11 30 41 43 11 -1 10 18 32 49 -1 24 -1 -1 41 10 10 41 18 18 -1 10 3 51 24 18 11 3 10 18 44 4 30 24 50 10 30 
45 45 45 67 54 45 67 61 45 67 45 67 67 67 67 45 45 61 45 67 54 45 45 48 45 45 -1 45 45 61 67 67 45 67 67 67 67 67 54 45 49 45 45 67 61 -1 67 45 45 45 61 45 67 45 45 51 61 67 45 67 67 45 45 67 67 61 67 -1 
-1 46 41 7 0 7 4 -1 46 28 7 7 19 11 46 22 53 28 38 -1 0 22 -1 65 55 7 45 -1 7 11 32 11 -1 19 4 46 7 38 -1 22 49 22 55 7 20 22 -1 22 49 19 7 19 28 32 22 0 46 11 38 19 7 50 19 22 4 0 33 32 
27 17 17 7 7 7 17 -1 17 -1 17 7 11 52 51 41 17 -1 25 7 7 11 27 48 17 -1 45 7 -1 11 25 11 27 41 7 11 7 17 25 27 49 25 24 25 17 41 7 17 17 7 7 25 -1 7 51 11 25 11 52 17 7 17 52 9 17 50 52 30 
65 58 50 58 50 11 50 11 58 65 50 -1 11 11 50 58 31 58 50 12 58 11 21 65 55 50 61 11 11 -1 50 11 50 60 11 11 11 50 58 22 50 22 55 12 58 61 50 58 50 50 -1 12 58 50 58 11 13 11 -1 12 11 50 13 65 58 -1 13 50 
32 25 41 25 50 19 50 50 25 63 25 12 -1 52 67 41 53 52 25 12 44 63 32 50 25 -1 67 32 25 50 -1 12 -1 67 12 12 25 50 25 32 59 25 25 12 25 41 50 25 50 19 -1 12 -1 32 51 12 25 12 52 -1 12 50 32 -1 12 50 52 -1 
55 16 17 11 34 11 34 11 16 28 16 -1 11 11 46 16 -1 16 56 12 60 11 21 65 55 11 67 11 11 11 12 -1 53 60 11 11 11 16 27 22 59 16 55 12 53 16 35 16 50 11 11 12 13 16 22 11 16 11 29 12 11 17 13 21 12 29 13 30 
27 41 41 53 53 27 41 27 41 63 41 27 30 62 46 41 53 41 30 27 27 27 27 48 30 30 45 -1 27 50 -1 53 -1 41 53 62 27 38 27 -1 59 -1 30 30 53 41 27 41 41 27 30 30 30 -1 27 27 53 27 38 30 41 45 -1 30 30 27 41 30 
6 41 6 6 6 19 -1 19 66 41 41 60 19 66 67 41 41 6 60 -1 60 41 41 48 41 41 67 19 41 60 67 60 41 -1 6 66 41 6 6 41 49 -1 41 67 41 41 19 41 6 19 6 19 41 6 41 60 60 60 60 19 -1 45 19 67 6 66 -1 -1 
4 10 6 4 -1 -1 4 5 51 28 5 -1 11 11 51 51 31 10 38 5 5 11 21 48 43 43 67 4 7 11 12 11 53 6 -1 11 43 6 4 22 49 10 43 -1 51 51 5 51 6 5 4 -1 10 4 51 11 13 11 4 43 5 50 4 21 4 4 13 43 
65 46 50 11 62 46 62 11 46 65 46 -1 11 11 46 46 31 65 50 62 46 11 21 65 55 11 67 46 11 11 12 11 62 66 11 -1 11 50 46 62 49 62 55 12 46 46 -1 46 50 46 46 12 13 56 22 11 46 11 46 12 11 50 -1 65 12 -1 -1 46 
27 8 41 7 7 7 7 -1 -1 28 8 7 43 11 46 8 8 44 25 7 44 22 -1 50 25 -1 67 7 7 11 25 11 27 41 43 11 -1 10 25 22 59 22 25 -1 -1 15 8 8 50 7 7 8 10 44 22 11 44 11 8 43 7 44 7 22 8 50 8 43 
6 10 6 6 6 10 -1 50 10 28 -1 50 50 52 67 10 10 10 38 10 38 38 38 48 17 10 67 38 17 50 50 16 38 6 6 50 10 -1 -1 38 59 10 24 67 10 41 50 10 6 10 -1 10 10 6 38 6 38 50 38 10 10 50 6 17 6 50 10 -1 
4 37 6 4 -1 20 4 27 58 28 37 27 27 56 46 27 53 37 -1 27 -1 27 27 48 25 18 54 -1 25 58 25 27 27 6 4 46 25 -1 -1 27 49 25 25 4 20 54 27 54 6 18 4 54 58 4 -1 4 18 27 -1 37 18 44 4 27 4 4 58 37 
27 22 41 53 53 27 41 27 22 63 41 22 32 62 46 22 53 41 32 27 27 22 -1 48 32 32 45 22 27 22 32 22 -1 41 22 62 22 38 27 -1 49 22 32 36 36 22 27 22 41 22 32 22 32 32 22 22 53 22 22 32 22 44 32 22 32 27 22 32 
49 59 49 59 49 49 49 49 49 63 59 59 59 56 49 49 56 59 49 49 49 49 49 49 49 49 49 49 49 50 59 59 59 49 49 49 59 59 49 49 -1 49 49 59 59 49 49 49 49 -1 49 49 59 56 49 51 49 59 49 -1 49 49 49 59 59 49 49 59 
27 10 -1 25 6 10 2 10 10 28 -1 22 30 52 51 -1 10 2 25 33 10 22 -1 48 25 -1 45 22 25 22 25 16 -1 -1 10 62 22 10 25 22 49 -1 25 25 10 -1 10 15 2 15 25 15 10 32 22 25 25 22 10 10 33 45 32 17 6 27 33 33 
55 24 24 25 64 24 64 25 24 28 24 55 64 52 51 41 24 24 25 64 44 55 36 48 -1 24 45 55 24 55 25 55 30 41 43 55 25 24 25 32 49 25 -1 25 24 41 64 24 24 25 25 25 24 25 51 24 25 55 64 24 25 24 64 24 24 55 24 30 
4 25 41 -1 3 34 4 3 36 28 25 12 -1 12 67 36 53 25 25 12 34 12 36 48 25 -1 67 7 25 12 12 12 30 67 -1 12 -1 67 4 36 59 25 25 -1 25 41 34 25 6 19 4 12 25 3 36 12 25 12 3 -1 12 44 4 30 12 4 36 -1 
20 8 17 25 53 10 17 36 -1 28 -1 36 51 56 51 8 53 -1 25 10 -1 36 36 48 17 -1 61 20 17 58 25 53 53 41 51 46 -1 10 20 36 59 10 24 25 -1 61 8 8 17 10 61 -1 10 -1 51 51 -1 36 -1 10 20 -1 53 17 58 20 8 30 
27 15 41 41 54 41 41 61 15 41 41 22 51 52 51 -1 15 61 41 41 54 22 15 48 41 41 -1 22 41 61 41 16 41 41 51 46 15 41 54 22 49 -1 41 41 61 -1 15 15 41 15 61 15 41 41 -1 51 61 22 15 41 41 -1 41 61 15 61 15 26 
27 8 50 58 50 -1 50 5 -1 28 5 35 19 56 -1 8 56 8 50 5 5 27 27 50 64 10 67 -1 7 50 50 35 27 19 5 -1 8 50 27 27 49 10 64 34 8 15 -1 8 50 5 -1 8 58 56 27 27 -1 35 -1 10 5 50 35 50 58 35 8 14 
27 -1 17 25 54 10 64 10 1 28 1 22 51 52 51 -1 1 1 49 49 54 22 15 49 17 10 45 22 17 58 25 16 41 41 51 46 8 10 54 22 49 15 24 25 8 15 8 -1 49 15 37 15 10 16 -1 51 16 22 8 10 10 17 41 17 1 63 8 37 
6 17 -1 6 6 49 -1 50 49 28 17 50 49 50 50 49 17 2 49 49 49 41 41 -1 17 41 45 49 17 50 50 50 41 6 6 50 50 6 6 41 49 2 24 6 17 41 50 49 -1 -1 -1 49 17 6 38 6 49 50 50 49 33 50 6 17 6 23 33 33 
20 10 48 7 34 -1 48 5 15 28 5 7 19 56 46 -1 56 10 -1 -1 5 22 15 48 25 18 45 19 7 50 19 11 27 19 5 46 7 10 18 22 -1 15 25 19 10 15 5 15 -1 -1 18 15 10 56 22 51 18 11 15 40 5 45 19 17 19 48 15 33 
4 37 48 4 -1 7 4 -1 46 28 37 7 30 11 46 46 53 61 -1 7 4 11 27 48 25 18 61 7 7 -1 -1 11 30 6 4 46 7 -1 4 32 49 25 25 4 61 61 -1 37 -1 18 -1 25 30 4 38 4 18 11 29 30 18 -1 4 30 4 -1 46 30 
55 8 41 25 34 34 34 12 -1 28 8 12 -1 12 -1 -1 8 44 25 12 44 12 15 49 25 -1 45 19 25 12 12 12 30 19 -1 12 8 10 54 22 49 15 25 12 -1 15 8 15 49 15 25 -1 10 44 -1 -1 44 12 8 12 12 44 19 30 12 55 8 14 
58 10 17 58 50 10 17 28 10 28 -1 13 30 -1 58 10 10 -1 25 10 58 13 41 48 17 10 67 28 -1 58 -1 13 30 41 10 13 10 10 58 32 59 10 24 25 10 41 58 10 17 10 30 10 -1 32 58 13 13 13 -1 10 10 17 13 17 58 50 13 30 
4 16 6 -1 -1 7 4 3 44 28 44 7 32 56 51 41 -1 44 56 32 44 11 32 48 25 3 45 32 7 50 32 16 -1 6 4 56 44 6 4 32 56 32 25 3 -1 41 56 16 6 56 4 44 32 -1 38 4 -1 11 3 32 44 44 4 32 4 4 44 32 
27 47 41 38 38 38 38 27 51 51 38 22 51 22 51 22 47 47 38 27 38 22 -1 48 51 51 45 22 51 58 51 22 27 41 51 22 22 38 -1 22 49 22 51 36 51 -1 27 -1 38 22 38 -1 58 38 -1 51 38 22 38 51 38 45 38 22 38 27 51 38 
-1 24 24 4 0 11 4 11 51 28 24 -1 11 11 51 51 31 24 25 12 0 11 21 65 -1 24 51 0 11 11 12 11 27 60 11 11 11 6 4 22 51 25 24 12 51 51 27 51 6 51 4 -1 13 4 51 -1 13 11 20 12 11 24 4 21 24 0 13 51 
44 16 44 53 53 46 53 13 44 28 44 13 13 -1 46 44 -1 44 -1 46 44 13 44 49 25 18 61 46 25 13 25 16 53 60 13 46 44 38 18 53 49 25 25 25 -1 61 -1 16 49 18 18 44 13 -1 38 13 -1 13 44 44 18 44 13 44 16 46 13 46 
55 31 28 11 34 11 34 11 36 28 11 -1 11 11 46 22 31 28 60 12 60 11 21 65 55 11 67 11 11 11 12 11 27 60 11 11 11 50 27 22 59 22 55 12 36 22 35 22 50 11 11 12 13 11 22 11 13 -1 29 12 11 50 13 21 12 29 13 30 
20 8 44 -1 3 20 64 3 -1 52 8 29 64 52 46 8 8 44 38 20 -1 29 15 65 64 3 45 38 52 -1 52 29 38 60 4 46 8 38 -1 22 49 10 64 3 -1 15 -1 8 50 15 29 8 -1 3 38 20 44 29 -1 10 20 44 4 44 -1 29 8 38 
20 10 17 43 43 10 37 10 10 63 -1 12 -1 12 51 10 10 10 25 12 10 12 41 49 17 10 67 19 17 12 -1 12 30 19 43 12 43 10 37 32 -1 10 24 -1 10 41 10 10 49 40 30 12 10 32 51 12 44 12 10 -1 10 17 19 30 12 50 10 30 
20 10 33 7 20 -1 33 5 10 28 5 -1 11 11 46 41 31 10 -1 5 -1 11 21 48 25 18 67 7 7 11 12 11 41 -1 5 11 7 10 18 22 49 33 25 12 20 41 5 10 33 5 18 12 10 44 38 11 18 11 20 10 -1 44 13 21 12 20 33 33 
44 17 17 44 50 17 17 50 44 28 17 50 50 52 50 45 17 -1 50 17 44 63 44 50 17 44 45 50 17 50 50 17 45 45 50 50 44 50 44 44 49 45 24 44 -1 -1 50 17 50 45 -1 44 17 44 45 24 44 50 44 17 44 -1 50 17 17 50 44 45 
4 64 6 4 -1 19 4 4 46 52 19 13 19 -1 46 41 53 52 38 -1 4 13 27 65 64 4 45 19 52 13 32 13 -1 19 4 -1 7 6 4 32 49 32 64 4 53 41 35 41 6 19 4 19 13 4 38 4 13 13 4 19 13 50 -1 32 4 35 13 32 
65 17 17 30 50 17 17 21 17 -1 17 21 30 21 67 22 17 -1 30 30 44 -1 21 65 17 30 67 22 9 65 -1 21 30 67 21 65 22 17 27 22 59 17 24 30 17 61 50 17 17 17 30 30 17 32 22 21 44 21 44 30 21 17 32 -1 17 -1 65 30 
4 -1 6 4 -1 10 -1 4 1 28 1 12 -1 12 51 8 1 1 25 12 58 12 15 48 -1 24 67 4 17 58 12 12 30 6 4 12 8 6 4 32 59 6 24 12 58 15 58 1 6 19 4 12 58 4 38 24 16 12 -1 12 12 17 4 17 -1 4 8 30 
-1 63 48 4 0 20 4 50 46 63 50 29 29 29 46 27 31 63 50 27 0 63 27 -1 55 50 61 0 50 -1 50 29 27 66 4 -1 50 50 4 27 49 27 55 4 20 61 35 63 23 48 -1 55 50 4 27 0 46 29 29 50 20 50 35 -1 4 -1 35 50 
65 8 33 58 33 10 33 13 -1 52 8 13 13 -1 46 8 8 8 56 33 44 13 15 65 17 10 67 33 52 13 52 13 41 -1 13 -1 8 10 58 22 49 33 24 36 8 15 8 8 33 15 46 8 13 44 51 13 13 13 8 10 33 44 13 65 8 35 -1 33 
32 37 33 43 33 33 33 43 37 63 37 30 30 52 -1 41 37 37 30 33 38 63 41 48 30 30 -1 32 30 50 -1 30 30 -1 43 46 43 -1 37 32 59 33 30 -1 30 26 14 37 33 33 30 14 30 32 38 51 46 30 38 30 33 45 32 30 30 50 33 -1 
