30
3 5
-1 10 8 27 27 25 7 -1 -1 28 7 7 -1 23 12 27 -1 7 8 7 28 7 23 -1 7 12 23 -1 -1 7 
10 -1 10 11 20 25 17 10 10 18 -1 -1 11 11 11 10 11 -1 10 11 11 10 25 13 10 10 13 29 10 -1 
8 10 -1 12 28 25 12 10 -1 18 -1 12 -1 -1 12 10 12 10 8 21 12 -1 25 13 25 -1 13 8 10 12 
27 11 12 -1 27 25 17 11 12 18 11 -1 11 11 -1 27 11 -1 14 11 11 14 14 13 14 12 13 -1 17 27 
27 20 28 27 -1 28 28 20 27 28 28 20 20 20 27 20 28 28 20 20 -1 20 28 28 28 28 20 -1 -1 27 
25 25 25 25 28 -1 25 25 25 25 25 25 25 25 25 25 25 25 25 25 25 25 25 25 25 -1 25 25 25 25 
7 17 12 17 28 25 -1 -1 12 24 7 7 -1 11 12 10 -1 -1 10 7 11 7 24 7 -1 12 25 29 16 -1 
-1 10 10 11 20 25 -1 -1 0 24 -1 -1 -1 11 12 10 0 -1 10 -1 11 -1 24 0 -1 10 13 0 0 -1 
-1 10 -1 12 27 25 12 0 -1 18 2 12 -1 2 12 18 0 7 -1 7 12 2 14 0 7 2 13 0 0 12 
28 18 18 18 28 25 24 24 18 -1 18 18 18 18 18 18 28 28 -1 24 28 18 24 28 -1 24 18 18 -1 24 
7 -1 -1 11 28 25 7 -1 2 18 -1 1 2 2 18 -1 25 1 -1 7 15 2 25 25 7 -1 25 15 -1 1 
7 -1 12 -1 20 25 7 -1 12 18 1 -1 -1 -1 3 20 -1 1 13 -1 -1 7 14 13 7 12 13 3 16 1 
-1 11 -1 11 20 25 -1 -1 -1 18 2 -1 -1 2 -1 10 -1 6 8 7 11 -1 14 0 6 -1 25 0 0 -1 
23 11 -1 11 20 25 11 11 2 18 2 -1 2 -1 18 18 11 11 -1 11 11 2 23 -1 11 2 -1 11 23 11 
12 11 12 -1 27 25 12 12 12 18 18 3 -1 18 -1 18 12 3 -1 21 11 -1 -1 22 -1 12 18 3 12 12 
27 10 10 27 20 25 10 10 18 18 -1 20 10 18 18 -1 20 10 -1 20 -1 10 18 18 10 10 18 -1 10 27 
-1 11 12 11 28 25 -1 0 0 28 25 -1 -1 11 12 20 -1 6 8 11 11 12 25 0 6 -1 25 0 -1 6 
7 -1 10 -1 28 25 -1 -1 7 28 1 1 6 11 3 10 6 -1 10 7 28 7 14 28 6 10 13 3 -1 1 
8 10 8 14 20 25 10 10 -1 -1 -1 13 8 -1 -1 -1 8 10 -1 10 15 14 14 13 9 10 13 15 9 10 
7 11 21 11 20 25 7 -1 7 24 7 -1 7 11 21 20 11 7 10 -1 -1 -1 21 7 7 21 13 7 20 7 
28 11 12 11 -1 25 11 11 12 28 15 -1 11 11 11 -1 11 28 15 -1 -1 19 28 28 11 12 13 4 -1 11 
7 10 -1 14 20 25 7 -1 2 18 2 7 -1 2 -1 10 12 7 14 -1 19 -1 14 25 7 -1 25 7 7 7 
23 25 25 14 28 25 24 24 14 24 25 14 14 23 -1 18 25 14 14 21 28 14 -1 -1 -1 -1 25 14 23 14 
-1 13 13 13 28 25 7 0 0 28 25 13 0 -1 22 18 0 28 13 7 28 25 -1 -1 22 -1 13 0 -1 7 
7 10 25 14 28 25 -1 -1 7 -1 7 7 6 11 -1 10 6 6 9 7 11 7 -1 22 -1 -1 25 7 9 6 
12 10 -1 12 28 -1 12 10 2 24 -1 12 -1 2 12 10 -1 10 10 21 12 -1 -1 -1 -1 -1 -1 12 10 12 
23 13 13 13 20 25 25 13 13 18 25 13 25 -1 18 18 25 13 13 13 13 25 25 13 25 -1 -1 13 23 25 
-1 29 8 -1 -1 25 29 0 0 18 15 3 0 11 3 -1 0 3 15 7 4 7 14 0 7 12 13 -1 0 -1 
-1 10 10 17 -1 25 16 0 0 -1 -1 16 0 23 12 10 -1 -1 9 20 -1 7 23 -1 9 10 23 0 -1 7 
7 -1 12 27 27 25 -1 -1 12 24 1 1 -1 11 12 27 6 1 10 7 11 7 14 7 6 12 25 -1 7 -1 
