72
13 63
-1 62 71 62 8 26 62 71 -1 59 62 47 62 47 62 29 47 62 59 59 62 62 47 59 29 -1 8 47 59 8 29 62 62 52 59 62 47 59 47 62 8 -1 47 41 62 64 59 -1 62 62 8 62 8 62 66 62 52 62 62 -1 62 64 -1 -1 63 25 47 62 59 50 8 25 
62 -1 67 43 42 27 27 27 62 27 27 42 62 27 27 27 37 54 34 34 27 62 27 27 62 62 37 -1 66 62 27 34 66 62 -1 34 42 34 42 27 27 43 27 -1 27 27 27 62 35 62 27 35 62 62 34 62 27 62 54 37 62 27 -1 62 37 27 -1 27 37 27 34 62 
71 67 -1 67 71 67 67 67 67 67 67 67 67 67 67 67 67 67 69 67 67 67 67 67 67 71 67 67 67 67 67 67 67 71 67 67 67 67 67 67 71 71 67 67 71 71 67 67 67 67 67 67 67 67 67 71 67 67 67 67 67 67 67 67 71 67 67 -1 71 67 71 -1 
62 43 67 -1 62 36 39 27 62 -1 9 39 39 39 -1 56 37 62 44 37 56 62 27 27 56 62 37 14 56 39 39 39 39 56 37 62 9 9 56 -1 27 43 62 -1 14 44 27 62 56 62 69 56 56 62 37 62 -1 62 69 37 62 56 -1 62 37 62 43 62 37 39 62 62 
8 42 71 62 -1 26 53 26 -1 37 37 42 50 42 42 29 42 53 69 37 42 62 42 40 29 8 -1 42 40 8 29 65 50 52 37 40 42 26 42 69 -1 8 -1 41 42 42 40 42 26 40 -1 40 8 26 26 26 37 26 61 8 29 40 8 8 37 42 47 40 26 50 8 40 
26 27 67 36 26 -1 53 -1 26 36 36 42 48 27 27 48 37 48 34 7 49 48 7 48 56 71 -1 22 57 48 53 48 67 48 19 48 -1 26 42 36 26 26 36 36 48 48 55 42 -1 48 22 48 49 26 7 26 48 26 48 37 48 37 42 48 37 42 54 7 26 48 26 7 
62 27 67 39 53 53 -1 58 53 27 27 30 -1 27 27 53 55 53 20 31 -1 53 27 69 32 62 53 20 53 30 20 12 12 53 20 62 42 53 55 12 61 53 27 62 12 58 55 62 31 12 69 56 53 -1 58 53 20 49 -1 53 62 58 12 53 44 31 32 53 53 -1 53 55 
71 27 67 27 26 -1 58 -1 26 36 27 42 31 27 27 22 67 54 34 -1 27 48 -1 67 67 71 5 22 66 22 67 19 67 22 19 34 5 19 42 27 71 71 22 27 45 22 67 42 5 48 22 35 67 67 -1 71 37 67 54 37 29 58 42 67 71 31 54 -1 26 50 26 -1 
-1 62 67 62 -1 26 53 26 -1 62 62 30 62 39 62 29 42 29 70 70 30 62 29 40 29 0 4 42 52 -1 29 29 29 52 70 62 42 26 29 30 4 -1 4 41 62 29 70 0 29 52 4 56 -1 52 70 70 52 62 45 0 29 29 -1 0 63 25 47 53 26 50 -1 25 
59 27 67 -1 37 36 27 36 62 -1 -1 42 39 27 3 37 37 37 37 37 27 48 37 27 56 59 37 10 59 37 39 37 39 68 37 37 -1 -1 42 3 27 43 36 3 14 37 27 42 36 48 37 56 56 37 37 37 3 37 45 37 62 37 3 64 37 42 27 37 37 39 37 64 
62 27 67 9 37 36 27 27 62 -1 -1 42 62 27 27 27 37 62 27 37 27 62 27 27 56 62 37 -1 27 62 27 37 62 62 37 62 9 -1 42 9 27 62 27 62 27 27 27 62 36 62 27 56 62 62 37 37 37 62 27 37 62 27 -1 62 37 27 27 27 37 27 37 62 
47 42 67 39 42 42 30 42 30 42 42 -1 39 39 42 30 42 53 30 42 30 62 42 42 38 65 42 42 52 30 -1 65 38 52 30 62 42 42 -1 30 42 30 -1 62 64 42 55 42 42 30 42 56 30 30 42 38 30 38 30 42 30 38 42 57 38 42 47 42 55 39 55 55 
62 62 67 39 50 48 -1 31 62 39 62 39 -1 39 44 31 57 31 44 31 6 62 31 49 32 62 53 20 49 31 39 -1 -1 31 31 62 48 31 32 -1 49 62 62 62 -1 44 49 62 31 -1 32 62 49 6 58 53 20 49 6 62 62 32 -1 57 44 31 32 32 64 6 62 57 
47 27 67 39 42 27 27 27 39 27 27 39 39 -1 27 27 42 69 27 27 27 62 27 27 39 65 37 -1 27 39 39 39 39 27 27 27 42 27 42 -1 27 43 27 27 27 27 27 42 27 27 27 35 39 39 27 42 27 28 69 28 39 27 27 47 37 27 27 27 37 39 34 27 
62 27 67 -1 42 27 27 27 62 3 27 42 44 27 -1 27 42 27 44 27 27 62 27 27 56 62 37 -1 27 27 27 44 44 27 27 27 9 9 42 3 27 43 27 3 -1 44 27 42 45 27 27 56 56 62 27 42 3 62 45 28 62 27 3 64 44 27 27 27 64 27 34 64 
29 27 67 56 29 48 53 22 29 37 27 30 31 27 27 -1 37 -1 45 31 27 17 -1 27 29 65 53 22 52 -1 29 -1 29 -1 31 48 48 22 29 30 27 29 22 62 45 -1 55 42 -1 48 22 48 29 -1 17 33 48 49 45 37 29 29 53 21 45 31 54 53 33 17 29 22 
47 37 67 37 42 37 55 67 42 37 37 42 57 42 42 37 -1 55 37 37 42 55 37 61 61 65 37 42 57 61 42 37 67 55 37 37 42 -1 42 37 61 42 -1 62 64 37 55 42 42 57 37 56 55 55 37 -1 37 -1 61 37 61 -1 42 57 37 42 47 -1 37 61 55 55 
62 54 67 62 53 48 53 54 29 37 62 53 31 69 27 -1 55 -1 69 31 53 -1 15 69 29 62 53 22 53 15 53 15 66 15 54 48 48 22 55 69 69 29 22 62 45 15 55 62 15 48 69 48 53 -1 -1 53 48 53 54 37 29 58 21 21 45 31 54 53 33 -1 53 54 
59 34 69 44 69 34 20 34 70 37 27 30 44 27 44 45 37 69 -1 34 -1 69 27 69 56 69 37 20 69 30 20 34 44 45 -1 34 37 34 64 69 69 43 27 34 -1 44 69 42 35 20 69 35 30 20 34 70 20 49 69 37 30 64 34 64 44 69 34 69 37 -1 34 64 
59 34 67 37 37 7 31 -1 70 37 37 42 31 27 27 31 37 31 34 -1 34 48 7 35 56 65 37 22 59 31 31 -1 31 31 -1 34 7 -1 64 31 71 43 22 34 31 22 35 42 31 31 22 35 56 31 7 37 37 37 54 37 31 37 31 64 37 31 34 7 37 34 34 7 
62 27 67 56 42 49 -1 27 30 27 27 30 6 27 27 27 42 53 -1 34 -1 49 27 27 56 62 53 -1 27 30 -1 12 12 52 18 27 42 56 30 30 27 30 27 27 18 27 27 42 49 -1 27 56 30 6 34 53 -1 49 6 56 30 27 49 57 44 27 27 27 56 6 34 57 
62 62 67 62 62 48 53 48 62 48 62 62 62 62 62 17 55 -1 69 48 49 -1 17 48 56 62 48 62 52 17 52 48 62 -1 48 48 48 56 55 62 48 62 62 62 48 48 55 62 -1 48 69 48 33 17 17 33 48 62 48 62 62 64 -1 -1 63 48 54 53 33 17 55 55 
47 27 67 27 42 7 27 -1 29 37 27 42 31 27 27 -1 37 15 27 7 27 17 -1 27 29 65 37 -1 27 15 27 15 50 15 37 27 42 -1 42 27 27 29 -1 27 45 -1 27 42 15 27 -1 56 29 15 7 33 37 37 45 37 29 27 42 64 37 42 27 7 37 50 37 7 
59 27 67 27 40 48 69 67 40 27 27 42 49 27 27 27 61 69 69 35 27 48 27 -1 61 65 40 -1 -1 52 27 65 67 52 35 -1 42 27 42 69 -1 40 27 27 27 27 -1 42 35 -1 69 35 28 67 35 46 27 28 61 28 61 -1 35 57 61 -1 28 -1 55 -1 35 40 
29 62 67 56 29 56 32 67 29 56 56 38 32 39 56 29 61 29 56 56 56 56 29 61 -1 29 55 42 52 -1 29 29 -1 29 56 56 42 56 -1 30 61 29 38 56 32 29 55 42 56 32 32 56 29 29 61 38 -1 38 61 56 -1 -1 60 60 38 42 32 32 55 50 29 55 
-1 62 71 62 8 71 62 71 0 59 62 65 62 65 62 65 65 62 69 65 62 62 65 65 29 -1 71 65 59 8 29 65 62 71 59 62 65 59 65 62 71 0 65 41 71 71 65 0 65 62 8 62 8 62 71 71 52 71 65 0 62 65 0 0 71 -1 47 65 71 65 8 -1 
8 37 67 37 -1 -1 53 5 4 37 37 42 53 37 37 53 37 53 37 37 53 48 37 40 55 71 -1 37 57 8 53 37 50 55 37 37 5 -1 55 53 4 8 4 62 64 37 55 42 5 57 4 56 53 -1 7 -1 37 -1 53 37 62 37 53 57 37 42 57 53 -1 50 -1 55 
47 -1 67 14 42 22 20 22 42 10 -1 42 20 -1 -1 22 42 22 20 22 -1 62 -1 -1 42 65 37 -1 23 22 20 22 50 22 1 23 42 10 42 13 23 43 -1 1 14 22 23 42 22 20 22 35 28 20 22 42 20 28 20 28 62 23 1 47 37 23 1 23 37 23 34 22 
59 66 67 56 40 57 53 66 52 59 27 52 49 27 27 52 57 53 69 59 27 52 27 -1 52 59 57 23 -1 52 52 65 66 52 35 23 42 59 57 52 23 52 27 62 27 27 23 66 35 23 66 35 -1 52 66 46 52 -1 61 -1 52 23 52 57 57 23 -1 23 52 23 52 57 
8 62 67 39 8 48 30 22 -1 37 62 30 31 39 27 -1 61 15 30 31 30 17 15 52 -1 8 8 22 52 -1 -1 15 24 15 70 48 48 22 24 30 8 8 8 41 45 15 52 8 15 52 8 56 -1 15 17 33 24 38 45 8 -1 24 8 60 38 31 32 32 33 17 8 22 
29 27 67 39 29 53 20 67 29 39 27 -1 39 39 27 29 42 53 20 31 -1 52 27 27 29 29 53 20 52 -1 -1 29 29 52 20 62 42 53 11 -1 27 29 11 39 20 29 55 42 29 20 69 56 -1 -1 53 53 20 38 20 52 29 29 52 60 38 42 52 53 52 39 29 55 
62 34 67 39 65 48 12 19 29 37 37 65 -1 39 44 -1 37 15 34 -1 12 48 15 65 29 65 37 22 65 15 29 -1 12 15 19 48 48 19 65 12 65 29 65 62 12 15 65 62 -1 12 22 48 29 15 17 33 48 49 12 37 29 65 12 48 37 -1 32 19 33 12 34 19 
62 66 67 39 50 67 12 67 29 39 62 38 -1 39 44 29 67 66 44 31 12 62 50 67 -1 62 50 50 66 24 29 12 -1 29 66 62 42 50 24 12 50 29 38 62 12 44 67 66 31 12 -1 56 29 67 66 38 24 67 12 66 24 24 12 60 38 31 -1 -1 50 50 29 67 
52 62 71 56 52 48 53 22 52 68 62 52 31 27 27 -1 55 15 45 31 52 -1 15 52 29 71 55 22 52 15 52 15 29 -1 68 48 48 68 55 52 71 52 22 62 45 15 55 62 15 52 22 56 -1 15 17 -1 52 52 45 52 29 55 21 21 68 31 52 53 -1 17 55 55 
59 -1 67 37 37 19 20 19 70 37 37 30 31 27 27 31 37 54 -1 -1 18 48 37 35 56 59 37 1 35 70 20 19 66 68 -1 -1 37 -1 64 69 35 43 27 1 18 37 35 62 35 20 37 35 56 37 -1 70 37 37 54 37 62 35 1 64 37 31 1 19 37 18 -1 19 
62 34 67 62 40 48 62 34 62 37 62 62 62 27 27 48 37 48 34 34 27 48 27 -1 56 62 37 23 23 48 62 48 62 48 -1 -1 48 34 62 62 23 62 62 62 34 48 23 62 -1 23 69 -1 62 62 34 46 48 62 48 28 62 23 -1 48 37 23 28 23 37 23 34 40 
47 42 67 9 42 -1 42 5 42 -1 9 42 48 42 9 48 42 48 37 7 42 48 42 42 42 65 5 42 42 48 42 48 42 48 37 48 -1 9 42 9 42 42 -1 9 48 48 42 42 -1 48 42 48 49 26 7 26 48 26 48 37 62 42 42 48 37 42 47 7 26 39 26 7 
59 34 67 9 26 26 53 19 26 -1 -1 42 31 27 9 22 -1 22 34 -1 56 56 -1 27 56 59 -1 10 59 22 53 19 50 68 -1 34 9 -1 64 9 26 59 16 9 64 22 55 42 56 56 22 56 56 26 34 16 -1 16 45 -1 56 16 10 64 -1 31 34 16 -1 34 26 64 
47 42 67 56 42 42 55 42 29 42 42 -1 32 42 42 29 42 55 64 64 30 55 42 42 -1 65 55 42 57 24 11 65 24 55 64 62 42 64 -1 30 42 29 -1 62 64 64 55 42 42 57 32 56 29 55 42 -1 24 -1 61 57 24 24 42 57 -1 42 32 57 55 39 55 55 
62 27 67 -1 69 36 12 27 30 3 9 30 -1 -1 3 30 37 69 69 31 30 62 27 69 30 62 53 13 52 30 -1 12 12 52 69 62 9 9 30 -1 69 43 27 3 12 44 69 62 31 12 69 56 30 30 69 53 3 49 69 37 30 69 3 57 44 31 32 32 37 -1 30 55 
8 27 71 27 -1 26 61 71 4 27 27 42 49 27 27 27 61 69 69 71 27 48 27 -1 61 71 4 23 23 8 27 65 50 71 35 23 42 26 42 69 -1 8 4 27 64 61 23 42 35 23 4 35 8 26 61 71 61 71 61 28 61 -1 8 64 61 23 28 23 26 23 8 -1 
-1 43 71 43 8 26 53 71 -1 43 62 30 62 43 43 29 42 29 43 43 30 62 29 40 29 0 8 43 52 8 29 29 29 52 43 62 42 59 29 43 8 -1 8 -1 43 29 70 0 29 52 8 56 8 52 43 70 43 62 45 0 29 29 0 0 63 25 43 53 26 43 8 25 
47 27 67 62 -1 36 27 22 4 36 27 -1 62 27 27 22 -1 22 27 22 27 62 -1 27 38 65 4 -1 27 8 11 65 38 22 27 62 -1 16 -1 27 4 8 -1 62 27 22 27 -1 36 62 4 62 62 62 22 16 27 16 45 37 62 16 -1 47 38 -1 47 16 26 27 8 22 
41 -1 67 -1 41 36 62 27 41 3 62 62 62 27 3 62 62 62 34 34 27 62 27 27 56 41 62 1 62 41 39 62 62 62 1 62 9 9 62 3 27 -1 62 -1 14 27 27 62 56 62 27 56 62 62 34 62 3 62 54 41 62 27 -1 41 37 62 1 62 37 39 34 62 
62 27 71 14 42 48 12 45 62 14 27 64 -1 27 -1 45 64 45 -1 31 18 48 45 27 32 71 64 14 27 45 20 12 12 45 18 34 48 64 64 12 64 43 27 14 -1 -1 27 62 45 12 32 35 49 12 34 64 14 49 45 64 62 64 12 64 -1 31 32 32 64 18 34 64 
64 27 71 44 42 48 58 22 29 37 27 42 44 27 44 -1 37 15 44 22 27 48 -1 27 29 71 37 22 27 15 29 15 44 15 37 48 48 22 64 44 61 29 22 27 -1 -1 27 42 -1 48 22 48 29 15 58 33 48 49 -1 37 29 58 42 64 -1 31 58 22 64 58 29 64 
59 27 67 27 40 55 55 67 70 27 27 55 49 27 27 55 55 55 69 35 27 55 27 -1 55 65 55 23 23 52 55 65 67 55 35 23 42 55 55 69 23 70 27 27 27 27 -1 42 35 23 69 35 28 55 35 -1 27 28 61 28 55 23 35 55 55 23 28 23 55 23 55 55 
-1 62 67 62 42 42 62 42 0 42 62 42 62 42 42 42 42 62 42 42 42 62 42 42 42 0 42 42 66 8 42 62 66 62 62 62 42 42 42 62 42 0 -1 62 62 42 42 -1 42 62 42 62 62 62 66 42 62 62 66 0 62 42 -1 0 42 42 -1 42 42 42 8 25 
62 35 67 56 26 -1 31 5 29 36 36 42 31 27 45 -1 42 15 35 31 49 -1 15 35 56 65 5 22 35 15 29 -1 31 15 35 -1 -1 56 42 31 35 29 36 56 45 -1 35 42 -1 -1 22 35 49 15 7 26 -1 49 45 56 29 35 21 21 45 31 32 7 26 17 26 7 
62 62 67 62 40 48 12 48 52 48 62 30 -1 27 27 48 57 48 20 31 -1 48 27 -1 32 62 57 20 23 52 20 12 12 52 20 23 48 56 57 12 23 52 62 62 12 48 23 62 -1 -1 32 35 -1 52 34 46 20 -1 12 28 62 23 -1 57 44 23 28 23 52 23 52 57 
8 27 67 69 -1 22 69 22 4 37 27 42 32 27 27 22 37 69 69 22 27 69 -1 69 32 8 4 22 66 8 69 22 -1 22 37 69 42 22 32 69 4 8 4 27 32 22 69 42 22 32 -1 56 8 22 22 26 32 26 69 37 32 32 8 8 37 42 32 32 26 -1 8 22 
62 35 67 56 40 48 56 35 56 56 56 56 62 35 56 48 56 48 35 35 56 48 56 35 56 62 56 35 35 56 56 48 56 56 35 -1 48 56 56 56 35 56 62 56 35 48 35 62 35 35 56 -1 56 56 35 46 -1 62 48 56 56 35 35 48 56 35 35 35 56 35 35 40 
8 62 67 56 8 49 53 67 -1 56 62 30 49 39 56 29 55 53 30 56 30 33 29 28 29 8 53 28 -1 -1 -1 29 29 -1 56 62 49 56 29 30 8 8 62 62 49 29 28 62 49 -1 8 56 -1 -1 53 33 -1 28 53 28 29 28 -1 8 56 28 28 53 33 28 8 55 
62 62 67 62 26 26 -1 67 52 37 62 30 6 39 62 -1 55 -1 20 31 6 17 15 67 29 62 -1 20 52 15 -1 15 67 15 37 62 26 26 55 30 26 52 62 62 12 15 55 62 15 52 22 56 -1 -1 17 -1 52 26 6 37 62 55 -1 21 37 31 52 -1 26 6 26 55 
66 34 67 37 26 7 58 -1 70 37 37 42 58 27 27 17 37 -1 34 7 34 17 7 35 61 71 7 22 66 17 53 17 66 17 -1 34 7 34 42 69 61 43 22 34 34 58 35 66 7 34 22 35 53 17 -1 53 37 66 -1 37 29 58 21 21 37 31 -1 7 37 17 34 7 
62 62 71 62 26 26 53 71 70 37 37 38 53 42 42 33 -1 53 70 37 53 33 33 46 38 71 -1 42 46 33 53 33 38 -1 70 46 26 16 -1 53 71 70 16 62 64 33 -1 42 26 46 26 46 33 -1 53 -1 37 16 53 37 38 16 53 33 38 42 38 16 -1 46 -1 -1 
52 27 67 -1 37 48 20 37 52 3 37 30 20 27 3 48 37 48 20 37 -1 48 37 27 -1 52 37 20 52 24 20 48 24 52 37 48 48 -1 24 3 61 43 27 3 14 48 27 62 -1 20 32 -1 -1 52 37 37 -1 37 20 37 24 24 3 48 37 48 32 32 37 20 37 64 
62 62 67 62 26 26 49 67 62 37 62 38 49 28 62 49 -1 53 49 37 49 62 37 28 38 71 -1 28 -1 38 38 49 67 52 37 62 26 16 -1 49 71 62 16 62 49 49 28 62 49 -1 26 62 28 26 66 16 37 -1 61 28 62 16 -1 -1 38 28 28 -1 26 28 26 -1 
62 54 67 69 61 48 -1 54 45 45 27 30 6 69 45 45 61 54 69 54 6 48 45 61 61 65 53 20 61 45 20 12 12 45 54 48 48 45 61 69 61 45 45 54 45 -1 61 66 45 12 69 48 53 6 -1 53 20 61 -1 45 61 -1 12 64 45 61 54 53 64 -1 54 54 
-1 37 67 37 8 37 53 37 0 37 37 42 62 28 28 37 37 37 37 37 56 62 37 28 56 0 37 28 -1 8 52 37 66 52 37 28 37 -1 57 37 28 0 37 41 64 37 28 0 56 28 37 56 28 37 37 37 37 28 45 -1 62 28 0 0 37 25 28 28 37 28 8 25 
62 62 67 62 29 48 62 29 29 62 62 30 62 39 62 29 61 29 30 31 30 62 29 61 -1 62 62 62 52 -1 29 29 24 29 62 62 62 56 24 30 61 29 62 62 62 29 55 62 29 62 32 56 29 62 29 38 24 62 61 62 -1 24 -1 -1 63 62 32 32 64 29 29 62 
64 27 67 56 40 37 58 58 29 37 27 38 32 27 27 29 -1 58 64 37 27 64 27 -1 -1 65 37 23 23 24 29 65 24 55 35 23 42 16 24 69 -1 29 16 27 64 58 23 42 35 23 32 35 28 55 58 16 24 16 -1 28 24 -1 35 64 -1 23 28 16 64 23 55 40 
-1 -1 67 -1 8 42 12 42 -1 3 -1 42 -1 27 3 53 42 21 34 31 49 -1 42 35 60 0 53 1 52 8 52 12 12 21 1 -1 42 10 42 3 8 0 -1 -1 12 42 35 -1 21 -1 8 35 -1 -1 21 53 3 -1 12 0 -1 35 -1 0 37 42 1 53 33 12 8 57 
-1 62 67 62 8 48 53 67 0 64 62 57 57 47 64 21 57 21 64 64 57 -1 64 57 60 0 57 47 57 60 60 48 60 21 64 48 48 64 57 57 64 0 47 41 64 64 55 0 21 57 8 48 8 21 21 33 48 -1 64 0 -1 64 0 -1 -1 25 47 57 64 21 8 57 
63 37 71 37 37 37 44 71 63 37 37 38 44 37 44 45 37 45 44 37 44 63 37 61 38 71 37 37 57 38 38 37 38 68 37 37 37 -1 -1 44 61 63 38 37 -1 -1 55 42 45 44 37 56 56 37 37 38 37 38 45 37 63 -1 37 -1 -1 42 37 37 -1 44 37 -1 
25 27 67 62 42 42 31 31 25 42 27 42 31 27 27 31 42 31 69 31 27 48 42 -1 42 -1 42 23 23 31 42 -1 31 31 31 23 42 31 42 31 23 25 -1 62 31 31 23 42 31 23 42 35 28 31 31 42 48 28 61 25 62 23 42 25 42 -1 28 23 33 23 25 25 
47 -1 67 43 47 54 32 54 47 27 27 47 32 27 27 54 47 54 34 34 27 54 27 28 32 47 57 1 -1 32 52 32 -1 52 1 28 47 34 32 32 28 43 47 1 32 58 28 -1 32 28 32 35 28 52 -1 38 32 28 54 28 32 28 1 47 37 28 -1 32 37 28 34 54 
62 27 -1 62 40 7 53 -1 53 37 27 42 32 27 27 53 -1 53 69 7 27 53 7 -1 32 65 53 23 23 32 53 19 -1 53 19 23 7 16 57 32 23 53 16 62 32 22 23 42 7 23 32 35 53 -1 7 16 32 -1 53 28 32 16 53 57 37 23 32 -1 37 23 53 2 
59 37 71 37 26 26 53 26 26 37 37 55 64 37 64 33 37 33 37 37 56 33 37 55 55 71 -1 37 52 33 52 33 50 -1 37 37 26 -1 55 37 26 26 26 37 64 64 55 42 26 52 26 56 33 26 37 -1 37 26 64 37 64 64 33 64 -1 33 37 37 -1 33 26 55 
50 27 67 39 50 48 -1 50 50 39 27 39 6 39 27 17 61 -1 -1 34 6 17 50 -1 50 65 50 23 23 17 39 12 50 17 18 23 39 34 39 -1 23 43 27 39 18 58 23 42 17 23 -1 35 28 6 17 46 20 28 -1 28 29 23 12 21 44 23 28 23 33 -1 34 40 
8 34 71 62 8 26 53 26 -1 37 37 55 62 34 34 29 55 53 34 34 34 55 37 35 29 8 -1 34 52 8 29 34 29 55 -1 34 26 26 55 30 8 8 8 34 34 29 55 8 26 52 8 35 8 26 34 -1 37 26 54 8 29 55 8 8 37 25 34 53 26 34 -1 55 
25 62 -1 62 40 7 55 -1 25 64 62 55 57 27 64 22 55 54 64 7 57 55 7 40 55 -1 55 22 57 22 55 19 67 55 19 40 7 64 55 55 -1 25 22 62 64 64 55 25 7 57 22 40 55 55 7 -1 64 -1 54 25 62 40 57 57 -1 25 54 2 55 40 55 -1 
