25
9 24
-1 17 15 15 19 10 23 19 -1 10 8 15 -1 12 12 -1 12 12 14 -1 15 12 -1 -1 23 
17 -1 4 4 -1 -1 17 5 10 10 5 18 17 4 17 4 4 -1 -1 4 5 5 7 17 7 
15 4 -1 4 -1 21 -1 15 15 15 15 15 15 15 4 -1 4 4 4 4 6 -1 15 6 6 
15 4 4 -1 -1 4 4 13 15 15 15 15 13 -1 -1 -1 4 4 14 -1 15 13 13 13 13 
19 -1 -1 -1 -1 1 2 19 19 16 5 16 16 3 3 2 -1 -1 1 -1 5 2 16 19 6 
10 -1 21 4 1 -1 20 -1 10 10 -1 20 10 7 12 10 4 1 1 7 -1 -1 7 12 7 
23 17 -1 4 2 20 -1 20 22 20 15 20 17 23 17 2 17 -1 17 23 -1 2 20 -1 -1 
19 5 15 13 19 -1 20 -1 22 10 5 18 13 -1 18 13 22 5 -1 -1 -1 5 -1 13 -1 
-1 10 15 15 19 10 22 22 -1 10 -1 10 0 22 22 0 22 12 22 0 22 10 -1 0 22 
10 10 15 15 16 10 20 10 10 -1 -1 -1 10 12 12 10 11 12 11 12 11 10 10 12 10 
8 5 15 15 5 -1 15 5 -1 -1 -1 9 -1 12 12 -1 12 12 5 12 5 5 8 12 7 
15 18 15 15 16 20 20 18 10 -1 9 -1 15 15 18 -1 -1 16 -1 15 -1 20 16 15 18 
-1 17 15 13 16 10 17 13 0 10 -1 15 -1 -1 -1 -1 -1 -1 14 -1 15 -1 0 -1 23 
12 4 15 -1 3 7 23 -1 22 12 12 15 -1 -1 3 -1 12 12 7 3 7 -1 -1 -1 7 
12 17 4 -1 3 12 17 18 22 12 12 18 -1 3 -1 3 12 -1 -1 3 22 12 -1 12 17 
-1 4 -1 -1 2 10 2 13 0 10 -1 -1 -1 -1 3 -1 11 12 11 0 -1 2 0 0 6 
12 4 4 4 -1 4 17 22 22 11 12 -1 -1 12 12 11 -1 -1 11 4 11 12 -1 12 17 
12 -1 4 4 -1 1 -1 5 12 12 12 16 -1 12 -1 12 -1 -1 1 4 6 12 14 6 6 
14 -1 4 14 1 1 17 -1 22 11 5 -1 14 7 -1 11 11 1 -1 7 7 5 7 13 7 
-1 4 4 -1 -1 7 23 -1 0 12 12 15 -1 3 3 0 4 4 7 -1 7 12 -1 -1 7 
15 5 6 15 5 -1 -1 -1 22 11 5 -1 15 7 22 -1 11 6 7 7 -1 -1 -1 6 6 
12 5 -1 13 2 -1 2 5 10 10 5 20 -1 -1 12 2 12 12 5 12 -1 -1 13 12 6 
-1 7 15 13 16 7 20 -1 -1 10 8 16 0 -1 -1 0 -1 14 7 -1 -1 13 -1 0 7 
-1 17 6 13 19 12 -1 13 0 12 12 15 -1 -1 12 0 12 6 13 -1 6 12 0 -1 -1 
23 7 6 13 6 7 -1 -1 22 10 7 18 23 7 17 6 17 6 7 7 6 6 7 -1 -1 
