42
2 21
-1 14 30 41 27 14 -1 30 14 26 27 13 30 -1 -1 14 27 30 26 30 13 30 6 6 23 13 6 -1 30 27 -1 20 6 30 14 14 14 30 6 27 14 13 
14 -1 38 41 23 8 23 38 -1 17 17 23 24 23 8 8 23 -1 -1 30 23 35 38 -1 18 17 18 17 24 23 17 18 8 31 8 8 14 17 -1 18 14 -1 
30 38 -1 -1 36 3 36 -1 5 3 36 16 30 41 36 36 7 30 36 7 5 30 38 16 36 36 9 36 30 7 7 36 5 9 40 5 -1 30 7 30 36 3 
41 41 -1 -1 35 -1 26 2 5 -1 9 16 28 41 8 41 5 10 26 7 5 35 32 16 41 26 9 10 26 7 7 9 5 9 41 5 2 17 7 31 36 -1 
27 23 36 35 -1 35 23 38 35 23 27 23 24 23 23 24 23 23 24 31 23 35 38 -1 -1 24 23 -1 24 23 24 23 23 28 23 -1 27 23 -1 24 34 23 
14 8 3 -1 35 -1 32 16 -1 3 9 16 35 20 8 8 -1 8 8 16 -1 35 32 16 15 16 9 16 33 16 16 16 -1 32 8 -1 3 23 8 27 14 3 
-1 23 36 26 23 32 -1 38 14 26 26 13 24 0 -1 14 23 23 26 30 14 24 -1 -1 23 26 -1 0 26 23 0 23 -1 32 23 14 14 23 -1 24 14 13 
30 38 -1 2 38 16 38 -1 38 -1 9 16 30 16 30 10 -1 30 38 -1 16 30 38 16 23 29 9 16 30 -1 -1 9 16 9 23 16 2 30 -1 30 36 3 
14 -1 5 5 35 -1 14 38 -1 5 15 16 24 14 -1 -1 5 1 1 38 5 35 38 1 15 17 14 14 24 16 14 16 5 34 -1 -1 14 17 -1 18 14 1 
26 17 3 -1 23 3 26 -1 5 -1 -1 16 28 16 26 10 -1 10 26 7 31 28 26 16 15 26 -1 10 26 7 7 -1 33 -1 33 5 10 17 7 31 34 3 
27 17 36 9 27 9 26 9 15 -1 -1 16 24 27 36 -1 9 -1 17 9 27 24 26 16 15 17 9 -1 24 9 17 9 33 9 15 15 -1 17 9 27 36 15 
13 23 16 16 23 16 13 16 16 16 16 -1 30 -1 13 25 -1 25 25 30 13 30 13 13 25 -1 25 16 30 16 -1 16 16 16 23 16 25 30 16 30 36 13 
30 24 30 28 24 35 24 30 24 28 24 30 -1 24 30 24 24 30 24 30 24 -1 24 24 -1 24 28 24 -1 25 -1 24 33 28 24 21 30 28 24 24 36 24 
-1 23 41 41 23 20 0 16 14 16 27 -1 24 -1 0 41 11 23 23 30 -1 24 -1 -1 23 11 6 0 24 16 0 20 22 31 23 20 14 23 22 24 14 -1 
-1 8 36 8 23 8 -1 30 -1 26 36 13 30 0 -1 8 8 8 8 30 -1 35 6 6 15 36 6 0 26 36 0 20 6 31 8 8 -1 23 6 27 -1 8 
14 8 36 41 24 8 14 10 -1 10 -1 25 24 41 8 -1 8 10 24 10 8 24 38 24 -1 24 10 10 24 25 17 10 8 10 8 8 10 17 8 24 14 -1 
27 23 7 5 23 -1 23 -1 5 -1 9 -1 24 11 8 8 -1 10 31 7 5 35 38 -1 23 11 9 -1 24 -1 7 -1 5 9 23 5 27 23 -1 27 34 5 
30 -1 30 10 23 8 23 30 1 10 -1 25 30 23 8 10 10 -1 1 30 23 30 38 1 25 -1 25 10 30 25 -1 25 8 10 8 8 10 -1 1 30 36 1 
26 -1 36 26 24 8 26 38 1 26 17 25 24 23 8 24 31 1 -1 31 31 24 38 1 -1 24 -1 39 24 25 39 -1 26 31 8 8 31 17 -1 -1 36 1 
30 30 7 7 31 16 30 -1 38 7 9 30 30 30 30 10 7 30 31 -1 31 30 38 31 30 31 9 16 30 7 -1 -1 33 31 31 16 30 30 7 30 36 7 
13 23 5 5 23 -1 14 16 5 31 27 13 24 -1 -1 8 5 23 31 31 -1 35 13 -1 23 31 14 -1 24 16 13 -1 5 31 23 5 14 23 8 27 14 13 
30 35 30 35 35 35 24 30 35 28 24 30 -1 24 35 24 35 30 24 30 35 -1 35 24 12 24 28 35 12 25 12 24 35 28 35 -1 30 28 35 24 35 24 
6 38 38 32 38 32 -1 38 38 26 26 13 24 -1 6 38 38 38 38 38 13 35 -1 6 23 13 6 6 26 38 6 20 -1 32 23 32 14 23 -1 38 14 13 
6 -1 16 16 -1 16 -1 16 1 16 16 13 24 -1 6 24 -1 1 1 31 -1 24 6 -1 -1 24 6 4 24 16 37 -1 6 31 -1 4 31 -1 1 24 34 1 
23 18 36 41 -1 15 23 23 15 15 15 25 -1 23 15 -1 23 25 -1 30 23 12 23 -1 -1 -1 18 4 -1 25 12 18 23 28 23 4 25 23 4 -1 34 15 
13 17 36 26 24 16 26 29 17 26 17 -1 24 11 36 24 11 -1 24 31 31 24 13 24 -1 -1 -1 36 24 -1 11 -1 26 31 24 24 -1 17 16 24 36 13 
6 18 9 9 23 9 -1 9 14 -1 9 25 28 6 6 10 9 25 -1 9 14 28 6 6 18 -1 -1 6 -1 25 28 9 6 9 23 9 25 28 6 18 14 9 
-1 17 36 10 -1 16 0 16 14 10 -1 16 24 0 0 10 -1 10 39 16 -1 35 6 4 4 36 6 -1 39 16 0 16 6 10 23 4 -1 17 4 -1 36 13 
30 24 30 26 24 33 26 30 24 26 24 30 -1 24 26 24 24 30 24 30 24 12 26 24 -1 24 -1 39 -1 25 -1 33 33 -1 33 21 30 -1 24 -1 34 24 
27 23 7 7 23 16 23 -1 16 7 9 16 25 16 36 25 -1 25 25 7 16 25 38 16 25 -1 25 16 25 -1 7 16 16 9 23 16 25 23 7 25 36 7 
-1 17 7 7 24 16 0 -1 14 7 17 -1 -1 0 0 17 7 -1 39 -1 13 12 6 37 12 11 28 0 -1 7 -1 19 6 28 33 21 -1 -1 7 -1 36 13 
20 18 36 9 23 16 23 9 16 -1 9 16 24 20 20 10 -1 25 -1 -1 -1 24 20 -1 18 -1 9 16 33 16 19 -1 33 -1 23 16 -1 23 16 -1 36 9 
6 8 5 5 23 -1 -1 16 5 33 33 16 33 22 6 8 5 8 26 33 5 35 -1 6 23 26 6 6 33 16 6 33 -1 -1 33 5 14 23 6 33 14 5 
30 31 9 9 28 32 32 9 34 -1 9 16 28 31 31 10 9 10 31 31 31 28 32 31 28 31 9 10 -1 9 28 -1 -1 -1 -1 32 31 28 9 28 34 34 
14 8 40 41 23 8 23 23 -1 33 15 23 24 23 8 8 23 8 8 31 23 35 23 -1 23 24 23 23 33 23 33 23 33 -1 -1 8 40 23 8 24 -1 -1 
14 8 5 5 -1 -1 14 16 -1 5 15 16 21 20 8 8 5 8 8 16 5 -1 32 4 4 24 9 4 21 16 21 16 5 32 8 -1 14 23 4 24 14 5 
14 14 -1 2 27 3 14 2 14 10 -1 25 30 14 -1 10 27 10 31 30 14 30 14 31 25 -1 25 -1 30 25 -1 -1 14 31 40 14 -1 30 7 27 -1 3 
30 17 30 17 23 23 23 30 17 17 17 30 28 23 23 17 23 -1 17 30 23 28 23 -1 23 17 28 17 -1 23 -1 23 23 28 23 23 30 -1 17 28 34 17 
6 -1 7 7 -1 8 -1 -1 -1 7 9 16 24 22 6 8 -1 1 -1 7 8 35 -1 1 4 16 6 4 24 7 7 16 6 9 8 4 7 17 -1 18 14 1 
27 18 30 31 24 27 24 30 18 31 27 30 24 24 27 24 27 30 -1 30 27 24 38 24 -1 24 18 -1 -1 25 -1 -1 33 28 24 24 27 28 18 -1 36 18 
14 14 36 36 34 14 14 36 14 34 36 36 36 14 -1 14 34 36 36 36 14 35 14 34 34 36 14 36 34 36 36 36 14 34 -1 14 -1 34 14 36 -1 34 
13 -1 3 -1 23 3 13 3 1 3 15 13 24 -1 8 -1 5 1 1 7 13 24 13 1 15 13 9 13 24 7 13 9 5 34 -1 5 3 17 1 18 34 -1 
