51
21 43
-1 42 12 -1 -1 12 3 12 38 12 12 31 -1 -1 6 30 50 26 30 32 12 20 4 3 4 26 -1 26 4 22 3 -1 12 42 4 26 41 24 -1 3 3 28 -1 3 12 22 26 26 26 26 26 
42 -1 32 30 24 32 30 32 32 11 24 -1 32 42 47 30 32 24 30 32 24 41 30 30 -1 32 46 33 41 30 -1 11 -1 -1 41 32 41 24 46 30 30 -1 -1 30 11 11 -1 -1 32 30 42 
12 32 -1 12 12 32 12 12 -1 -1 8 9 -1 12 47 49 27 10 49 32 10 48 44 49 10 32 49 8 9 44 49 11 -1 -1 44 32 44 32 8 9 12 49 12 12 -1 9 33 33 32 -1 42 
-1 30 12 -1 0 39 -1 12 38 39 30 30 0 0 6 30 39 39 30 39 12 41 30 -1 30 23 0 25 4 30 -1 0 12 30 4 26 44 43 -1 -1 -1 30 0 -1 39 30 30 14 25 23 6 
-1 24 12 0 -1 34 3 34 22 28 22 24 0 0 6 30 37 22 30 29 22 41 -1 3 -1 26 0 44 -1 22 -1 0 12 24 -1 22 41 24 0 22 3 28 0 3 22 22 30 22 26 30 26 
12 32 32 39 34 -1 39 -1 32 39 7 32 7 12 50 39 -1 39 39 16 7 20 39 32 37 32 32 16 34 19 39 12 -1 27 7 32 44 -1 32 -1 39 32 7 37 7 37 32 10 32 39 16 
3 30 12 -1 3 39 -1 50 38 39 47 47 3 -1 -1 30 50 39 50 39 47 50 30 3 30 23 50 50 50 30 3 3 50 47 4 50 50 43 3 3 3 30 50 3 39 30 30 14 50 23 -1 
12 32 12 12 34 -1 50 -1 10 12 -1 44 -1 12 47 30 5 10 50 32 -1 20 10 32 10 32 12 44 34 44 22 12 -1 42 -1 32 44 5 10 5 17 34 -1 37 -1 17 44 10 32 10 42 
38 32 -1 38 22 32 38 10 -1 2 -1 44 2 38 47 30 27 10 30 32 10 20 10 27 10 27 27 -1 9 44 22 38 -1 2 44 32 44 24 -1 44 17 32 10 38 -1 9 38 10 32 2 27 
12 11 -1 39 28 39 39 12 2 -1 8 -1 2 12 47 39 39 39 39 39 10 41 39 39 11 28 28 8 -1 39 39 11 2 2 28 28 41 45 8 -1 39 28 28 39 2 -1 11 11 32 2 28 
12 24 8 30 22 7 47 -1 -1 8 -1 24 7 12 47 30 7 -1 30 49 -1 20 -1 49 -1 17 49 8 22 22 22 24 7 47 7 22 44 24 8 17 17 49 7 37 7 17 47 -1 21 -1 42 
31 -1 9 30 24 32 47 44 44 -1 24 -1 9 31 47 30 37 24 30 32 24 41 44 47 -1 47 28 44 9 44 1 -1 1 1 44 32 44 24 31 9 24 1 1 37 -1 9 1 -1 32 9 42 
-1 32 -1 0 0 7 3 -1 2 2 7 9 -1 0 50 30 7 10 50 32 7 20 4 3 4 32 0 8 42 32 3 0 -1 2 7 32 44 7 0 3 3 32 -1 3 2 9 26 10 32 2 42 
-1 42 12 0 0 12 -1 12 38 12 12 31 0 -1 6 30 50 26 50 32 12 50 4 3 4 26 0 26 4 22 3 0 12 42 4 26 50 24 0 3 3 28 0 3 12 22 26 14 50 26 6 
6 47 47 6 6 50 -1 47 47 47 47 47 50 6 -1 30 50 47 50 50 47 50 47 6 47 47 50 47 50 47 6 47 47 47 47 50 50 50 6 6 6 47 50 6 47 47 47 -1 50 47 -1 
30 30 49 30 30 39 30 30 30 39 30 30 30 30 30 -1 37 39 30 39 30 41 30 30 30 30 46 33 30 30 -1 30 30 30 30 30 41 30 30 30 30 30 30 30 30 30 30 30 32 30 30 
50 32 27 39 37 -1 50 5 27 39 7 37 7 50 50 37 -1 27 50 -1 7 50 29 27 37 27 50 -1 45 19 37 37 5 27 7 32 44 -1 27 5 27 49 50 37 27 19 33 27 50 19 -1 
26 24 10 39 22 39 39 10 10 39 -1 24 10 26 47 39 27 -1 39 39 10 20 10 25 10 -1 25 25 45 22 39 24 25 27 10 22 44 45 10 -1 -1 45 10 39 39 -1 26 10 25 10 26 
30 30 49 30 30 39 50 50 30 39 30 30 50 50 50 30 50 39 -1 39 30 50 30 30 30 50 50 50 30 30 -1 30 30 30 30 30 50 30 30 30 30 30 50 30 30 30 30 30 50 30 -1 
32 32 32 39 29 16 39 32 32 39 49 32 32 32 50 39 -1 39 39 -1 32 48 29 49 32 32 49 16 45 -1 39 32 -1 27 32 32 44 16 32 -1 39 49 32 37 29 -1 32 32 32 -1 16 
12 24 10 12 22 7 47 -1 10 10 -1 24 7 12 47 30 7 10 30 32 -1 -1 10 49 10 17 49 10 34 22 22 12 7 42 7 22 41 7 10 7 17 21 7 37 7 17 41 10 21 10 42 
20 41 48 41 41 20 50 20 20 41 20 41 20 50 50 41 50 20 50 48 -1 -1 20 48 20 48 41 48 41 22 41 41 48 41 41 48 41 20 46 49 20 -1 20 37 20 41 41 20 -1 41 48 
4 30 44 30 -1 39 30 10 10 39 -1 44 4 4 47 30 29 10 30 29 10 20 -1 30 4 17 35 44 4 -1 -1 4 35 30 4 -1 44 45 4 -1 17 28 35 30 -1 -1 30 10 35 10 30 
3 30 49 -1 3 32 3 32 27 39 49 47 3 3 6 30 27 25 30 49 49 48 30 -1 30 -1 25 25 26 49 3 3 25 27 49 26 48 43 3 3 3 49 3 3 27 25 26 25 25 -1 6 
4 -1 10 30 -1 37 30 10 10 11 -1 -1 4 4 47 30 37 10 30 32 10 20 4 30 -1 17 4 10 4 22 -1 11 1 1 4 22 41 -1 4 30 17 1 1 37 11 37 1 1 32 10 30 
26 32 32 23 26 32 23 32 27 28 17 47 32 26 47 30 27 -1 50 32 17 48 17 -1 17 -1 -1 -1 26 32 23 26 -1 27 28 26 48 27 23 17 17 28 26 23 27 17 26 -1 -1 23 26 
-1 46 49 0 0 32 50 12 27 28 49 28 0 0 50 46 50 25 50 49 49 41 35 25 4 -1 -1 25 -1 35 46 0 25 46 28 -1 41 45 0 49 3 28 0 3 46 28 -1 25 25 -1 -1 
26 33 8 25 44 16 50 44 -1 8 8 44 8 26 47 33 -1 25 50 16 10 48 44 25 10 -1 25 -1 26 44 33 44 8 -1 44 26 44 16 8 44 25 33 33 37 -1 19 33 25 25 8 16 
4 41 9 4 -1 34 50 34 9 -1 22 9 42 4 50 30 45 45 30 45 34 41 4 26 4 26 -1 26 -1 22 4 4 9 42 -1 26 41 45 4 9 45 -1 -1 45 34 -1 26 11 26 26 26 
22 30 44 30 22 19 30 44 44 39 22 44 32 22 47 30 19 22 30 -1 22 22 -1 49 22 32 35 44 22 -1 22 44 19 44 44 22 44 19 44 19 22 44 35 30 -1 19 44 22 32 19 19 
3 -1 49 -1 -1 39 3 22 22 39 22 1 3 3 6 -1 37 39 -1 39 22 41 -1 3 -1 23 46 33 4 22 -1 3 1 1 4 22 41 24 3 -1 3 1 1 3 22 22 -1 1 32 -1 18 
-1 11 11 0 0 12 3 12 38 11 24 -1 0 0 47 30 37 24 30 32 12 41 4 3 11 26 0 44 4 44 3 -1 11 11 4 26 44 24 0 3 3 11 0 3 11 11 11 11 26 26 26 
12 -1 -1 12 12 -1 50 -1 -1 2 7 1 -1 12 47 30 5 25 30 -1 7 48 35 25 1 -1 25 8 9 19 1 11 -1 1 7 -1 48 5 8 5 25 1 1 37 2 19 1 1 -1 2 48 
42 -1 -1 30 24 27 47 42 2 2 47 1 2 42 47 30 27 27 30 27 42 41 30 27 1 27 46 -1 42 44 1 11 1 -1 41 42 41 24 46 9 27 1 -1 30 2 9 -1 -1 27 2 42 
4 41 44 4 -1 7 4 -1 44 28 7 44 7 4 47 30 7 10 30 32 7 41 4 49 4 28 28 44 -1 44 4 4 7 41 -1 22 41 7 4 44 4 -1 7 4 -1 28 41 10 32 41 28 
26 32 32 26 22 32 50 32 32 28 22 32 32 26 50 30 32 22 30 32 22 48 -1 26 22 26 -1 26 26 22 22 26 -1 42 22 -1 44 32 26 22 22 28 -1 26 22 22 26 22 32 26 26 
41 41 44 44 41 44 50 44 44 41 44 44 44 50 50 41 44 44 50 44 41 41 44 48 41 48 41 44 41 44 41 44 48 41 41 44 -1 41 44 44 44 -1 41 44 -1 41 41 41 -1 41 48 
24 24 32 43 24 -1 43 5 24 45 24 24 7 24 50 30 -1 45 30 16 7 20 45 43 -1 27 45 16 45 19 24 24 5 24 7 32 41 -1 43 5 43 24 7 -1 7 -1 24 24 32 19 16 
-1 46 8 -1 0 32 3 10 -1 8 8 31 0 0 6 30 27 10 30 32 10 46 4 3 4 23 0 8 4 44 3 0 8 46 4 26 44 43 -1 3 3 46 0 3 8 9 -1 46 32 8 6 
3 30 9 -1 22 -1 3 5 44 -1 17 9 3 3 6 30 5 -1 30 -1 7 49 -1 3 30 17 49 44 9 19 -1 3 5 9 44 22 44 5 3 -1 3 49 3 3 -1 9 30 11 25 -1 6 
3 30 12 -1 3 39 3 17 17 39 17 24 3 3 6 30 27 -1 30 39 17 20 17 3 17 17 3 25 45 22 3 3 25 27 4 22 44 43 3 3 -1 30 3 3 39 17 30 17 25 17 6 
28 -1 49 30 28 32 30 34 32 28 49 1 32 28 47 30 49 45 30 49 21 -1 28 49 1 28 28 33 -1 44 1 11 1 1 -1 28 -1 24 46 49 30 -1 1 30 34 28 -1 1 21 -1 28 
-1 -1 12 0 0 7 50 -1 10 28 7 1 -1 0 50 30 50 10 50 32 7 20 35 3 1 26 0 33 -1 35 1 0 1 -1 7 -1 41 7 0 3 3 1 -1 3 7 28 1 1 50 10 -1 
3 30 12 -1 3 37 3 37 38 39 37 37 3 3 6 30 37 39 30 37 37 37 30 3 37 23 3 37 45 30 3 3 37 30 4 26 44 -1 3 3 3 30 3 -1 39 37 30 14 25 23 6 
12 11 -1 39 22 7 39 -1 -1 2 7 -1 2 12 47 30 27 39 30 29 7 20 -1 27 11 27 46 -1 34 -1 22 11 2 2 -1 22 -1 7 8 -1 39 34 7 39 -1 22 -1 11 36 2 27 
22 11 9 30 22 37 30 17 9 -1 17 9 9 22 47 30 19 -1 30 -1 17 41 -1 25 37 17 28 19 -1 19 22 11 19 9 28 22 41 -1 9 9 17 28 28 37 22 -1 28 11 25 19 19 
26 -1 33 30 30 32 30 44 38 11 47 1 26 26 47 30 33 26 30 32 41 41 30 26 1 26 -1 33 26 44 -1 11 1 -1 41 26 41 24 -1 30 30 -1 1 30 -1 28 -1 -1 26 26 26 
26 -1 33 14 22 10 14 10 10 11 -1 -1 10 14 -1 30 27 10 30 32 10 20 10 25 1 -1 25 25 11 22 1 11 1 -1 10 22 41 24 46 11 17 1 1 14 11 11 -1 -1 25 10 14 
26 32 32 25 26 32 50 32 32 32 21 32 32 50 50 32 50 25 50 32 21 -1 35 25 32 -1 25 25 26 32 32 26 -1 27 32 32 -1 32 32 25 25 21 50 25 36 25 26 25 -1 25 -1 
26 30 -1 23 30 39 23 10 2 2 -1 9 2 26 47 30 19 10 30 -1 10 41 10 -1 10 23 -1 8 26 19 -1 26 2 2 41 26 41 19 8 -1 17 -1 10 23 2 19 26 10 25 -1 26 
26 42 42 6 26 16 -1 42 27 28 42 42 42 6 -1 30 -1 26 -1 16 42 48 30 6 30 26 -1 16 26 19 18 26 48 42 28 26 48 16 6 6 6 28 -1 6 27 19 26 14 -1 26 -1 
