79
24 35
-1 20 52 20 51 55 44 20 22 30 55 22 56 -1 76 44 55 29 22 45 -1 45 -1 22 73 62 78 60 52 20 20 55 13 45 76 67 74 51 44 20 50 76 62 73 -1 -1 20 70 22 76 20 44 22 13 20 -1 22 45 44 13 44 50 -1 22 13 62 22 32 74 76 29 20 20 -1 22 13 -1 22 20 
20 -1 -1 -1 51 72 26 2 59 26 67 34 34 59 34 52 7 39 37 34 3 34 52 37 43 7 -1 34 34 20 20 26 67 59 -1 67 58 -1 69 -1 34 74 67 31 51 72 -1 68 61 16 20 37 2 59 20 51 59 31 37 -1 34 59 59 59 37 39 58 -1 34 2 68 3 67 20 34 34 34 61 26 
52 -1 -1 1 69 69 16 -1 23 26 78 52 69 59 34 52 7 7 23 16 3 49 52 7 43 7 -1 25 52 52 69 26 17 69 1 67 58 1 69 1 69 76 25 23 60 60 1 68 60 16 69 37 -1 25 77 16 69 31 37 1 52 25 25 52 23 17 69 1 17 -1 52 3 25 69 52 52 69 69 26 
20 -1 1 -1 71 50 16 -1 23 26 78 54 75 20 34 16 7 7 23 16 -1 75 20 7 43 7 1 25 34 20 20 16 17 71 1 67 71 1 25 1 50 74 25 23 20 20 1 68 71 16 20 37 2 25 20 16 25 71 71 1 71 25 20 59 23 17 71 1 17 2 29 -1 20 20 71 71 20 50 20 
51 51 69 71 -1 10 21 56 63 21 -1 56 56 32 21 49 49 32 63 21 51 -1 56 51 57 56 57 63 63 63 51 57 10 57 63 67 58 51 51 32 10 74 56 57 51 21 51 78 56 21 51 -1 51 56 57 10 -1 -1 51 56 51 51 56 -1 32 10 57 32 78 56 60 57 10 55 56 21 49 32 10 
55 72 69 50 10 -1 49 49 72 49 -1 57 49 32 42 49 49 65 72 49 50 49 55 72 57 72 57 40 40 50 50 57 10 57 40 72 71 51 72 50 -1 76 40 57 51 55 72 70 61 -1 -1 50 49 57 57 -1 10 -1 71 61 40 50 65 10 49 -1 57 72 65 40 65 57 -1 55 40 72 49 49 10 
44 26 16 16 21 49 -1 16 30 -1 55 19 49 44 19 -1 -1 16 30 -1 30 19 44 16 43 16 9 60 52 30 -1 16 17 45 19 67 58 58 44 30 69 74 19 31 -1 19 26 68 60 15 30 44 15 25 30 16 69 31 -1 69 44 25 44 21 15 17 58 26 58 15 30 58 30 30 58 19 19 49 26 
20 2 -1 -1 56 49 16 -1 23 16 32 23 27 32 42 16 -1 -1 23 16 3 49 23 -1 43 -1 2 25 52 17 16 16 17 53 2 67 58 23 25 17 27 74 25 23 16 55 2 68 61 16 20 37 2 25 20 16 25 31 16 2 27 25 25 23 23 17 23 2 17 2 29 3 25 43 27 29 23 32 20 
22 59 23 23 63 72 30 23 -1 30 53 22 53 53 76 52 23 29 -1 53 29 63 18 18 43 53 59 53 63 18 29 43 53 53 53 72 66 23 53 23 53 76 53 23 22 53 59 70 22 76 29 37 22 -1 22 22 22 53 66 53 52 53 53 18 23 29 18 72 29 59 29 57 18 22 22 29 18 22 53 
30 26 26 26 21 49 -1 16 30 -1 78 19 49 30 19 6 6 30 30 6 30 19 30 16 43 16 -1 34 34 30 -1 26 30 78 26 67 58 26 44 26 69 74 19 31 6 19 26 68 60 15 30 44 15 59 30 16 69 31 6 26 44 50 78 30 15 30 58 26 58 30 30 58 30 30 58 30 69 69 26 
55 67 78 78 -1 -1 55 32 53 78 -1 55 49 32 21 49 55 32 63 21 78 4 55 78 73 56 78 40 63 32 73 55 -1 78 78 67 78 78 72 32 5 76 40 73 51 55 67 78 78 5 5 4 78 32 57 -1 4 4 78 32 55 50 78 4 32 5 78 32 78 40 65 57 5 55 78 21 49 32 -1 
22 34 52 54 56 57 19 23 22 19 55 -1 56 22 -1 52 19 68 22 14 54 19 -1 22 43 42 34 34 34 22 54 57 77 57 14 67 74 52 74 54 42 74 14 23 22 19 34 68 -1 76 54 44 22 22 -1 22 22 54 68 56 14 48 22 22 76 54 22 42 48 56 60 57 22 22 22 14 14 22 54 
56 34 69 75 56 49 49 27 53 49 49 56 -1 75 75 49 49 75 56 49 75 49 56 27 49 27 34 -1 34 75 69 49 75 77 27 75 74 34 27 34 27 74 27 49 60 60 34 68 60 -1 40 56 49 27 77 49 -1 49 74 56 27 27 27 27 49 49 69 75 34 56 60 75 75 55 27 -1 49 49 49 
-1 59 59 20 32 32 44 32 53 30 32 22 75 -1 75 64 55 32 22 45 0 75 0 64 64 53 59 53 63 64 20 55 -1 53 59 67 74 59 44 20 69 76 53 64 0 0 59 68 61 64 20 44 22 -1 20 0 59 53 75 -1 44 59 -1 59 -1 62 53 32 32 59 64 75 75 0 22 -1 0 32 62 
76 34 34 34 21 42 19 42 76 19 21 -1 75 75 -1 19 19 68 76 -1 54 19 11 76 76 42 34 34 34 75 19 19 67 45 -1 67 58 34 42 34 42 76 -1 76 60 19 34 68 11 76 42 60 60 42 11 45 22 54 19 34 -1 42 42 34 76 70 76 42 34 76 60 60 75 76 22 -1 -1 22 68 
44 52 52 16 49 49 -1 16 52 6 49 52 49 64 19 -1 -1 16 52 6 30 49 52 64 43 16 9 49 52 52 6 16 64 69 52 67 58 52 69 64 69 76 69 31 6 19 52 68 60 -1 49 44 -1 64 77 16 69 31 6 69 52 69 64 52 -1 49 69 52 58 -1 52 58 49 30 52 49 49 49 52 
55 7 7 7 49 49 -1 -1 23 6 55 19 49 55 19 -1 -1 7 23 6 7 49 52 7 43 7 31 25 52 17 6 -1 17 55 7 67 58 23 69 17 69 76 25 31 6 55 7 68 60 -1 49 55 15 25 57 -1 69 31 6 69 44 25 25 69 15 17 69 7 17 -1 29 7 25 55 58 49 49 49 31 
29 39 7 7 32 65 16 -1 29 30 32 68 75 32 68 16 7 -1 29 16 29 75 29 7 43 7 7 25 52 -1 29 16 -1 77 68 67 68 23 25 -1 65 74 25 23 30 29 39 68 68 16 65 65 29 25 29 16 25 65 68 32 52 25 65 29 29 -1 29 32 -1 7 29 7 25 30 68 29 29 32 68 
22 37 23 23 63 72 30 23 -1 30 63 22 56 22 76 52 23 29 -1 72 29 63 -1 -1 43 72 23 63 63 -1 29 43 29 66 63 72 66 23 72 23 63 76 72 23 22 72 37 70 22 76 29 37 22 8 22 22 22 63 66 63 52 63 22 -1 23 29 -1 72 29 66 29 66 -1 22 22 29 -1 22 29 
45 34 16 16 21 49 -1 16 53 6 21 14 49 45 -1 6 6 16 72 -1 30 -1 14 16 43 42 9 34 34 30 6 16 21 45 14 67 58 58 44 30 42 76 14 31 6 -1 34 68 14 21 30 21 15 45 14 45 21 21 6 34 14 42 45 21 15 49 45 42 34 15 60 58 45 30 58 14 14 45 45 
-1 3 3 -1 51 50 30 3 29 30 78 54 75 0 54 30 7 29 29 30 -1 75 0 39 43 72 78 50 52 -1 -1 57 13 78 3 72 58 78 72 -1 50 76 50 39 0 0 3 70 54 50 -1 50 29 13 -1 0 22 54 30 3 44 50 0 29 29 50 29 72 78 30 29 3 -1 0 22 29 0 50 -1 
45 34 49 75 -1 49 19 49 63 19 4 19 49 75 19 49 49 75 63 -1 75 -1 56 49 49 56 19 49 63 75 19 49 10 45 19 75 58 51 75 75 49 76 19 49 19 19 34 75 19 -1 49 4 49 75 57 10 4 4 19 56 19 77 75 4 49 49 45 75 34 49 75 75 75 30 49 -1 49 49 10 
-1 52 52 20 56 55 44 23 18 30 55 -1 56 0 11 52 52 29 -1 14 0 56 -1 18 43 56 52 74 52 18 20 43 77 77 14 72 74 52 74 20 69 74 14 23 0 0 52 74 11 77 77 44 -1 13 11 0 -1 54 74 56 52 77 0 18 77 62 18 72 74 56 74 60 18 0 -1 13 0 -1 20 
22 37 7 7 51 72 16 -1 18 16 78 22 27 64 76 64 7 7 -1 16 39 49 18 -1 43 7 7 25 52 18 29 43 17 66 37 67 58 -1 25 -1 27 76 25 -1 51 72 37 68 22 16 39 37 37 18 39 16 22 43 37 37 52 25 25 18 -1 17 18 37 17 7 29 7 18 43 22 29 18 64 37 
73 43 43 43 57 57 43 43 43 43 73 43 49 64 76 43 43 43 43 43 43 49 43 43 -1 43 43 43 52 43 73 43 43 57 43 67 58 43 43 43 57 76 43 -1 73 73 43 68 43 43 43 43 43 43 57 73 43 43 43 43 52 43 73 43 43 43 43 43 43 43 43 57 43 43 43 43 43 64 43 
62 7 7 7 56 72 16 -1 53 16 56 42 27 53 42 16 7 7 72 42 72 56 56 7 43 -1 7 -1 34 17 44 16 17 53 27 67 74 23 -1 17 27 74 -1 23 38 72 7 72 61 16 61 44 7 -1 72 16 -1 53 74 53 27 -1 -1 27 23 62 53 42 17 38 72 7 -1 62 27 72 42 61 62 
78 -1 -1 1 57 57 9 2 59 -1 78 34 34 59 34 9 31 7 23 9 78 19 52 7 43 7 -1 34 34 30 9 -1 67 78 1 67 58 1 69 1 69 76 67 31 9 78 1 78 78 31 78 37 2 59 57 31 59 31 9 1 52 59 78 59 15 78 69 1 78 2 78 3 67 30 78 30 69 69 -1 
60 34 25 25 63 40 60 25 53 34 40 34 -1 53 34 49 25 25 63 34 50 49 74 25 43 -1 34 -1 34 60 60 25 25 53 -1 67 74 34 25 34 -1 74 25 25 60 60 34 68 60 12 40 50 60 25 34 40 12 40 74 63 -1 25 25 -1 25 40 63 34 34 40 60 60 25 55 -1 12 34 49 62 
52 34 52 34 63 40 52 52 63 34 63 34 34 63 34 52 52 52 63 34 52 63 52 52 52 34 34 34 -1 52 52 34 52 60 -1 67 58 52 34 34 34 74 34 52 60 60 34 68 60 52 40 52 -1 63 34 52 52 63 52 63 52 63 34 -1 52 52 63 34 34 52 52 60 63 52 34 34 34 52 52 
20 20 52 20 63 50 30 17 18 30 32 22 75 64 75 52 17 -1 -1 30 -1 75 18 18 43 17 30 60 52 -1 -1 17 17 66 52 67 74 52 44 17 50 74 75 23 30 20 20 70 60 52 20 44 -1 18 20 20 22 54 30 63 52 50 20 18 -1 17 18 32 17 30 -1 75 18 30 70 -1 18 64 20 
20 20 69 20 51 50 -1 16 29 -1 73 54 69 20 19 6 6 29 29 6 -1 19 20 29 73 44 9 60 52 -1 -1 16 29 69 19 72 58 51 44 20 69 76 69 73 -1 19 20 70 60 15 20 44 29 69 20 73 69 54 6 69 44 50 20 29 29 29 69 72 29 -1 29 20 20 -1 44 29 69 69 20 
55 26 26 16 57 57 16 16 43 26 55 57 49 55 19 16 -1 16 43 16 57 49 43 43 43 16 -1 25 34 17 16 -1 17 57 26 67 58 26 69 26 57 76 25 -1 16 55 26 78 57 16 57 55 16 57 57 16 57 -1 16 26 71 25 78 57 16 57 57 26 78 16 65 57 57 43 58 71 49 49 26 
13 67 17 17 10 10 17 17 53 30 -1 77 75 -1 67 64 17 -1 29 21 13 10 77 17 43 17 67 25 52 17 29 17 -1 77 67 67 68 67 72 17 10 74 67 23 13 13 67 68 68 77 77 10 29 13 77 10 10 10 68 13 44 77 13 10 13 17 77 -1 17 77 29 75 67 13 68 13 13 -1 10 
45 59 69 71 57 57 45 53 53 78 78 57 77 53 45 69 55 77 66 45 78 45 77 66 57 53 78 53 60 66 69 57 77 -1 78 72 66 78 53 78 57 74 53 57 45 -1 59 78 60 77 77 55 60 -1 57 45 53 -1 66 53 45 77 78 57 77 57 -1 72 78 66 60 57 45 45 66 53 45 -1 -1 
76 -1 1 1 63 40 19 2 53 26 78 14 27 59 -1 52 7 68 63 14 3 19 14 37 43 27 1 -1 -1 52 19 26 67 78 -1 67 68 1 27 1 27 74 14 31 60 19 1 68 68 27 40 37 28 27 14 40 27 78 68 1 14 27 27 27 76 68 68 1 -1 2 68 3 27 76 27 14 14 22 68 
67 67 67 67 67 72 67 67 72 67 67 67 75 67 67 67 67 67 72 67 72 75 72 67 67 67 67 67 67 67 72 67 67 72 67 -1 67 67 72 67 67 74 67 67 72 72 67 72 67 72 67 67 67 67 72 67 67 72 67 67 67 67 67 67 67 67 72 -1 67 67 72 67 67 67 72 72 67 67 67 
74 58 58 71 58 71 58 58 66 58 78 74 74 74 58 58 58 68 66 58 58 58 74 58 58 74 58 74 58 74 58 58 68 66 68 67 -1 58 74 58 74 74 74 58 58 58 58 68 68 58 58 58 58 66 71 58 74 71 -1 58 71 68 74 74 58 74 58 58 58 66 74 58 74 58 -1 71 74 74 58 
51 -1 1 1 51 51 58 23 23 26 78 52 34 59 34 52 23 23 23 58 78 51 52 -1 43 23 1 34 52 52 51 26 67 78 1 67 58 -1 51 1 51 74 67 23 51 55 1 68 60 52 51 -1 -1 59 78 51 51 78 -1 1 52 51 78 23 23 51 58 1 58 2 52 58 23 43 58 52 23 51 -1 
44 69 69 25 51 72 44 25 53 44 72 74 27 44 42 69 69 25 72 44 72 75 74 25 43 -1 69 25 34 44 44 69 72 53 27 72 74 51 -1 72 69 74 25 25 -1 72 69 72 60 69 51 44 60 25 72 44 25 72 74 69 44 25 25 27 69 62 69 72 74 -1 72 60 -1 44 -1 72 69 69 62 
20 -1 1 1 32 50 30 17 23 26 32 54 34 20 34 64 17 -1 23 30 -1 75 20 -1 43 17 1 34 34 17 20 26 17 78 1 67 58 1 72 -1 50 74 67 23 20 20 1 68 68 17 20 37 2 59 20 20 59 54 37 1 34 50 20 23 23 17 23 1 17 2 29 3 20 20 68 29 20 32 20 
50 34 69 50 10 -1 69 27 53 69 5 42 27 69 42 69 69 65 63 42 50 49 69 27 57 27 69 -1 34 50 69 57 10 57 27 67 74 51 69 50 -1 74 -1 57 51 55 34 68 60 5 -1 50 60 27 50 5 69 5 69 69 27 50 27 27 69 5 69 42 34 -1 60 57 5 55 27 27 69 50 10 
76 74 76 74 74 76 74 74 76 74 76 74 74 76 76 76 76 74 76 76 76 76 74 76 76 74 76 74 74 74 76 76 74 74 74 74 74 74 74 74 74 -1 76 76 74 76 74 74 74 76 74 74 74 74 74 76 74 74 74 76 74 74 76 74 76 74 74 74 74 76 74 74 74 76 -1 76 -1 74 74 
62 67 25 25 56 40 19 25 53 19 40 14 27 53 -1 69 25 25 72 14 50 19 14 25 43 -1 67 25 34 75 69 25 67 53 14 67 74 67 25 67 -1 76 -1 25 38 19 67 68 14 40 40 50 60 25 14 40 25 40 19 53 14 25 25 27 76 40 69 -1 34 40 60 60 25 55 27 14 14 50 62 
73 31 23 23 57 57 31 23 23 31 73 23 49 64 76 31 31 23 23 31 39 49 23 -1 -1 23 31 25 52 23 73 -1 23 57 31 67 58 23 25 23 57 76 25 -1 73 73 31 68 23 31 39 37 37 23 57 73 23 31 37 31 52 25 73 23 23 23 23 31 23 31 29 57 23 -1 23 29 23 64 31 
-1 51 60 20 51 51 -1 16 22 6 51 22 60 0 60 6 6 30 22 6 0 19 0 51 73 38 9 60 60 30 -1 16 13 45 60 72 58 51 -1 20 51 74 38 73 -1 0 51 70 60 15 51 -1 60 13 20 0 22 51 6 13 -1 38 0 51 13 51 58 72 58 30 60 60 38 0 38 13 0 22 20 
-1 72 60 20 21 55 19 55 53 19 55 19 60 0 19 19 55 29 72 -1 0 19 0 72 73 72 78 60 60 20 19 55 13 -1 19 72 58 55 72 20 55 76 19 73 0 -1 72 70 60 21 20 55 60 33 20 -1 22 33 19 13 -1 60 0 60 13 55 33 72 60 55 60 60 -1 0 22 72 0 33 33 
20 -1 1 1 51 72 26 2 59 26 67 34 34 59 34 52 7 39 37 34 3 34 52 37 43 7 1 34 34 20 20 26 67 59 1 67 58 1 69 1 34 74 67 31 51 72 -1 68 61 16 20 37 2 59 20 51 59 31 37 1 34 59 59 59 37 39 58 1 34 2 68 3 67 20 34 34 34 61 26 
70 68 68 68 78 70 68 68 70 68 78 68 68 68 68 68 68 68 70 68 70 75 74 68 68 72 78 68 68 70 70 78 68 78 68 72 68 68 72 68 68 74 68 68 70 70 68 -1 68 70 70 68 70 72 68 70 72 78 68 68 70 68 70 68 70 70 68 72 -1 68 -1 68 70 70 68 70 68 68 68 
22 61 60 71 56 61 60 61 22 60 78 -1 60 61 11 60 60 68 22 14 54 19 11 22 43 61 78 60 60 60 60 57 68 60 68 67 68 60 60 68 60 74 14 23 60 60 61 68 -1 77 61 60 60 61 11 60 22 54 68 61 -1 -1 61 60 77 61 68 42 -1 61 60 60 60 22 68 14 14 61 68 
76 16 16 16 21 -1 15 16 76 15 5 76 -1 64 76 -1 -1 16 76 21 50 -1 77 16 43 16 31 12 52 52 15 16 77 77 27 72 58 52 69 17 5 76 40 31 15 21 16 70 77 -1 5 21 15 77 77 5 12 5 15 56 27 77 65 21 15 5 69 72 17 15 65 57 5 55 27 12 -1 -1 10 
20 20 69 20 51 -1 30 20 29 30 5 54 40 20 42 49 49 65 29 30 -1 49 77 39 43 61 78 40 40 20 20 57 77 77 40 67 58 51 51 20 -1 74 40 39 51 20 20 70 61 5 -1 -1 29 61 20 5 51 5 51 61 40 -1 65 40 77 -1 69 42 61 40 65 20 5 20 40 29 20 -1 20 
44 37 37 37 -1 50 44 37 37 44 4 44 56 44 60 44 55 65 37 21 50 4 44 37 43 44 37 50 52 44 44 55 10 55 37 67 58 -1 44 37 50 74 50 37 -1 55 37 68 60 21 -1 -1 37 44 50 -1 4 4 37 37 44 50 44 4 37 50 58 37 58 44 60 57 44 55 44 21 44 50 37 
22 2 -1 2 51 49 15 2 22 15 78 22 49 22 60 -1 15 29 22 15 29 49 -1 37 43 7 2 60 -1 -1 29 16 29 60 28 67 58 -1 60 2 60 74 60 37 60 60 2 70 60 15 29 37 -1 22 22 16 22 71 37 2 -1 60 22 28 15 29 22 2 29 2 29 60 22 22 22 29 22 22 37 
13 59 25 25 56 57 25 25 -1 59 32 22 27 -1 42 64 25 25 8 45 13 75 13 18 43 -1 59 25 63 18 69 57 13 -1 27 67 66 59 25 59 27 74 25 23 13 33 59 72 61 77 61 44 22 -1 57 13 25 33 66 -1 27 25 13 59 13 62 33 32 78 59 72 57 25 13 27 13 13 33 33 
20 20 77 20 57 57 30 20 22 30 57 -1 77 20 11 77 57 29 22 14 -1 57 11 39 57 72 57 34 34 20 20 57 77 57 14 72 71 78 72 20 50 74 14 57 20 20 20 68 11 77 20 50 22 57 -1 77 22 -1 71 77 14 77 20 57 77 50 57 72 48 77 29 57 20 20 22 14 14 -1 20 
-1 51 16 16 10 -1 16 16 22 16 -1 22 49 0 45 16 -1 16 22 45 0 10 0 16 73 16 31 40 52 20 73 16 10 45 40 67 58 51 44 20 5 76 40 73 0 -1 51 70 60 5 5 -1 16 13 77 -1 10 5 16 13 45 77 0 10 77 5 45 32 78 16 60 57 5 -1 22 13 0 -1 10 
22 59 69 25 -1 10 69 25 22 69 4 22 -1 59 22 69 69 25 22 21 22 4 -1 22 43 -1 59 12 52 22 69 57 10 53 27 67 74 51 25 59 69 74 25 23 22 22 59 72 22 12 51 4 22 25 22 10 -1 4 69 -1 27 25 25 4 59 62 69 42 74 -1 72 57 25 22 22 12 69 22 10 
45 31 31 71 -1 -1 31 31 53 31 4 54 49 53 54 31 31 65 63 21 54 4 54 43 43 53 31 40 63 54 54 -1 10 -1 78 72 71 78 72 54 5 74 40 31 51 33 31 78 54 5 5 4 71 33 -1 5 4 -1 71 53 71 50 78 4 77 5 33 72 78 31 65 -1 5 43 71 71 49 33 -1 
44 37 37 71 51 71 -1 16 66 6 78 68 74 75 19 6 6 68 66 6 30 19 74 37 43 74 9 74 52 30 6 16 68 66 68 67 -1 -1 74 37 69 74 19 37 6 19 37 68 68 15 51 37 37 66 71 16 69 71 -1 37 71 68 78 66 15 68 -1 37 -1 66 68 -1 66 30 -1 71 66 66 37 
13 -1 1 1 56 61 69 2 53 26 32 56 56 -1 34 69 69 32 63 34 3 56 56 37 43 53 1 63 63 63 69 26 13 53 1 67 58 1 69 1 69 76 53 31 13 13 1 68 61 56 61 37 2 -1 77 13 -1 53 37 -1 61 -1 13 -1 13 61 69 1 34 -1 61 3 53 13 56 13 69 61 26 
44 34 52 71 51 40 44 27 52 44 55 14 27 44 -1 52 44 52 52 14 44 19 52 52 52 27 52 -1 52 52 44 71 44 45 14 67 71 52 44 34 27 74 14 52 -1 -1 34 70 -1 27 40 44 -1 27 14 45 27 71 71 61 -1 48 27 27 52 70 45 42 48 40 -1 -1 45 44 27 14 14 45 45 
50 59 25 25 51 50 25 25 53 50 50 48 27 59 42 69 25 25 63 42 50 77 77 25 43 -1 59 25 63 50 50 25 77 77 27 67 68 51 25 50 50 74 25 25 38 60 59 68 -1 77 -1 50 60 25 77 77 25 50 68 -1 48 -1 25 59 77 50 69 42 48 59 60 60 25 77 27 59 69 -1 50 
-1 59 25 20 56 65 44 25 53 78 78 22 27 -1 42 64 25 65 22 45 0 75 0 25 73 -1 78 25 34 20 20 78 13 78 27 67 74 78 25 20 27 76 25 73 0 0 59 70 61 65 65 44 22 13 20 0 25 78 78 13 27 25 -1 27 13 -1 78 32 78 38 65 75 25 0 22 13 0 22 -1 
22 59 52 59 -1 10 21 23 18 30 4 22 27 59 34 52 69 29 -1 21 29 4 18 18 43 27 59 -1 -1 18 29 57 10 57 27 67 74 23 27 23 27 74 27 23 51 60 59 68 60 21 40 4 28 59 57 10 4 4 66 -1 27 59 27 -1 23 10 18 59 34 59 29 57 18 22 27 21 18 22 10 
13 37 23 23 32 49 15 23 23 15 32 76 49 -1 76 -1 15 29 23 15 29 49 77 -1 43 23 15 25 52 -1 29 16 13 77 76 67 58 23 69 23 69 76 76 23 13 13 37 70 77 15 77 37 15 13 77 77 59 77 15 13 52 77 13 23 -1 29 23 32 29 15 29 75 23 13 70 13 -1 -1 29 
62 39 17 17 10 -1 17 17 29 30 5 54 49 62 70 49 17 -1 29 49 50 49 62 17 43 62 78 40 52 17 29 57 17 57 68 67 74 51 62 17 5 74 40 23 51 55 39 70 61 5 -1 50 29 62 50 5 62 5 68 61 70 50 -1 10 29 -1 29 32 17 40 -1 57 5 55 70 29 49 50 62 
22 58 69 71 57 57 58 23 18 58 78 22 69 53 76 69 69 29 -1 45 29 45 18 18 43 53 69 63 63 18 69 57 77 -1 68 72 58 58 69 23 69 74 69 23 58 33 58 68 68 69 69 58 22 33 57 45 69 33 -1 69 45 69 78 18 23 29 -1 72 58 -1 29 58 18 69 58 29 18 33 33 
32 -1 1 1 32 72 26 2 72 26 32 42 75 32 42 52 7 32 72 42 72 75 72 37 43 42 1 34 34 32 72 26 -1 72 1 -1 58 1 72 1 42 74 -1 31 72 72 1 72 42 72 42 37 2 32 72 32 42 72 37 1 42 42 32 59 32 32 72 -1 32 2 72 3 -1 32 72 72 42 32 26 
74 34 17 17 78 65 58 17 29 58 78 48 34 32 34 58 17 -1 29 34 78 34 74 17 43 17 78 34 34 17 29 78 17 78 -1 67 58 58 74 17 34 74 34 23 58 60 34 -1 -1 17 61 58 29 78 48 78 74 78 -1 34 48 48 78 34 29 17 58 32 -1 66 -1 58 70 30 -1 29 34 32 -1 
76 2 -1 2 56 40 15 2 59 30 40 56 56 59 76 -1 -1 7 66 15 30 49 56 7 43 38 2 40 52 30 -1 16 77 66 2 67 66 2 -1 2 -1 76 40 31 30 55 2 68 61 15 40 44 2 59 77 16 -1 31 66 -1 40 59 38 59 15 40 -1 2 66 -1 30 66 38 30 38 30 -1 -1 26 
29 68 52 29 60 65 30 29 29 30 65 60 60 64 60 52 29 29 29 60 29 75 74 29 43 72 78 60 52 -1 29 65 29 60 68 72 74 52 72 29 60 74 60 29 60 60 68 -1 60 65 65 60 29 72 29 60 72 65 68 61 -1 60 65 29 29 -1 29 72 -1 30 -1 60 -1 30 -1 29 29 64 68 
20 3 3 -1 57 57 58 3 57 58 57 57 75 75 60 58 7 7 66 58 3 75 60 7 57 7 3 60 60 75 20 57 75 57 3 67 58 58 60 3 57 74 60 57 60 60 3 68 60 57 20 57 60 57 57 57 57 -1 -1 3 -1 60 75 57 75 57 58 3 58 66 60 -1 75 20 58 -1 60 57 57 
20 67 25 20 10 -1 30 25 18 30 5 22 75 75 75 49 25 25 -1 45 -1 75 18 18 43 -1 67 25 63 18 20 57 67 45 27 67 74 23 -1 20 5 74 25 23 38 -1 67 70 60 5 5 44 22 25 20 5 25 5 66 53 45 25 25 18 23 5 18 -1 70 38 -1 75 -1 20 38 -1 18 22 20 
-1 20 69 20 55 55 30 43 22 30 55 22 55 0 76 30 55 30 22 30 0 30 0 43 43 62 30 55 52 30 -1 43 13 45 76 67 58 43 44 20 55 76 55 -1 0 0 20 70 22 55 20 55 22 13 20 -1 22 43 30 13 44 77 0 22 13 55 69 32 30 30 30 20 20 -1 22 13 0 55 20 
22 34 52 71 56 40 58 27 22 58 78 22 27 22 22 52 58 68 22 58 22 49 -1 22 43 27 78 -1 34 70 44 58 68 66 27 72 -1 58 -1 68 27 -1 27 23 38 22 34 68 68 27 40 44 22 27 22 22 22 71 -1 56 27 27 22 27 70 70 58 72 -1 38 -1 58 38 22 -1 27 41 22 68 
13 34 52 71 21 72 19 29 29 30 21 14 -1 -1 -1 49 49 29 29 14 29 -1 13 29 43 72 30 12 34 -1 29 71 13 53 14 72 71 52 72 29 27 76 14 29 13 72 34 70 14 12 29 21 29 13 14 13 12 71 71 13 14 59 13 21 13 29 29 72 29 30 29 -1 -1 13 27 -1 14 32 29 
-1 34 69 20 49 49 19 23 18 69 49 14 49 0 -1 49 49 29 -1 14 0 49 0 18 43 42 69 34 34 18 69 49 13 45 14 67 74 23 69 20 69 -1 14 23 0 0 34 68 14 -1 20 44 22 13 14 0 69 49 66 69 14 69 0 18 -1 49 18 42 34 -1 29 60 18 0 41 14 -1 49 20 
22 61 69 50 32 49 49 32 22 69 32 22 49 32 22 49 49 32 22 45 50 49 -1 64 64 61 69 49 52 64 69 49 -1 -1 22 67 74 51 69 32 50 74 50 64 22 33 61 68 61 -1 -1 50 22 33 -1 -1 22 33 66 61 45 -1 22 22 -1 50 33 32 32 -1 64 57 22 55 22 32 49 -1 33 
20 26 26 20 10 10 26 20 53 26 -1 54 49 62 68 52 31 68 29 45 -1 10 20 37 43 62 -1 62 52 20 20 26 10 -1 68 67 58 -1 62 20 10 74 62 31 20 33 26 68 68 10 20 37 37 33 20 10 10 -1 37 26 45 50 -1 10 29 62 33 26 -1 26 68 57 20 20 68 29 20 33 -1 
