89
10 14
-1 66 66 66 71 66 86 47 33 66 66 33 -1 33 58 57 33 47 26 57 12 66 66 66 86 39 12 47 42 57 66 37 71 -1 57 33 33 26 71 33 33 58 33 66 83 26 66 33 57 20 83 26 86 58 57 66 71 -1 -1 39 47 33 66 20 66 71 -1 26 39 86 66 -1 66 42 71 33 33 57 57 66 66 66 33 58 66 71 -1 33 57 
66 -1 61 5 5 -1 48 51 35 66 45 45 37 5 52 63 35 45 69 35 63 45 5 37 51 69 37 45 35 34 62 37 45 13 5 -1 61 -1 42 45 13 69 35 62 35 -1 45 51 45 34 40 -1 51 40 35 45 5 35 52 51 37 51 35 51 45 51 5 -1 69 -1 35 5 34 35 45 35 5 51 5 67 62 45 13 5 69 35 37 35 35 
66 61 -1 61 52 61 61 24 50 66 81 55 61 61 52 63 61 54 28 54 53 66 66 66 -1 82 61 55 24 66 62 56 55 55 53 28 61 60 55 55 50 52 55 62 83 55 81 55 61 53 24 61 24 24 24 -1 24 61 52 82 55 -1 55 55 55 61 55 61 24 52 66 55 55 55 55 82 82 24 28 52 62 55 -1 50 55 28 52 68 68 
66 5 61 -1 5 -1 69 51 33 66 66 33 26 5 69 69 69 83 69 69 26 66 -1 66 69 69 22 78 69 83 66 34 64 13 5 5 49 5 64 69 13 69 83 66 83 5 83 69 83 34 83 5 69 40 69 66 5 26 83 69 69 13 66 69 22 86 5 5 69 -1 64 5 22 69 83 66 5 69 5 66 83 83 13 -1 69 49 22 69 64 
71 5 52 5 -1 -1 76 56 76 66 66 33 26 5 52 26 76 56 26 78 26 66 -1 66 52 69 22 78 56 34 66 56 71 13 5 5 71 5 71 71 13 52 71 66 83 5 76 56 64 34 52 52 -1 52 56 66 -1 26 52 76 76 13 66 52 22 71 5 5 52 52 64 -1 22 35 76 76 -1 52 5 52 83 66 13 22 76 71 22 72 64 
66 -1 61 -1 -1 -1 61 51 33 66 66 33 66 -1 52 57 33 78 69 78 49 66 3 66 52 69 22 78 78 34 66 34 45 13 -1 1 49 1 66 33 13 69 33 66 35 1 66 33 34 34 40 1 4 40 78 66 4 34 66 76 37 13 66 51 78 51 -1 1 34 1 66 4 34 35 76 66 4 34 -1 66 66 66 13 3 66 49 22 70 78 
86 48 61 69 76 61 -1 77 50 86 48 48 86 61 60 57 61 84 69 48 61 48 86 60 50 48 86 50 77 48 62 60 48 60 48 48 61 60 61 68 50 60 48 62 83 48 84 60 -1 61 -1 61 77 50 48 84 64 48 60 60 -1 -1 48 60 48 77 48 86 48 60 86 77 64 48 77 60 60 -1 48 77 83 84 60 48 -1 61 -1 68 77 
47 51 24 51 56 51 77 -1 35 75 47 47 51 47 52 28 28 54 28 54 63 47 51 51 -1 59 51 47 -1 77 62 56 51 47 56 28 77 51 42 28 47 52 28 62 35 51 59 -1 54 53 24 -1 24 24 -1 47 -1 51 47 -1 47 51 47 47 56 51 55 35 24 28 54 51 51 35 77 59 59 -1 28 52 62 55 59 50 55 28 51 47 77 
33 35 50 33 76 33 50 35 -1 75 33 33 33 33 53 63 -1 40 16 35 63 33 76 67 50 63 18 40 35 40 62 76 39 -1 76 -1 16 35 36 33 -1 53 33 62 35 35 75 33 35 36 40 63 63 40 35 47 76 33 33 75 76 33 35 -1 76 63 33 35 87 18 87 33 76 35 76 -1 -1 36 35 16 62 55 33 40 76 35 33 -1 18 
66 66 66 66 66 66 86 75 75 -1 66 75 66 66 86 66 75 78 78 78 75 66 66 66 86 75 86 78 78 66 66 66 66 66 66 75 66 66 66 66 66 86 66 66 75 66 66 66 66 66 86 86 86 66 78 66 78 66 66 75 75 86 66 75 78 86 -1 66 66 86 66 66 78 66 66 -1 75 66 -1 66 66 66 75 66 66 78 -1 70 78 
66 45 81 66 66 66 48 47 33 66 -1 21 21 33 53 45 33 27 45 48 21 -1 66 66 81 59 45 21 78 66 66 45 45 21 66 45 81 45 81 33 27 69 33 66 83 21 21 27 45 21 40 45 79 40 27 81 47 45 66 46 47 81 66 21 45 51 21 45 48 45 66 45 45 66 45 21 59 59 27 66 66 -1 59 46 46 49 45 27 45 
33 45 55 33 33 33 48 47 33 75 21 -1 20 33 53 63 33 27 33 35 -1 -1 66 66 47 39 20 21 42 42 62 49 39 -1 49 33 33 26 42 33 27 53 33 62 35 21 21 33 45 20 40 63 63 49 27 47 47 33 33 75 47 33 47 20 39 63 21 26 39 33 66 33 39 42 39 -1 33 75 27 33 62 21 33 46 46 49 33 27 33 
-1 37 61 26 26 66 86 51 33 66 21 20 -1 33 58 26 26 27 26 57 -1 20 26 37 51 63 -1 21 26 57 66 37 45 0 49 67 49 26 71 26 33 58 33 66 67 26 21 33 45 20 83 26 51 49 51 66 26 0 0 51 37 51 66 20 26 51 0 26 39 26 66 0 26 37 45 20 26 49 28 66 66 66 33 26 66 49 0 33 26 
33 5 61 5 5 -1 61 47 33 66 33 33 33 -1 53 33 33 40 33 78 33 33 5 66 50 39 61 40 42 40 62 34 39 -1 5 5 61 5 42 33 -1 53 33 62 35 5 82 33 40 34 40 61 5 40 40 47 5 33 33 82 47 -1 47 33 78 61 5 5 39 5 66 5 34 42 39 33 5 40 5 33 62 55 -1 5 61 42 33 33 33 
58 52 52 69 52 52 60 52 53 86 53 53 58 53 -1 58 79 53 69 58 53 53 52 60 52 60 52 53 52 53 62 60 52 58 53 52 53 60 53 53 53 -1 52 62 83 52 60 60 60 53 52 52 -1 -1 52 60 52 58 -1 60 -1 52 60 52 52 52 58 79 52 41 86 52 76 60 76 60 60 52 52 52 83 60 60 58 60 53 52 53 77 
57 63 63 69 26 57 57 28 63 66 45 63 26 33 58 -1 18 57 -1 57 63 45 26 37 28 63 18 63 18 57 62 37 39 18 57 28 18 26 36 18 57 69 28 62 35 26 63 63 57 39 57 63 63 49 57 63 28 -1 57 63 63 63 57 -1 88 63 57 26 39 18 57 26 63 63 39 63 63 57 28 18 62 63 63 57 63 28 26 63 18 
33 35 61 69 76 33 61 28 -1 75 33 33 26 33 79 18 -1 40 -1 35 33 33 26 79 79 39 18 40 18 40 62 37 39 -1 49 8 -1 26 36 18 8 69 33 62 35 26 33 33 35 36 40 26 79 40 28 38 28 18 33 75 47 36 47 8 38 77 79 79 39 18 79 26 76 35 76 8 8 36 28 -1 62 55 33 26 55 28 26 8 18 
47 45 54 83 56 78 84 54 40 78 27 27 27 40 53 57 40 -1 54 54 27 27 83 66 54 54 45 -1 54 40 62 56 45 47 40 54 77 60 55 47 27 53 40 62 83 27 -1 27 54 53 40 54 54 40 -1 47 54 54 83 46 47 40 47 47 78 54 27 54 84 54 54 45 78 54 83 59 59 54 27 66 83 46 59 46 46 54 70 27 54 
26 69 28 69 26 69 69 28 16 78 45 33 26 33 69 -1 -1 54 -1 88 26 45 26 37 28 39 -1 78 -1 42 68 37 39 16 49 28 16 26 36 -1 16 69 28 68 35 26 45 28 45 39 28 26 69 49 28 39 28 15 26 28 69 36 68 15 88 51 26 26 39 -1 86 26 26 35 39 16 16 88 28 16 68 55 33 26 68 28 26 16 -1 
57 35 54 69 78 78 48 54 35 78 48 35 57 78 58 57 35 54 88 -1 63 48 57 66 54 -1 57 78 35 48 62 37 39 35 48 -1 88 35 64 25 35 69 35 62 35 48 54 62 -1 39 48 35 69 40 -1 62 54 -1 57 25 48 48 -1 25 48 86 62 35 48 25 -1 39 25 25 83 35 35 88 -1 66 62 54 59 48 48 35 70 70 -1 
12 63 53 26 26 49 61 63 63 75 21 -1 -1 33 53 63 33 27 26 63 -1 11 26 37 53 63 12 21 85 49 63 49 49 11 49 63 49 26 49 49 53 53 33 63 63 21 21 63 45 -1 53 63 63 49 63 63 49 12 12 63 63 49 63 -1 26 63 12 26 49 63 63 12 49 63 49 11 49 49 27 33 63 21 33 26 46 49 12 63 26 
66 45 66 66 66 66 48 47 33 66 -1 -1 20 33 53 45 33 27 45 48 11 -1 66 66 47 59 45 -1 78 66 66 45 45 11 66 45 33 45 66 33 27 69 33 66 83 -1 -1 27 45 20 40 45 79 40 27 66 47 45 66 46 47 33 66 20 45 51 -1 45 48 45 66 45 45 66 45 11 59 59 27 66 66 10 59 46 46 49 45 27 45 
66 5 66 -1 -1 3 86 51 76 66 66 66 26 5 52 26 26 83 26 57 26 66 -1 66 52 72 -1 66 26 66 66 37 64 66 72 67 64 26 64 26 66 69 64 66 83 26 83 66 64 72 83 26 4 52 51 66 4 26 83 72 37 51 66 51 -1 86 -1 26 64 3 64 4 -1 66 83 66 4 52 64 66 83 66 13 -1 66 71 -1 72 64 
66 37 66 66 66 66 60 51 67 66 66 66 37 66 60 37 79 66 37 66 37 66 66 -1 66 73 37 66 67 66 66 37 66 66 37 67 66 -1 66 73 66 60 73 66 67 37 66 60 66 37 60 37 79 60 66 66 37 37 66 60 37 51 66 73 66 51 -1 -1 66 37 66 37 66 -1 66 66 60 66 66 66 66 66 60 66 66 67 37 70 37 
86 51 -1 69 52 52 50 -1 50 86 81 47 51 50 52 28 79 54 28 54 53 47 52 66 -1 59 51 47 7 68 68 56 51 47 53 28 53 51 55 68 50 52 28 68 83 68 59 7 68 53 -1 7 -1 -1 7 2 7 68 52 7 47 2 68 47 56 51 55 79 -1 52 86 52 87 35 77 59 52 7 28 52 68 55 2 50 68 28 52 68 68 
39 69 82 69 69 69 48 59 63 75 59 39 63 39 60 63 39 54 39 -1 63 59 72 73 59 -1 39 63 35 48 62 72 39 39 72 19 49 60 71 -1 63 69 73 62 35 39 59 63 19 39 48 63 69 49 19 39 59 19 39 -1 59 63 19 -1 72 63 62 35 39 -1 19 39 -1 -1 39 59 59 59 19 69 62 59 59 48 59 49 69 72 19 
12 37 61 22 22 22 86 51 18 86 45 20 -1 61 52 18 18 45 -1 57 12 45 -1 37 51 39 -1 45 18 57 62 37 45 12 37 67 18 -1 71 18 57 69 28 62 67 -1 45 51 45 20 83 -1 51 49 51 45 22 -1 12 51 37 51 57 51 22 51 22 -1 39 18 86 -1 22 37 45 86 22 51 28 67 83 45 59 22 86 71 -1 72 18 
47 45 55 78 78 78 50 47 40 78 21 21 21 40 53 63 40 -1 78 78 21 -1 66 66 47 63 45 -1 78 40 62 40 45 47 40 40 40 60 55 47 -1 53 40 62 40 21 17 -1 40 53 40 47 47 40 17 47 47 40 47 46 47 40 47 47 78 51 21 40 87 60 87 45 78 40 45 21 40 40 -1 66 62 21 40 40 46 78 78 -1 78 
42 35 24 69 56 78 77 -1 35 78 78 42 26 42 52 18 18 54 -1 35 85 78 26 67 7 35 18 78 -1 42 62 56 42 42 42 -1 18 26 42 18 35 69 -1 62 35 26 59 7 35 85 24 7 24 24 7 42 7 18 42 7 47 51 35 18 78 51 42 35 24 18 35 85 78 35 42 35 35 7 -1 18 62 55 59 42 55 -1 26 35 18 
57 34 66 83 34 34 48 77 40 66 66 42 57 40 53 57 40 40 42 48 49 66 66 66 68 48 57 40 42 -1 66 34 42 42 -1 40 77 34 42 68 -1 69 -1 66 83 48 83 40 -1 34 40 42 77 40 48 66 34 -1 83 77 48 40 66 40 48 77 -1 57 -1 68 66 42 34 42 77 40 34 -1 34 66 83 66 40 -1 68 42 48 68 68 
66 62 62 66 66 66 62 62 62 66 66 62 66 62 62 62 62 62 68 62 63 66 66 66 68 62 62 62 62 66 -1 62 62 62 66 62 62 62 62 68 62 69 62 62 62 62 66 62 62 68 68 62 68 68 62 62 62 62 66 62 62 62 -1 62 62 62 62 62 62 68 62 66 62 62 83 66 62 62 62 66 62 62 62 80 68 62 66 68 62 
37 37 56 34 56 34 60 56 76 66 45 49 37 34 60 37 37 56 37 37 49 45 37 37 56 72 37 40 56 34 62 -1 64 34 -1 37 49 -1 64 49 34 60 34 62 37 37 59 56 34 34 40 37 56 49 56 56 -1 34 60 56 37 34 56 49 56 51 34 37 34 37 64 37 34 37 76 59 34 34 34 56 83 56 34 34 60 49 37 72 64 
71 45 55 64 71 45 48 51 39 66 45 39 45 39 52 39 39 45 39 39 49 45 64 66 51 39 45 45 42 42 62 64 -1 39 72 42 42 45 42 -1 42 52 -1 62 83 -1 45 55 45 39 83 -1 51 49 51 -1 64 42 71 39 55 51 55 51 -1 51 55 45 39 39 64 -1 -1 42 -1 39 72 74 64 52 83 55 55 74 55 71 45 72 64 
-1 13 55 13 13 13 60 47 -1 66 21 -1 0 -1 58 18 -1 47 16 35 11 11 66 66 47 39 12 47 42 42 62 34 39 -1 13 8 16 60 42 -1 8 58 -1 62 35 21 21 -1 42 39 40 39 79 40 47 47 47 0 0 39 47 13 47 8 39 71 0 35 39 18 66 0 39 42 39 8 8 36 13 16 62 55 13 42 55 42 0 8 18 
57 5 53 5 5 -1 48 56 76 66 66 49 49 5 53 57 49 40 49 48 49 66 72 37 53 72 37 40 42 -1 66 -1 72 13 -1 5 49 31 42 49 29 53 29 66 83 5 76 76 29 -1 40 5 5 49 48 66 31 29 83 76 76 13 66 49 72 77 5 5 29 5 66 5 -1 42 76 76 -1 29 5 66 83 66 13 29 68 49 72 72 68 
33 -1 28 5 5 1 48 28 -1 75 45 33 67 5 52 28 8 54 28 -1 63 45 67 67 28 19 67 40 -1 40 62 37 42 8 5 -1 16 1 42 25 8 69 28 62 -1 1 83 28 19 85 40 1 51 40 19 42 28 19 83 25 37 51 19 8 48 51 5 -1 48 1 19 67 25 -1 76 8 8 28 19 67 62 83 13 44 48 28 67 8 19 
33 61 61 49 71 49 61 77 16 66 81 33 49 61 53 18 -1 77 16 88 49 33 64 66 53 49 18 40 18 77 62 49 42 16 49 16 -1 26 -1 49 16 53 38 62 35 26 77 33 61 -1 61 61 77 49 77 38 64 77 33 77 61 -1 47 16 38 77 55 79 49 18 64 38 49 42 77 16 16 -1 64 16 83 55 61 77 55 49 61 16 77 
26 -1 60 5 5 1 60 51 35 66 45 26 26 5 60 26 26 60 26 35 26 45 26 -1 51 60 -1 60 26 34 62 -1 45 60 31 1 26 -1 71 26 13 60 73 62 35 1 60 60 45 34 60 1 51 60 35 60 31 26 60 60 -1 51 60 51 26 51 23 1 69 1 66 26 26 23 76 60 60 60 5 66 62 60 60 26 60 71 26 35 26 
71 42 55 64 71 66 61 42 36 66 81 42 71 42 53 36 36 55 36 64 49 66 64 66 55 71 71 55 42 42 62 64 42 42 42 42 -1 71 -1 71 42 53 -1 62 42 42 81 55 64 36 42 42 71 49 42 -1 64 42 71 77 55 36 55 55 -1 71 55 71 42 36 64 -1 64 42 42 36 71 36 64 36 62 55 55 42 55 71 64 70 64 
33 45 55 69 71 33 68 28 33 66 33 33 26 33 53 18 18 47 -1 25 49 33 26 73 68 -1 18 47 18 68 68 49 -1 -1 49 25 49 26 71 -1 33 69 32 68 35 32 59 33 68 -1 68 32 51 49 25 32 64 18 33 25 47 33 68 25 32 71 33 26 -1 18 25 -1 25 25 32 33 33 49 25 18 68 55 33 68 68 49 26 68 18 
33 13 50 13 13 13 50 47 -1 66 27 27 33 -1 53 57 8 27 16 35 53 27 66 66 50 63 57 -1 35 -1 62 34 42 8 29 8 16 13 42 33 -1 53 29 62 35 27 27 27 29 53 -1 61 50 -1 27 47 13 29 53 75 47 13 47 8 48 77 29 35 29 68 66 13 34 35 76 8 8 29 27 16 83 27 13 29 50 53 50 8 68 
58 69 52 69 52 69 60 52 53 86 69 53 58 53 -1 69 69 53 69 69 53 69 69 60 52 69 69 53 69 69 69 60 52 58 53 69 53 60 53 69 53 -1 69 69 69 69 60 60 69 53 52 52 14 14 69 60 52 58 14 60 14 52 69 69 69 52 58 69 69 -1 69 52 69 69 76 60 60 52 69 52 69 60 60 58 69 53 52 69 69 
33 35 55 83 71 33 48 28 33 66 33 33 33 33 52 28 33 40 28 35 33 33 64 73 28 73 28 40 -1 -1 62 34 -1 -1 29 28 38 73 -1 32 29 69 -1 62 35 32 83 33 29 34 40 32 51 40 28 32 28 29 33 28 47 33 47 33 32 51 29 35 29 28 64 32 32 -1 32 33 33 29 28 33 83 55 33 29 55 28 33 33 28 
66 62 62 66 66 66 62 62 62 66 66 62 66 62 62 62 62 62 68 62 63 66 66 66 68 62 62 62 62 66 62 62 62 62 66 62 62 62 62 68 62 69 62 -1 62 62 66 62 62 68 68 62 68 68 62 62 62 62 66 62 62 62 -1 62 62 62 62 62 62 68 62 66 62 62 83 66 62 62 62 66 62 62 62 80 68 62 66 68 62 
83 35 83 83 83 35 83 35 35 75 83 35 67 35 83 35 35 83 35 35 63 83 83 67 83 35 67 40 35 83 62 37 83 35 83 -1 35 35 42 35 35 69 35 62 -1 35 83 35 83 83 83 35 51 40 35 83 35 35 83 83 37 51 35 35 83 51 83 35 83 35 35 67 83 35 83 35 35 83 35 67 83 83 83 -1 83 35 83 35 35 
26 -1 55 5 5 1 48 51 35 66 21 21 26 5 52 26 26 27 26 48 21 -1 26 37 68 39 -1 21 26 48 62 37 -1 21 5 1 26 1 42 32 27 69 32 62 35 -1 21 27 -1 39 48 1 51 40 48 32 64 26 83 46 37 48 48 51 32 51 21 1 48 1 48 26 32 35 32 21 72 48 5 66 83 21 13 48 46 71 26 27 26 
66 45 81 83 76 66 84 59 75 66 21 21 21 82 60 63 33 -1 45 54 21 -1 83 66 59 59 45 17 59 83 66 59 45 21 76 83 77 60 81 59 27 60 83 66 83 21 -1 27 83 21 83 59 77 40 17 81 59 83 83 -1 59 84 66 59 83 77 21 45 84 59 66 45 59 59 83 59 59 59 27 66 83 -1 59 -1 -1 59 83 27 77 
33 51 55 69 56 33 60 -1 33 66 27 33 33 33 60 63 33 27 28 62 63 27 66 60 7 63 51 -1 7 40 62 56 55 -1 76 28 33 60 55 33 27 60 33 62 35 27 27 -1 60 39 24 7 24 24 7 -1 7 33 33 7 -1 33 -1 -1 55 51 55 35 62 60 62 33 55 42 55 33 60 7 27 33 62 55 33 80 55 28 33 27 62 
57 45 61 83 64 34 -1 54 35 66 45 45 45 40 60 57 35 54 45 -1 45 45 64 66 68 19 45 40 35 -1 62 34 45 42 29 19 61 45 64 68 29 69 29 62 83 -1 83 60 -1 34 6 45 68 40 19 45 64 19 83 25 6 6 19 25 -1 77 29 35 -1 68 19 45 64 25 83 35 34 6 19 66 83 83 40 -1 6 35 6 68 19 
20 34 53 34 34 34 61 53 36 66 21 20 20 34 53 39 36 53 39 39 -1 20 72 37 53 39 20 53 85 34 68 34 39 39 -1 85 -1 34 36 -1 53 53 34 68 83 39 21 39 34 -1 53 39 53 -1 39 38 34 34 53 39 53 36 68 20 38 71 34 26 39 39 39 39 34 39 39 20 34 36 34 36 68 55 34 34 68 -1 20 68 39 
83 40 24 83 52 40 -1 24 40 86 40 40 83 40 52 57 40 40 28 48 53 40 83 60 -1 48 83 40 24 40 68 40 83 40 40 40 61 60 42 68 -1 52 40 68 83 48 83 24 6 53 -1 24 24 24 24 24 24 40 83 24 6 6 68 40 48 77 40 40 24 52 86 52 83 40 83 40 40 6 40 52 83 83 24 -1 6 28 6 40 68 
26 -1 61 5 52 1 61 -1 63 86 45 63 26 61 52 63 26 54 26 35 63 45 26 37 7 63 -1 47 7 42 62 37 -1 39 5 1 61 1 42 32 61 52 32 62 35 1 59 7 45 39 24 -1 -1 24 7 32 7 26 52 7 37 -1 47 -1 32 -1 5 1 24 1 64 26 32 35 32 59 52 7 5 52 62 55 59 26 55 28 26 63 26 
86 51 24 69 -1 4 77 24 63 86 79 63 51 5 -1 63 79 54 69 69 63 79 4 79 -1 69 51 47 24 77 68 56 51 79 5 51 77 51 71 51 50 14 51 68 51 51 77 24 68 53 24 -1 -1 14 24 24 4 51 14 77 14 51 68 51 22 51 79 79 24 -1 86 4 22 69 77 77 4 -1 5 -1 68 55 24 22 68 71 -1 68 77 
58 40 24 40 52 40 50 24 40 66 40 49 49 40 -1 49 40 40 49 40 49 40 52 60 -1 49 49 40 24 40 68 49 49 40 49 40 49 60 49 49 -1 14 40 68 40 40 40 24 40 -1 24 24 14 -1 24 24 24 40 14 24 14 24 68 40 48 51 40 40 24 41 66 49 49 40 49 40 40 24 40 52 68 55 24 40 68 49 52 40 68 
57 35 24 69 56 78 48 -1 35 78 27 27 51 40 52 57 28 -1 28 -1 63 27 51 66 7 19 51 17 7 48 62 56 51 47 48 19 77 35 42 25 27 69 28 62 35 48 17 7 19 39 24 7 24 24 -1 47 7 19 57 7 47 51 19 25 48 51 62 35 24 25 19 39 25 25 77 59 59 7 19 52 62 46 59 46 46 28 70 27 19 
66 45 -1 66 66 66 84 47 47 66 81 47 66 47 60 63 38 47 39 62 63 66 66 66 2 39 45 47 42 66 62 56 -1 47 66 42 38 60 -1 32 47 60 32 62 83 32 81 -1 45 38 24 32 24 24 47 -1 47 66 66 47 47 2 47 47 32 51 -1 66 84 60 66 32 32 42 32 66 60 38 47 66 62 -1 2 66 -1 71 66 47 64 
71 5 24 5 -1 4 64 -1 76 78 47 47 26 5 52 28 28 54 28 54 49 47 4 37 7 59 22 47 7 34 62 -1 64 47 31 28 64 31 64 64 13 52 28 62 35 64 59 7 64 34 24 7 4 24 7 47 -1 26 52 7 37 51 47 47 -1 51 5 5 24 52 64 4 64 35 64 59 4 7 64 52 62 55 59 22 55 28 22 70 64 
-1 35 61 26 26 34 48 51 33 66 45 33 0 33 58 -1 18 54 15 -1 12 45 26 37 68 19 -1 40 18 -1 62 34 42 0 29 19 77 26 42 18 29 58 29 62 35 26 83 33 19 34 40 26 51 40 19 66 26 -1 0 25 37 51 19 15 26 51 0 26 29 18 19 0 25 25 77 33 34 29 19 66 62 66 33 29 68 71 0 68 19 
-1 52 52 83 52 66 60 47 33 66 66 33 0 33 -1 57 33 83 26 57 12 66 83 66 52 39 12 47 42 83 66 60 71 0 83 83 33 60 71 33 53 14 33 66 83 83 83 33 83 53 83 52 14 14 57 66 52 0 -1 60 14 33 66 20 83 71 0 26 83 41 66 0 83 42 83 33 60 52 57 52 83 83 33 -1 83 71 0 33 57 
39 51 82 69 76 76 60 -1 75 75 46 75 51 82 60 63 75 46 28 25 63 46 72 60 7 -1 51 46 7 77 62 56 39 39 76 25 77 60 77 25 75 60 28 62 83 46 -1 7 25 39 24 7 77 24 7 47 7 25 60 -1 -1 51 25 25 56 77 46 35 24 25 25 39 25 25 76 -1 -1 -1 25 77 83 46 -1 46 46 28 60 72 77 
47 37 55 69 76 37 -1 47 76 75 47 47 37 47 -1 63 47 47 69 48 63 47 37 37 47 59 37 47 47 48 62 37 55 47 76 37 61 -1 55 47 47 14 47 62 37 37 59 -1 6 53 6 37 14 14 47 47 37 37 14 -1 -1 6 47 47 48 77 37 37 69 -1 86 37 76 37 76 59 -1 6 47 52 62 55 59 48 6 47 6 47 69 
33 51 -1 13 13 13 -1 51 33 86 81 33 51 -1 52 63 36 40 36 48 49 33 51 51 2 63 51 40 51 40 62 34 51 13 13 51 -1 51 36 33 13 52 33 62 51 48 84 33 6 36 6 -1 51 24 51 2 51 51 33 51 6 -1 47 51 38 51 13 51 24 51 86 38 51 42 51 33 60 6 13 36 83 55 2 48 6 49 6 33 77 
66 35 55 66 66 66 48 47 35 66 66 47 66 47 60 57 47 47 68 -1 63 66 66 66 68 19 57 47 35 66 -1 56 55 47 66 19 47 60 55 68 47 69 47 -1 35 48 66 -1 19 68 68 47 68 68 19 47 47 19 66 25 47 47 -1 47 48 51 -1 35 -1 68 19 66 25 25 83 66 60 47 19 66 -1 55 47 80 68 35 66 68 19 
20 51 55 69 52 51 60 47 -1 75 21 20 20 33 52 -1 8 47 15 25 -1 20 51 73 47 -1 51 47 18 40 62 49 51 8 49 8 16 51 55 25 8 69 33 62 35 51 59 -1 25 20 40 -1 51 40 25 47 47 15 20 25 47 51 47 -1 51 51 55 35 39 25 25 39 25 25 51 8 8 47 25 16 62 55 59 40 55 49 51 8 18 
66 45 55 22 22 78 48 56 76 78 45 39 26 78 52 88 38 78 88 48 26 45 -1 66 56 72 22 78 78 48 62 56 -1 39 72 48 38 26 -1 32 48 69 32 62 83 32 83 55 -1 38 48 32 22 48 48 32 -1 26 83 56 48 38 48 51 -1 51 22 26 48 22 -1 32 -1 42 32 78 72 88 -1 66 83 55 55 22 48 71 22 70 -1 
71 51 61 86 71 51 77 51 63 86 51 63 51 61 52 63 77 54 51 86 63 51 86 51 51 63 51 51 51 77 62 51 51 71 77 51 77 51 71 71 77 52 51 62 51 51 77 51 77 71 77 -1 51 51 51 51 51 51 71 77 77 51 51 51 51 -1 71 51 71 51 86 -1 51 51 77 77 71 -1 86 52 83 55 77 77 77 71 -1 86 77 
-1 5 55 5 5 -1 48 55 33 -1 21 21 0 5 58 57 79 27 26 62 12 -1 -1 -1 55 62 22 21 42 -1 62 34 55 0 5 5 55 23 55 33 29 58 29 62 83 21 21 55 29 34 40 5 79 40 62 -1 5 0 0 46 37 13 -1 55 22 71 -1 23 29 5 -1 0 22 23 55 9 5 29 5 -1 62 55 13 22 55 71 0 70 62 
26 -1 61 5 5 1 86 35 35 66 45 26 26 5 79 26 79 54 26 35 26 45 26 -1 79 35 -1 40 35 57 62 37 45 35 5 -1 79 1 71 26 35 69 35 62 35 1 45 35 35 26 40 1 79 40 35 66 5 26 26 35 37 51 35 35 26 51 23 -1 69 1 35 26 26 23 45 35 35 79 5 -1 62 66 13 26 66 35 26 35 26 
39 69 24 69 52 34 48 24 87 66 48 39 39 39 52 39 39 84 39 48 49 48 64 66 -1 39 39 87 24 -1 62 34 39 39 29 48 49 69 42 -1 29 69 29 62 83 48 84 62 -1 39 24 24 24 24 24 84 24 29 83 24 69 24 -1 39 48 71 29 69 -1 -1 87 39 87 39 84 87 34 29 48 52 62 84 24 29 -1 49 48 -1 -1 
86 -1 52 -1 52 1 60 28 18 86 45 33 26 5 41 18 18 54 -1 25 63 45 3 37 52 -1 18 60 18 68 68 37 39 18 5 1 18 1 36 18 68 -1 28 68 35 1 59 60 68 39 52 1 -1 41 25 60 52 18 41 25 -1 51 68 25 22 51 5 1 -1 -1 25 26 25 25 76 59 60 52 5 52 68 59 59 3 68 28 52 68 18 
66 35 66 64 64 66 86 54 87 66 66 66 66 66 86 57 79 54 86 -1 63 66 64 66 86 19 86 87 35 66 62 64 64 66 66 19 64 66 64 25 66 69 64 62 35 48 66 62 19 39 86 64 86 66 19 66 64 19 66 25 86 86 19 25 -1 86 -1 35 87 25 -1 64 64 25 64 66 72 66 19 66 62 66 59 48 66 35 -1 -1 19 
-1 5 55 5 -1 4 77 51 33 66 45 33 0 5 52 26 26 45 26 39 12 45 4 37 52 39 -1 45 85 42 66 37 -1 0 5 67 38 26 -1 -1 13 52 32 66 67 26 45 33 45 39 52 26 4 49 39 32 4 0 0 39 37 38 66 39 32 -1 0 26 39 26 64 -1 32 39 32 33 4 65 5 52 66 55 13 22 55 -1 0 68 26 
66 34 55 22 22 34 64 51 76 78 45 39 26 34 76 63 76 78 26 25 49 45 -1 66 87 -1 22 78 78 34 62 34 -1 39 -1 25 49 26 64 25 34 69 32 62 83 32 59 55 64 34 83 32 22 49 25 32 64 25 83 25 76 51 25 25 -1 51 22 26 87 25 64 32 -1 25 32 59 -1 34 -1 66 83 55 59 22 55 49 22 -1 64 
42 35 55 69 35 35 48 35 35 66 66 42 37 42 60 63 35 54 35 25 63 66 66 -1 35 -1 37 40 35 42 62 37 42 42 42 -1 42 23 42 25 35 69 -1 62 35 35 59 42 25 39 40 35 69 40 25 42 35 25 42 25 37 42 25 25 42 51 23 23 39 25 25 39 25 -1 42 35 35 42 25 66 62 55 59 42 55 35 37 35 25 
71 45 55 83 76 76 77 77 76 66 45 39 45 39 76 39 76 83 39 83 49 45 83 66 77 39 45 45 42 77 83 76 -1 39 76 76 77 76 42 32 76 76 32 83 83 32 83 55 83 39 83 32 77 49 77 32 64 77 83 76 76 51 83 51 32 77 55 45 84 76 64 32 32 42 -1 76 -1 -1 64 77 83 55 76 -1 -1 71 77 72 77 
33 35 82 66 76 66 60 59 -1 -1 21 -1 20 33 60 63 8 59 16 35 11 11 66 66 59 59 86 21 35 40 66 59 39 8 76 8 16 60 36 33 8 60 33 66 35 21 59 33 35 20 40 59 77 40 59 66 59 33 33 -1 59 33 66 8 78 77 9 35 87 59 66 33 59 35 76 -1 8 59 9 16 66 59 59 59 59 35 9 8 77 
33 5 82 5 -1 4 60 59 -1 75 59 33 26 5 60 63 8 59 16 35 49 59 4 60 52 59 22 40 35 34 62 34 72 8 -1 8 16 60 71 33 8 60 33 62 35 72 59 60 34 34 40 52 4 40 59 60 4 34 60 -1 -1 60 60 8 72 71 5 35 34 60 72 4 -1 35 -1 8 -1 59 72 16 83 59 59 74 74 49 22 8 72 
57 51 24 69 52 34 -1 -1 36 66 59 75 49 40 52 57 36 54 88 88 49 59 52 66 7 59 51 40 7 -1 62 34 74 36 29 28 -1 60 36 49 29 52 29 62 83 48 59 7 6 36 6 7 -1 24 7 38 7 29 52 -1 6 6 47 47 88 -1 29 79 29 52 66 65 34 42 -1 59 59 -1 28 52 83 59 59 29 6 28 6 68 -1 
57 5 28 5 5 -1 48 28 35 -1 27 27 28 5 52 28 28 27 28 -1 27 27 64 66 28 19 28 -1 -1 34 62 34 64 13 5 19 64 5 64 25 27 69 28 62 35 5 27 27 19 34 40 5 5 40 19 47 64 19 57 25 47 13 19 25 -1 86 5 5 48 5 19 5 -1 25 64 9 72 28 -1 66 62 27 13 5 46 28 9 27 19 
66 67 52 66 52 66 77 52 16 66 66 33 66 33 52 18 -1 66 16 66 33 66 66 66 52 69 67 66 18 66 66 56 52 16 66 67 16 66 36 18 16 52 33 66 67 66 66 33 66 36 52 52 -1 52 52 66 52 66 52 77 52 36 66 16 66 52 -1 -1 52 52 66 52 66 66 77 16 16 52 66 -1 66 66 33 66 66 28 52 16 18 
66 62 62 83 83 66 83 62 62 66 66 62 66 62 83 62 62 83 68 62 63 66 83 66 68 62 83 62 62 83 62 83 83 62 83 62 83 62 62 68 83 69 83 62 83 83 83 62 83 68 83 62 68 68 62 62 62 62 83 83 62 83 -1 62 83 83 62 62 62 68 62 66 83 62 83 66 83 83 62 66 -1 83 83 -1 68 62 83 68 62 
66 45 55 83 66 66 84 55 55 66 -1 21 66 55 60 63 55 46 55 54 21 10 66 66 55 59 45 21 55 66 62 56 55 55 66 83 55 60 55 55 27 60 55 62 83 21 -1 55 83 55 83 55 55 55 46 -1 55 66 83 46 55 55 55 55 55 55 55 66 84 59 66 55 55 55 55 59 59 59 27 66 83 -1 55 46 46 71 66 27 64 
33 13 -1 13 13 13 60 59 33 75 59 33 33 -1 60 63 33 59 33 59 33 59 13 60 2 59 59 40 59 40 62 34 55 13 13 13 61 60 55 33 13 60 33 62 83 13 59 33 40 34 24 59 24 24 59 2 59 33 33 -1 59 2 47 59 55 77 13 13 24 59 59 13 59 59 76 59 59 59 13 33 83 55 -1 59 55 59 33 33 77 
58 5 50 -1 22 3 48 50 40 66 46 46 26 5 58 57 26 46 26 48 26 46 -1 66 50 48 22 40 42 -1 80 34 74 42 29 44 77 26 42 68 29 58 29 80 -1 48 -1 80 -1 34 -1 26 22 40 46 66 22 29 -1 46 48 48 80 40 22 77 22 26 29 3 48 22 22 42 -1 59 74 29 5 66 -1 46 59 -1 46 42 22 68 48 
66 69 55 69 76 66 -1 55 76 66 46 46 66 61 60 63 55 46 68 48 46 46 66 66 68 59 86 46 55 68 68 60 55 55 68 48 55 60 55 68 50 69 55 68 83 46 -1 55 6 68 6 55 68 68 46 -1 55 68 83 46 6 6 68 55 48 77 55 66 -1 68 66 55 55 55 -1 59 74 6 46 66 68 46 55 46 -1 68 6 68 68 
71 35 28 49 71 49 61 28 35 78 49 49 49 42 53 28 28 54 28 35 49 49 71 67 28 49 71 78 -1 42 62 49 71 42 49 28 49 71 71 49 53 53 28 62 35 71 59 28 35 -1 28 28 71 49 28 71 28 71 71 28 47 49 35 49 71 71 71 35 49 28 35 -1 49 35 71 35 49 28 28 28 62 71 59 42 68 -1 71 35 28 
-1 37 52 22 22 22 -1 51 33 -1 45 33 0 33 52 26 26 70 26 70 12 45 -1 37 52 69 -1 78 26 48 66 37 45 0 72 67 61 26 64 26 50 52 33 66 83 26 83 33 6 20 6 26 -1 52 70 66 22 0 0 60 6 6 66 51 22 -1 0 26 48 52 -1 0 22 37 77 9 22 6 9 52 83 66 33 22 6 71 -1 70 26 
33 35 68 69 72 70 68 47 -1 70 27 27 33 33 53 63 8 27 16 70 63 27 72 70 68 72 72 -1 35 68 68 72 72 8 72 8 16 35 70 68 8 69 33 68 35 27 27 27 68 68 40 63 68 40 27 47 70 68 33 72 47 33 68 8 70 86 70 35 -1 68 -1 68 -1 35 72 8 8 68 27 16 68 27 33 68 68 35 70 -1 68 
57 35 68 64 64 78 77 77 18 78 45 33 26 33 77 18 18 54 -1 -1 26 45 64 37 68 19 18 78 18 68 62 64 64 18 68 19 77 26 64 18 68 69 28 62 35 26 77 62 19 39 68 26 77 68 19 64 64 19 57 77 69 77 19 18 -1 77 62 26 -1 18 19 26 64 25 77 77 72 -1 19 18 62 64 77 48 68 28 26 68 -1 
