23
7 15
-1 21 18 10 18 21 18 21 19 19 -1 10 19 19 19 -1 10 18 15 -1 10 -1 10 
21 -1 -1 16 -1 9 2 9 13 -1 19 9 -1 9 12 18 2 18 2 12 2 -1 2 
18 -1 -1 16 1 22 -1 14 20 1 20 18 1 20 6 18 -1 18 -1 12 -1 1 -1 
10 16 16 -1 18 11 18 11 18 16 -1 -1 11 16 18 18 -1 18 -1 10 10 18 10 
18 -1 1 18 -1 9 12 9 20 -1 20 18 -1 9 12 18 9 18 -1 12 -1 1 9 
21 9 22 11 9 -1 12 -1 7 -1 22 -1 -1 9 7 18 9 22 11 12 12 -1 -1 
18 2 -1 18 12 12 -1 14 20 2 20 18 -1 12 -1 18 2 18 -1 12 -1 18 2 
21 9 14 11 9 -1 14 -1 -1 5 20 5 5 8 -1 18 9 8 11 12 8 5 5 
19 13 20 18 20 7 20 -1 -1 13 20 7 13 -1 7 18 13 -1 17 13 -1 13 17 
19 -1 1 16 -1 -1 2 5 13 -1 22 5 1 -1 13 18 -1 22 4 13 4 1 -1 
-1 19 20 -1 20 22 20 20 20 22 -1 3 19 19 19 0 3 20 3 -1 -1 0 -1 
10 9 18 -1 18 -1 18 5 7 5 3 -1 5 9 7 18 3 18 -1 10 18 5 5 
19 -1 1 11 -1 -1 -1 5 13 1 19 5 -1 -1 -1 18 2 20 4 -1 -1 1 5 
19 9 20 16 9 9 12 8 -1 -1 19 9 -1 -1 -1 19 9 8 20 -1 -1 -1 9 
19 12 6 18 12 7 -1 -1 7 13 19 7 -1 -1 -1 18 6 8 6 12 6 13 6 
-1 18 18 18 18 18 18 18 18 18 0 18 18 19 18 -1 18 18 -1 0 18 0 10 
10 2 -1 -1 9 9 2 9 13 -1 3 3 2 9 6 18 -1 22 2 10 2 22 -1 
18 18 18 18 18 22 18 8 -1 22 20 18 20 8 8 18 22 -1 -1 13 -1 18 -1 
15 2 -1 -1 -1 11 -1 11 17 4 3 -1 4 20 6 -1 2 -1 -1 21 -1 -1 2 
-1 12 12 10 12 12 12 12 13 13 -1 10 -1 -1 12 0 10 13 21 -1 10 -1 10 
10 2 -1 10 -1 12 -1 8 -1 4 -1 18 -1 -1 6 18 2 -1 -1 10 -1 13 2 
-1 -1 1 18 1 -1 18 5 13 1 0 5 1 -1 13 0 22 18 -1 -1 13 -1 -1 
10 2 -1 10 9 -1 2 5 17 -1 -1 5 5 9 6 10 -1 -1 2 10 2 -1 -1 
