64
11 44
-1 36 24 42 -1 39 43 42 -1 -1 39 38 35 -1 32 32 31 20 42 38 8 39 -1 4 4 42 8 42 39 24 4 13 13 30 20 8 22 42 22 -1 9 4 -1 -1 39 4 39 4 20 8 -1 43 22 39 22 4 9 9 42 -1 36 26 13 8 
36 -1 36 36 55 36 46 60 36 36 36 55 46 46 46 36 55 36 60 36 36 46 36 36 46 46 36 60 36 36 50 55 46 50 36 46 -1 55 36 46 36 55 36 36 46 55 -1 36 36 46 46 36 36 36 36 -1 36 36 36 36 36 36 36 36 
24 36 -1 24 24 -1 51 52 26 52 5 38 24 31 51 5 31 53 15 -1 32 24 52 24 -1 32 5 24 5 5 24 -1 24 30 5 39 5 51 19 5 52 24 52 24 39 24 32 31 31 32 24 -1 -1 -1 5 31 10 5 28 5 52 26 26 15 
42 36 24 -1 24 15 42 42 42 42 15 37 21 32 32 -1 28 32 15 24 32 -1 42 24 -1 42 15 -1 15 24 24 24 15 42 15 21 15 27 29 21 49 24 -1 24 39 24 32 24 57 42 42 24 42 15 15 24 15 21 27 15 27 26 42 15 
-1 55 24 24 -1 24 25 33 0 0 56 55 24 0 47 24 55 23 42 24 23 24 0 -1 -1 23 8 24 53 24 -1 47 24 30 23 8 22 30 22 0 9 -1 0 0 39 -1 32 -1 23 8 0 24 22 47 22 -1 23 9 27 0 45 26 23 8 
39 36 -1 15 24 -1 54 57 26 57 -1 38 39 31 32 -1 28 34 15 2 34 39 36 34 2 34 -1 15 -1 -1 54 2 15 57 -1 39 -1 54 29 -1 53 29 15 18 39 54 39 53 26 26 39 2 2 -1 -1 28 10 -1 28 -1 36 26 26 15 
43 46 51 42 25 54 -1 49 49 49 54 49 49 32 51 32 49 54 43 51 25 42 54 25 43 -1 49 54 54 43 43 34 25 43 25 49 54 54 49 43 49 43 25 -1 43 54 32 49 25 -1 43 -1 42 49 -1 49 54 43 43 32 43 49 25 49 
42 60 52 42 33 57 49 -1 49 49 57 49 -1 62 62 18 49 54 -1 42 42 12 42 62 42 42 62 60 57 57 33 57 42 -1 42 12 60 42 42 21 49 43 -1 18 39 60 42 49 57 -1 33 43 42 49 18 42 49 -1 12 42 -1 62 -1 33 
-1 36 26 42 0 26 49 49 -1 0 26 49 35 0 47 63 40 20 42 38 -1 63 0 20 4 23 -1 42 26 26 4 47 20 63 20 -1 20 42 20 0 20 4 0 0 39 4 32 -1 20 -1 0 43 22 47 20 4 9 9 35 0 36 26 26 -1 
-1 36 52 42 0 57 49 49 0 -1 56 49 49 0 40 49 40 40 57 38 40 57 0 56 4 42 8 57 40 41 4 13 49 49 40 8 22 57 22 0 -1 -1 0 0 39 4 39 4 57 -1 0 40 40 40 56 4 -1 -1 57 0 49 26 13 8 
39 36 5 15 56 -1 54 57 26 56 -1 38 39 31 32 5 28 34 15 5 34 39 36 56 5 34 5 15 5 5 56 5 15 56 5 39 5 54 29 5 53 29 15 18 39 54 39 53 26 56 39 5 5 5 5 28 -1 5 28 5 36 26 26 15 
38 55 38 37 55 38 49 49 49 49 38 -1 49 49 37 49 55 38 42 38 38 57 38 37 38 42 49 37 55 38 37 55 49 37 38 49 38 -1 -1 38 49 38 37 37 39 37 49 37 38 -1 37 37 38 49 37 -1 49 37 37 49 37 49 37 49 
35 46 24 21 24 39 49 -1 35 49 39 49 -1 62 62 18 58 35 7 24 35 -1 42 62 21 42 35 58 58 24 33 47 42 7 35 -1 60 42 35 21 49 43 7 18 39 60 39 35 57 7 33 43 42 39 18 42 49 7 -1 35 7 35 7 21 
-1 46 31 32 0 31 32 62 0 0 31 49 62 -1 32 32 31 32 32 31 32 39 0 62 32 32 62 32 31 32 4 -1 -1 62 31 8 22 32 22 0 -1 4 0 0 39 62 32 31 31 32 0 31 40 40 22 31 9 9 31 0 52 62 -1 8 
32 46 51 32 47 32 51 62 47 40 32 37 62 32 -1 32 40 32 32 51 32 57 32 62 32 32 62 37 40 32 37 47 -1 37 32 47 32 -1 32 46 -1 40 32 51 46 37 32 -1 32 32 37 -1 40 40 37 32 40 37 37 32 37 62 -1 32 
32 36 5 -1 24 -1 32 18 63 49 5 49 18 32 32 -1 28 32 -1 5 32 3 32 32 3 32 5 3 5 5 43 5 -1 63 5 39 5 27 29 5 32 29 3 18 39 60 32 32 63 32 46 5 5 5 5 32 10 5 18 5 18 26 18 -1 
31 55 31 28 55 28 49 49 40 40 28 55 58 31 40 28 -1 34 58 31 40 39 55 40 31 34 28 58 -1 28 55 -1 31 49 31 39 28 40 40 28 -1 40 49 31 39 55 55 31 31 40 31 31 40 28 28 -1 40 28 28 28 52 28 31 48 
20 36 53 32 23 34 54 54 20 40 34 38 35 32 32 32 34 -1 54 38 -1 53 54 20 32 34 20 54 53 34 23 34 20 30 -1 20 20 54 20 53 20 23 32 54 53 54 32 20 20 20 20 53 40 -1 -1 34 54 34 53 53 36 26 23 20 
42 60 15 15 42 15 43 -1 42 57 15 42 7 32 32 -1 58 54 -1 15 32 57 42 42 43 42 15 58 58 15 43 57 15 7 15 12 60 42 42 15 49 43 -1 -1 39 60 32 32 57 7 42 43 42 15 -1 42 54 -1 -1 15 -1 26 7 15 
38 36 -1 24 24 2 51 42 38 38 5 38 24 31 51 5 31 38 15 -1 38 24 38 38 2 32 5 24 5 38 24 2 24 30 5 38 5 38 -1 5 38 38 38 24 39 24 32 31 31 38 38 2 2 2 5 31 10 5 28 5 52 26 26 15 
8 36 32 32 23 34 25 42 -1 40 34 38 35 32 32 32 40 -1 32 38 -1 57 32 -1 32 23 8 60 34 38 23 34 -1 30 -1 8 -1 30 -1 8 -1 23 32 8 39 23 32 -1 -1 8 8 32 40 17 17 23 23 48 32 32 36 26 23 8 
39 46 24 -1 24 39 42 12 63 57 39 57 -1 39 57 3 39 53 57 24 57 -1 39 24 3 42 39 3 39 24 57 57 15 63 39 12 39 57 29 -1 53 57 3 24 39 57 39 53 57 12 39 24 42 39 39 24 57 -1 12 39 12 39 12 -1 
-1 36 52 42 0 36 54 42 0 0 36 38 42 0 32 32 55 54 42 38 32 39 -1 4 32 32 8 42 36 38 4 55 -1 42 32 8 -1 42 -1 0 52 4 -1 0 39 4 32 4 32 32 0 32 -1 36 -1 -1 54 9 42 0 36 26 13 8 
4 36 24 24 -1 34 25 62 20 56 56 37 62 62 62 32 40 20 42 38 -1 24 4 -1 4 -1 62 37 34 24 -1 34 20 30 20 20 20 30 20 4 20 4 25 30 39 4 32 4 20 20 30 25 40 20 56 4 -1 37 37 4 36 62 -1 20 
4 46 -1 -1 -1 2 43 42 4 4 5 38 21 32 32 3 31 32 43 2 32 3 32 4 -1 32 5 3 5 -1 4 2 -1 30 5 8 5 27 29 4 32 4 3 -1 39 4 32 4 31 32 4 2 2 2 5 4 23 5 27 32 27 26 23 15 
42 46 32 42 23 34 -1 42 23 42 34 42 42 32 32 32 34 34 42 32 23 42 32 -1 32 -1 34 42 34 32 23 34 -1 30 -1 23 23 42 23 34 23 23 -1 6 39 23 32 23 23 6 30 6 42 34 6 23 23 34 42 32 42 34 23 32 
8 36 5 15 8 -1 49 62 -1 8 5 49 35 62 62 5 28 20 15 5 8 39 8 62 5 34 -1 15 5 5 62 48 15 62 5 8 5 54 20 5 20 29 8 8 39 62 39 8 -1 8 8 5 5 5 5 48 10 5 28 5 36 -1 -1 8 
42 60 24 -1 24 15 54 60 42 57 15 37 58 32 37 3 58 54 58 24 60 3 42 37 3 42 15 -1 58 24 37 24 15 37 15 58 60 -1 37 21 37 24 3 24 39 37 32 37 57 37 37 37 60 58 37 37 54 37 -1 60 -1 26 37 15 
39 36 5 15 53 -1 54 57 26 40 5 55 58 31 40 5 -1 53 58 5 34 39 36 34 5 34 5 58 -1 5 53 16 15 57 5 39 5 54 29 5 16 29 58 58 39 53 39 53 26 40 39 5 5 -1 5 16 10 5 -1 5 36 26 26 15 
24 36 5 24 24 -1 43 57 26 41 5 38 24 32 32 5 28 34 15 38 38 24 38 24 -1 32 5 24 5 -1 24 5 24 30 5 39 5 38 -1 5 38 -1 24 24 39 24 32 24 26 32 24 5 5 5 5 24 10 5 28 5 36 26 26 15 
4 50 24 24 -1 54 43 33 4 4 56 37 33 4 37 43 55 23 43 24 23 57 4 -1 4 23 62 37 53 24 -1 47 23 -1 23 8 23 -1 23 4 23 4 37 -1 39 4 50 4 23 33 -1 43 42 47 37 4 23 37 37 4 33 62 23 33 
13 55 -1 24 47 2 34 57 47 13 5 55 47 -1 47 5 -1 34 57 2 34 57 55 34 2 34 48 24 16 5 47 -1 13 63 -1 47 5 47 19 5 13 47 13 13 39 47 32 -1 -1 32 13 2 2 2 5 -1 10 48 28 5 52 48 13 48 
13 46 24 15 24 15 25 42 20 49 15 49 42 -1 -1 -1 31 20 15 24 -1 15 -1 20 -1 -1 15 15 15 24 23 13 -1 42 20 20 20 14 20 46 13 24 -1 24 46 24 -1 14 20 -1 46 14 22 59 22 22 23 15 18 -1 18 26 13 15 
30 50 30 42 30 57 43 -1 63 49 56 37 7 62 37 63 49 30 7 30 30 63 42 30 30 30 62 37 57 30 -1 63 42 -1 30 12 60 30 30 63 49 30 7 30 63 30 50 30 63 7 30 43 42 47 18 30 30 7 12 30 7 62 7 -1 
20 36 5 15 23 -1 25 42 20 40 5 38 35 31 32 5 31 -1 15 5 -1 39 32 20 5 -1 5 15 5 5 23 -1 20 30 -1 20 5 42 20 5 20 29 25 25 39 23 32 20 20 20 20 5 5 5 5 31 10 5 28 5 36 26 23 15 
8 46 39 21 8 39 49 12 -1 8 39 49 -1 8 47 39 39 20 12 38 8 12 8 20 8 23 8 58 39 39 8 47 20 12 20 -1 20 42 20 -1 20 8 8 8 39 8 39 8 20 8 8 39 22 39 39 8 9 12 12 8 12 26 12 8 
22 -1 5 15 22 -1 54 60 20 22 5 38 60 22 32 5 28 20 60 5 -1 39 -1 20 5 23 5 60 5 5 23 5 20 60 5 20 -1 42 20 5 20 29 22 22 39 60 1 20 20 20 22 5 22 5 5 1 10 5 28 5 -1 26 23 15 
42 55 51 27 30 54 54 42 42 57 54 -1 42 32 -1 27 40 54 42 38 30 57 42 30 27 42 54 -1 54 38 -1 47 14 30 42 42 42 -1 11 42 14 30 -1 30 42 -1 32 14 57 11 30 14 42 40 -1 11 54 -1 27 32 27 54 14 33 
22 36 19 29 22 29 49 42 20 22 29 -1 35 22 32 29 40 20 42 -1 -1 29 -1 20 29 23 20 37 29 -1 23 19 20 30 20 20 20 11 -1 22 20 29 22 22 39 37 32 20 20 11 22 19 22 19 22 11 23 29 29 22 36 26 23 20 
-1 46 5 21 0 -1 43 21 0 0 5 38 21 0 46 5 28 53 15 5 8 -1 0 4 4 34 5 21 5 5 4 5 46 63 5 -1 5 42 22 -1 53 4 0 0 -1 4 -1 53 26 8 0 5 5 -1 5 4 9 5 21 0 36 26 13 21 
9 36 52 49 9 53 49 49 20 -1 53 49 49 -1 -1 32 -1 20 49 38 -1 53 52 20 32 23 20 37 16 38 23 13 13 49 20 20 20 14 20 53 -1 9 49 9 53 37 32 14 20 -1 9 14 -1 -1 20 16 9 9 28 52 52 26 13 20 
4 55 24 24 -1 29 43 43 4 -1 29 38 43 4 40 29 40 23 43 38 23 57 4 4 4 23 29 24 29 -1 4 47 24 30 29 8 29 30 29 4 9 -1 4 -1 39 4 32 4 57 9 4 43 40 29 29 4 9 9 43 4 43 29 23 8 
-1 36 52 -1 0 15 25 -1 0 0 15 37 7 0 32 3 49 32 -1 38 32 3 -1 25 3 -1 8 3 58 24 37 13 -1 7 25 8 22 -1 22 0 49 4 -1 0 39 37 32 4 32 -1 0 25 -1 39 18 22 9 7 18 0 7 26 7 8 
-1 36 24 24 0 18 -1 18 0 0 18 37 18 0 51 18 31 54 -1 24 8 24 0 30 -1 6 8 24 58 24 -1 13 24 30 25 8 22 30 22 0 9 -1 0 -1 39 4 32 4 57 6 0 -1 22 24 6 4 9 18 18 0 18 26 13 8 
39 46 39 39 39 39 43 39 39 39 39 39 39 39 46 39 39 53 39 39 39 39 39 39 39 39 39 39 39 39 39 39 46 63 39 39 39 42 39 -1 53 39 39 39 -1 39 39 53 39 39 39 39 39 39 39 39 39 39 39 39 39 39 39 39 
4 55 24 24 -1 54 54 60 4 4 54 37 60 62 37 60 55 54 60 24 23 57 4 4 4 23 62 37 53 24 4 47 24 30 23 8 60 -1 37 4 37 4 37 4 39 -1 32 4 57 37 4 37 60 47 37 4 23 37 37 4 -1 62 -1 8 
39 -1 32 32 32 39 32 42 32 39 39 49 39 32 32 32 55 32 32 32 32 39 32 32 32 32 39 32 39 32 50 32 -1 50 32 39 1 32 32 -1 32 32 32 32 39 32 -1 32 32 32 -1 32 32 39 32 1 32 39 32 32 36 39 32 32 
4 36 31 24 -1 53 49 49 -1 4 53 37 35 31 -1 32 31 20 32 31 -1 53 4 4 4 23 8 37 53 24 4 -1 14 30 20 8 20 14 20 53 14 4 4 4 53 4 32 -1 20 8 4 14 31 -1 20 4 23 37 53 53 36 26 14 8 
20 36 31 57 23 26 25 57 20 57 26 38 57 31 32 63 31 20 57 31 -1 57 32 20 31 23 -1 57 26 26 23 -1 20 63 20 20 20 57 20 26 20 57 32 57 39 57 32 20 -1 20 20 31 31 20 20 31 23 -1 57 26 36 26 26 -1 
8 46 32 42 8 26 -1 -1 -1 -1 56 -1 7 32 32 32 40 20 7 38 8 12 32 20 32 6 8 37 40 32 33 32 -1 7 20 8 20 11 11 8 -1 9 -1 6 39 37 32 8 20 -1 8 6 40 40 6 11 9 7 12 32 7 26 7 8 
-1 46 24 42 0 39 43 33 0 0 39 37 33 0 37 46 31 20 42 38 8 39 0 30 4 30 8 37 39 24 -1 13 46 30 20 8 22 30 22 0 9 4 0 0 39 4 -1 4 20 8 -1 43 22 39 22 4 9 9 37 0 33 26 13 8 
43 36 -1 24 24 2 -1 43 43 40 5 37 43 31 -1 5 31 53 43 2 32 24 32 25 2 6 5 37 5 5 43 2 14 43 5 39 5 14 19 5 14 43 25 -1 39 37 32 14 31 6 43 -1 2 2 6 31 54 5 43 5 43 26 14 15 
22 36 -1 42 22 2 42 42 22 40 5 38 42 40 40 5 40 40 42 2 40 42 -1 40 2 42 5 60 5 5 42 2 22 42 5 22 22 42 22 5 -1 40 -1 22 39 60 32 31 31 40 22 2 -1 2 22 22 40 5 42 -1 -1 26 40 15 
39 36 -1 15 47 -1 49 49 47 40 5 49 39 40 40 5 28 -1 15 2 17 39 36 20 2 34 5 58 -1 5 47 2 59 47 5 39 5 40 19 -1 -1 29 39 24 39 47 39 -1 20 40 39 2 2 -1 5 28 10 5 28 -1 36 26 26 15 
22 36 5 15 22 -1 -1 18 20 56 5 37 18 22 37 5 28 -1 -1 5 17 39 -1 56 5 6 5 37 5 5 37 5 22 18 5 39 5 -1 22 5 20 29 18 6 39 37 32 20 20 6 22 6 22 5 -1 22 -1 5 18 5 18 26 18 15 
4 -1 31 24 -1 28 49 42 4 4 28 -1 42 31 32 32 -1 34 42 31 23 24 -1 4 4 23 48 37 16 24 4 -1 22 30 31 8 1 11 11 4 16 4 22 4 39 4 1 4 31 11 4 31 22 28 22 -1 23 37 28 4 36 48 23 48 
9 36 10 15 23 10 54 49 9 -1 -1 49 49 9 40 10 40 54 54 10 23 57 54 -1 23 23 10 54 10 10 23 10 23 30 10 9 10 54 23 9 9 9 9 9 39 23 32 23 23 9 9 54 40 10 -1 23 -1 9 54 9 54 26 23 9 
9 36 5 21 9 -1 43 -1 9 -1 5 37 7 9 37 5 28 34 -1 5 48 -1 9 37 5 34 5 37 5 5 37 48 15 7 5 12 5 -1 29 5 9 9 7 18 39 37 39 37 -1 7 9 5 5 5 5 37 9 -1 18 5 7 26 7 21 
42 36 28 27 27 28 43 12 35 57 28 37 -1 31 37 18 28 53 -1 28 32 12 42 37 27 42 28 -1 -1 28 37 28 18 12 28 12 28 27 29 21 28 43 18 18 39 37 32 53 57 12 37 43 42 28 18 28 54 18 -1 28 18 28 12 18 
-1 36 5 15 0 -1 32 42 0 0 5 49 35 0 32 5 28 53 15 5 32 39 0 4 32 32 5 60 5 5 4 5 -1 30 5 8 5 32 22 0 52 4 0 0 39 4 32 53 26 32 0 5 -1 -1 5 4 9 5 28 -1 52 26 13 8 
36 36 52 27 45 36 43 -1 36 49 36 37 7 52 37 18 52 36 -1 52 36 12 36 36 27 42 36 -1 36 36 33 52 18 7 36 12 -1 27 36 36 52 43 7 18 39 -1 36 36 36 7 33 43 -1 36 18 36 54 7 18 52 -1 36 7 18 
26 36 26 26 26 26 49 62 26 26 26 49 35 62 62 26 28 26 26 26 26 39 26 62 26 34 -1 26 26 26 62 48 26 62 26 26 26 54 26 26 26 29 26 26 39 62 39 26 26 26 26 26 26 26 26 48 26 26 28 26 36 -1 26 26 
13 36 26 42 23 26 25 -1 26 13 26 37 7 -1 -1 18 31 23 7 26 23 12 13 -1 23 23 -1 37 26 26 23 13 13 7 23 12 23 14 23 13 13 23 7 13 39 -1 32 14 26 7 13 14 40 26 18 23 23 7 12 13 7 26 -1 26 
8 36 15 15 8 15 49 33 -1 8 15 49 21 8 32 -1 48 20 15 15 8 -1 8 20 15 32 8 15 15 15 33 48 15 -1 15 8 15 33 20 21 20 8 8 8 39 8 32 8 -1 8 8 15 15 15 15 48 9 21 18 8 18 26 26 -1 
