52
2 45
-1 27 12 46 24 10 46 33 24 10 -1 24 -1 46 24 33 24 48 24 24 24 27 46 33 -1 46 24 10 33 10 33 33 12 -1 33 12 12 -1 10 33 12 33 33 46 29 24 -1 24 -1 33 46 10 
27 -1 36 44 36 36 19 36 27 27 27 18 36 27 36 -1 18 34 -1 15 18 27 29 18 27 36 18 -1 33 18 44 18 27 15 18 36 -1 27 27 23 36 15 19 44 -1 18 44 18 27 27 34 27 
12 36 -1 43 36 -1 19 25 23 5 51 23 -1 51 51 19 23 25 23 5 43 23 46 5 9 -1 23 9 25 32 51 25 12 12 25 12 5 12 9 23 12 9 51 5 25 23 25 23 12 23 25 -1 
46 44 43 -1 20 43 43 31 43 43 43 20 40 43 43 43 20 50 20 43 -1 20 46 20 20 50 20 21 33 44 20 20 24 31 50 43 43 31 43 23 31 43 43 -1 43 20 43 20 46 43 -1 43 
24 36 36 20 -1 36 23 36 16 38 38 16 36 36 36 44 -1 36 16 24 16 20 44 16 16 36 16 16 33 44 44 16 24 23 36 38 -1 36 -1 23 31 44 24 38 -1 18 43 16 24 16 38 36 
10 36 -1 43 36 -1 19 36 23 -1 9 23 2 9 36 19 23 19 23 -1 43 23 46 -1 9 2 23 9 33 10 36 23 12 23 36 12 -1 10 9 23 12 9 19 -1 43 23 43 23 10 23 25 2 
46 19 19 43 23 19 -1 17 23 19 46 23 46 46 23 19 23 -1 23 -1 23 23 46 -1 19 46 23 19 17 24 23 17 24 23 17 46 17 17 43 23 31 19 19 19 17 23 -1 23 17 23 34 46 
33 36 25 31 36 36 17 -1 31 36 37 31 36 36 36 33 31 -1 34 17 31 31 44 33 36 -1 31 33 17 44 31 -1 36 -1 -1 25 -1 -1 35 33 31 33 33 44 -1 34 25 31 17 33 25 25 
24 27 23 43 16 23 23 31 -1 24 27 16 24 14 -1 27 -1 23 16 24 16 23 29 -1 -1 46 16 -1 33 24 14 16 24 23 18 38 14 24 14 23 31 -1 14 -1 14 18 43 16 24 -1 38 14 
10 27 5 43 38 -1 19 36 24 -1 -1 24 5 -1 13 27 24 19 24 5 43 27 29 5 -1 5 24 -1 41 10 14 24 24 41 36 38 5 10 -1 23 37 -1 13 -1 41 24 13 41 10 24 38 10 
-1 27 51 43 38 9 46 37 27 -1 -1 24 0 9 51 27 24 37 29 9 27 27 29 9 0 37 29 -1 33 -1 29 33 27 0 29 12 9 -1 9 23 37 9 37 9 29 29 0 29 0 27 38 -1 
24 18 23 20 16 23 23 31 16 24 24 -1 24 16 16 18 -1 23 16 24 16 20 29 16 16 31 16 16 33 18 20 16 24 23 18 38 16 24 16 23 31 16 24 16 16 18 23 16 24 16 20 16 
-1 36 -1 40 36 2 46 36 24 5 0 24 -1 51 36 32 24 36 32 5 40 32 32 5 0 2 32 32 33 32 36 40 -1 0 36 -1 -1 0 35 23 -1 33 51 5 32 32 0 32 0 33 25 -1 
46 27 51 43 36 9 46 36 14 -1 9 16 51 -1 -1 27 14 46 16 42 30 27 46 9 9 46 30 9 42 10 14 30 24 42 36 38 14 42 9 23 42 9 -1 9 14 18 -1 41 42 14 38 -1 
24 36 51 43 36 36 23 36 -1 13 51 16 36 -1 -1 44 8 36 16 43 30 23 44 8 8 36 30 8 33 44 -1 30 24 23 36 38 -1 36 -1 23 31 8 13 -1 -1 18 13 16 24 8 38 -1 
33 -1 19 43 44 19 19 33 27 27 27 18 32 27 44 -1 18 19 1 -1 27 27 44 33 19 33 27 -1 33 44 44 33 27 -1 44 32 1 27 27 33 33 -1 19 19 -1 18 19 41 33 33 44 27 
24 18 23 20 -1 23 23 31 -1 24 24 -1 24 14 8 18 -1 23 -1 24 -1 20 29 -1 -1 31 -1 8 33 18 20 -1 24 23 18 38 4 24 4 23 31 8 24 8 4 18 23 -1 24 8 20 14 
48 34 25 50 36 19 -1 -1 23 19 37 23 36 46 36 19 23 -1 34 6 31 23 46 6 19 7 23 19 -1 34 31 7 24 7 -1 25 7 7 50 23 31 33 19 19 7 34 6 23 -1 33 34 46 
24 -1 23 20 16 23 23 34 16 24 29 16 32 16 16 1 -1 34 -1 15 16 20 29 16 16 34 16 1 34 -1 20 16 29 15 -1 32 1 29 16 23 31 15 19 16 1 -1 29 16 34 16 34 29 
24 15 5 43 24 -1 -1 17 24 5 9 24 5 42 43 -1 24 6 15 -1 43 23 29 5 -1 5 24 15 17 24 43 24 24 15 17 43 5 42 43 23 42 15 -1 -1 15 18 6 23 17 24 43 42 
24 18 43 -1 16 43 23 31 16 43 27 16 40 30 30 27 -1 31 16 43 -1 -1 46 16 16 31 16 21 33 18 -1 -1 24 31 18 43 16 31 43 23 31 16 33 -1 30 18 43 16 24 16 3 30 
27 27 23 20 20 23 23 31 23 27 27 20 32 27 23 27 20 23 20 23 -1 -1 29 -1 27 23 -1 -1 33 26 20 20 27 23 20 32 23 27 27 23 31 47 33 20 27 20 23 -1 23 23 20 27 
46 29 46 46 44 46 46 44 29 29 29 29 32 46 44 44 29 46 29 29 46 29 -1 46 29 46 29 29 46 -1 29 29 29 46 29 46 29 29 46 46 32 44 46 46 29 29 -1 29 46 29 46 46 
33 18 5 20 16 -1 -1 33 -1 5 9 16 5 9 8 33 -1 6 16 5 16 -1 46 -1 8 5 16 8 33 47 14 16 24 -1 17 12 5 33 9 -1 31 8 33 5 14 18 6 -1 17 8 20 5 
-1 27 9 20 16 9 19 36 -1 -1 0 16 0 9 8 19 -1 19 16 -1 16 27 29 8 -1 36 16 -1 33 -1 14 16 -1 0 36 12 -1 0 9 23 12 8 19 8 29 18 0 16 0 8 36 10 
46 36 -1 50 36 2 46 -1 46 5 37 31 2 46 36 33 31 7 34 5 31 23 46 5 36 -1 31 9 17 44 31 7 12 7 7 -1 7 7 35 23 12 33 46 46 7 34 -1 23 17 33 -1 2 
24 18 23 20 16 23 23 31 16 24 29 16 32 30 30 27 -1 23 16 24 16 -1 29 16 16 31 -1 21 33 -1 -1 16 29 23 18 32 16 29 16 23 31 16 24 16 29 18 29 16 24 16 20 29 
10 -1 9 21 16 9 19 33 -1 -1 -1 16 32 9 8 -1 8 19 1 15 21 -1 29 8 -1 9 21 -1 33 10 14 16 -1 15 18 32 1 10 9 23 32 8 13 8 1 18 10 21 10 8 38 10 
33 33 25 33 33 33 17 17 33 41 33 33 33 42 33 33 33 -1 34 17 33 33 46 33 33 17 33 33 -1 33 33 33 33 -1 17 25 17 48 41 33 33 33 33 19 17 34 17 33 -1 33 34 42 
10 18 32 44 44 10 24 44 24 10 -1 18 32 10 44 44 18 34 -1 24 18 26 -1 47 -1 44 -1 10 33 -1 26 18 -1 10 18 32 24 10 10 47 32 44 24 44 -1 18 22 -1 10 24 34 10 
33 44 51 20 44 36 23 31 14 14 29 20 36 14 -1 44 20 31 20 43 -1 20 29 14 14 31 -1 14 33 26 -1 -1 29 31 44 38 14 31 14 23 31 44 14 14 -1 20 14 20 31 14 20 14 
33 18 25 20 16 23 17 -1 16 24 33 16 40 30 30 33 -1 7 16 24 -1 20 29 16 16 7 16 16 33 18 -1 -1 24 -1 7 25 7 7 16 23 -1 33 33 20 7 18 25 16 17 33 20 30 
12 27 12 24 24 12 24 36 24 24 27 24 -1 24 24 27 24 24 29 24 24 27 29 24 -1 12 29 -1 33 -1 29 24 -1 12 29 12 12 12 24 24 12 24 24 24 29 29 12 29 12 24 25 12 
-1 15 12 31 23 23 23 -1 23 41 0 23 0 42 23 -1 23 7 15 15 31 23 46 -1 0 7 23 15 -1 10 31 -1 12 -1 7 12 7 0 41 23 31 -1 -1 19 7 18 0 23 0 -1 25 42 
33 18 25 50 36 36 17 -1 18 36 29 18 36 36 36 44 18 -1 -1 17 18 20 29 17 36 7 18 18 17 18 44 7 29 7 -1 25 -1 7 50 23 31 44 33 44 -1 18 17 18 17 33 -1 36 
12 36 12 43 38 12 46 25 38 38 12 38 -1 38 38 32 38 25 32 43 43 32 46 12 12 -1 32 32 25 32 38 25 12 12 25 -1 12 12 -1 23 12 38 46 38 25 32 25 32 12 33 25 12 
12 -1 5 43 -1 -1 17 -1 14 5 9 16 -1 14 -1 1 4 7 1 5 16 23 29 5 -1 7 16 1 17 24 14 7 12 7 -1 12 -1 7 4 23 12 9 14 5 1 18 12 16 12 14 34 12 
-1 27 12 31 36 10 17 -1 24 10 -1 24 0 42 36 27 24 7 29 42 31 27 29 33 0 7 29 10 48 10 31 7 12 0 7 12 7 -1 10 33 -1 10 -1 10 7 29 0 29 -1 33 25 10 
10 27 9 43 -1 9 43 35 14 -1 9 16 35 9 -1 27 4 50 16 43 43 27 46 9 9 35 16 9 41 10 14 16 24 41 50 -1 4 10 -1 23 35 9 13 -1 4 18 43 16 10 14 -1 14 
33 23 23 23 23 23 23 33 23 23 23 23 23 23 23 33 23 23 23 23 23 23 46 -1 23 23 23 23 33 47 23 23 24 23 23 23 23 33 23 -1 31 23 33 23 23 23 23 23 23 23 23 23 
12 36 12 31 31 12 31 31 31 37 37 31 -1 42 31 33 31 31 31 42 31 31 32 31 12 12 31 32 33 32 31 -1 12 31 31 12 12 -1 35 31 -1 33 37 31 31 31 12 31 37 33 25 12 
33 15 9 43 44 9 19 33 -1 -1 9 16 33 9 8 -1 8 33 15 15 16 47 44 8 8 33 16 8 33 44 44 33 24 -1 44 38 9 10 9 23 33 -1 33 8 -1 18 13 -1 33 8 38 10 
33 19 51 43 24 19 19 33 14 13 37 24 51 -1 13 19 24 19 19 -1 33 33 46 33 19 46 24 13 33 24 14 33 24 -1 33 46 14 -1 13 33 37 33 -1 19 14 19 -1 33 37 33 46 -1 
46 44 5 -1 38 -1 19 44 -1 -1 9 16 5 9 -1 19 8 19 16 -1 -1 20 46 5 8 46 16 8 19 44 14 20 24 19 44 38 5 10 -1 23 31 8 19 -1 -1 18 -1 16 46 8 3 14 
29 -1 25 43 -1 43 17 -1 14 41 29 16 32 14 -1 -1 4 7 1 15 30 27 29 14 29 7 29 1 17 -1 -1 7 29 7 -1 25 1 7 4 23 31 -1 14 -1 -1 18 43 29 17 14 34 14 
24 18 23 20 18 23 23 34 18 24 29 18 32 18 18 18 18 34 -1 18 18 20 29 18 18 34 18 18 34 18 20 18 29 18 18 32 18 29 18 23 31 18 19 18 18 -1 29 18 34 18 34 29 
-1 44 25 43 43 43 -1 25 43 13 0 23 0 -1 13 19 23 6 29 6 43 23 -1 6 0 -1 29 10 17 22 14 25 12 0 17 25 12 0 43 23 12 13 -1 -1 43 29 -1 23 0 33 25 -1 
24 18 23 20 16 23 23 31 16 41 29 16 32 41 16 41 -1 23 16 23 16 -1 29 -1 16 23 16 21 33 -1 20 16 29 23 18 32 16 29 16 23 31 -1 33 16 29 18 23 -1 23 16 20 29 
-1 27 12 46 24 10 17 17 24 10 0 24 0 42 24 33 24 -1 34 17 24 23 46 17 0 17 24 10 -1 10 31 17 12 0 17 12 12 -1 10 23 37 33 37 46 17 34 0 23 -1 33 34 10 
33 27 23 43 16 23 23 33 -1 24 27 16 33 14 8 33 8 33 16 24 16 23 29 8 8 33 16 8 33 24 14 33 24 -1 33 33 14 33 14 23 33 8 33 8 14 18 33 16 33 -1 33 14 
46 34 25 -1 38 25 34 25 38 38 38 20 25 38 38 44 20 34 34 43 3 20 46 20 36 -1 20 38 34 34 20 20 25 25 -1 25 34 25 -1 23 25 38 46 3 34 34 25 20 34 33 -1 25 
10 27 -1 43 36 2 46 25 14 10 -1 16 -1 -1 -1 27 14 46 29 42 30 27 46 5 10 2 29 10 42 10 14 30 12 42 36 12 12 10 14 23 12 10 -1 14 14 29 -1 29 10 14 25 -1 
