95
1 53
-1 67 57 36 56 -1 83 83 45 58 42 36 -1 84 84 36 45 5 24 36 5 36 58 36 12 58 56 17 20 51 58 58 36 36 58 36 -1 58 36 58 58 -1 36 17 58 36 20 36 20 58 36 12 83 74 56 74 12 12 -1 57 58 66 67 68 80 75 12 12 5 28 75 74 58 57 -1 74 36 17 45 83 36 45 36 58 5 36 58 72 36 27 45 36 74 20 48 
67 -1 83 62 83 84 62 62 62 62 62 67 67 62 62 79 64 62 62 62 83 67 83 62 62 75 62 83 83 64 83 62 67 62 83 83 83 66 62 62 83 62 62 66 83 62 62 62 62 62 93 62 62 62 62 62 62 62 83 62 62 62 -1 62 62 75 62 62 63 62 62 93 62 62 75 62 62 62 62 62 64 90 62 62 62 62 62 62 62 62 67 62 62 62 62 
57 83 -1 87 83 68 83 83 34 58 87 58 57 59 73 89 89 44 89 87 68 68 34 87 57 89 57 57 57 85 -1 44 68 57 30 57 57 57 60 89 57 57 57 57 -1 57 57 57 87 44 57 44 60 89 30 89 44 -1 30 -1 -1 60 83 89 60 86 57 57 30 89 34 74 87 57 57 74 85 44 57 83 92 89 89 30 59 44 30 -1 60 -1 57 87 87 57 87 
36 62 87 -1 83 68 -1 6 6 23 87 23 57 8 47 23 34 77 62 23 93 23 91 -1 62 23 54 50 83 64 83 62 23 47 8 83 23 50 23 62 45 36 47 83 83 8 47 23 87 62 23 87 8 55 8 23 23 47 83 13 52 23 6 23 23 86 83 62 23 83 8 55 87 57 57 93 47 63 45 7 36 90 23 6 13 23 47 23 38 55 83 23 87 6 50 
56 83 83 83 -1 84 83 83 56 56 87 32 56 83 83 56 56 56 83 32 72 32 83 32 56 56 56 83 83 72 83 56 -1 76 83 83 32 56 32 56 72 56 72 56 83 90 72 72 56 83 32 72 83 56 56 56 -1 56 72 83 83 83 83 32 83 75 83 32 32 83 83 56 -1 56 56 72 72 56 83 83 56 90 56 -1 32 32 83 72 83 56 83 32 83 83 50 
-1 84 68 68 84 -1 93 79 84 58 46 68 0 84 84 68 73 -1 68 84 -1 68 68 68 12 77 28 17 20 77 68 17 84 36 68 27 0 43 48 58 58 0 46 17 31 36 20 68 20 31 27 12 84 74 48 54 12 12 0 84 43 84 84 68 84 75 12 12 -1 28 49 74 46 68 0 74 36 17 43 48 36 90 77 28 -1 68 28 48 36 27 84 68 74 20 48 
83 62 83 -1 83 93 -1 -1 -1 62 34 67 67 8 62 79 34 62 62 23 93 23 34 3 62 93 54 83 83 64 83 62 83 83 8 83 45 54 52 62 45 62 62 83 83 8 93 23 54 62 93 93 8 55 8 8 54 45 83 13 52 62 -1 23 52 93 83 62 83 83 8 93 83 62 93 93 62 62 45 7 45 90 62 -1 13 45 52 23 52 55 83 23 52 -1 93 
83 62 83 6 83 79 -1 -1 6 62 79 67 67 8 79 79 34 79 79 23 79 79 91 6 79 79 54 83 79 91 83 79 79 79 8 83 45 54 79 62 45 79 79 79 83 8 79 23 79 62 93 79 8 55 8 8 79 45 83 13 52 62 6 79 91 93 83 62 79 79 8 93 83 79 93 93 79 79 45 -1 91 90 79 6 79 45 52 79 52 55 83 79 52 6 79 
45 62 34 6 56 84 -1 6 -1 52 34 45 56 -1 49 56 34 49 62 55 54 45 34 55 56 52 54 57 54 64 34 49 84 45 -1 45 45 54 52 62 45 45 61 54 83 -1 54 55 54 13 54 75 -1 55 -1 -1 54 45 34 13 52 52 6 55 52 75 54 61 34 49 -1 55 54 34 57 70 85 49 45 7 45 34 34 6 13 45 52 54 52 55 45 34 52 6 54 
58 62 58 23 56 58 62 62 52 -1 56 -1 56 52 56 56 56 56 62 23 48 11 58 21 56 38 56 89 48 56 58 56 11 88 58 56 21 58 -1 -1 58 58 56 56 56 58 72 23 38 56 21 56 38 56 56 56 -1 56 -1 58 52 52 39 89 52 75 56 11 21 38 62 56 58 56 58 38 72 38 58 48 56 56 39 58 32 21 52 48 38 39 67 21 52 48 48 
42 62 87 87 87 46 34 79 34 56 -1 67 56 34 42 82 -1 42 62 61 46 87 34 87 56 89 54 42 87 64 34 87 84 42 16 42 42 54 87 82 45 42 -1 42 87 16 42 42 87 42 42 76 61 55 16 54 54 42 87 87 87 42 61 87 16 75 61 61 47 42 34 92 87 16 57 61 42 82 45 42 64 16 16 34 42 45 47 -1 42 16 45 42 87 61 87 
36 67 58 23 32 68 67 67 45 -1 67 -1 67 84 84 21 45 50 67 23 68 -1 91 21 67 21 56 50 48 85 58 56 -1 36 58 36 21 50 9 9 58 36 67 56 85 36 47 23 38 67 21 67 38 55 56 23 9 67 9 84 50 67 67 23 67 75 67 -1 21 25 67 85 32 67 36 67 85 25 67 21 36 90 21 32 32 21 47 23 38 39 67 21 78 50 50 
-1 67 57 57 56 0 67 67 56 56 56 67 -1 51 73 56 56 5 24 66 5 36 83 57 -1 56 56 57 56 51 56 51 56 36 83 57 0 57 56 56 57 0 57 56 51 57 57 57 51 51 57 -1 66 56 56 56 -1 -1 0 57 57 66 67 24 51 75 -1 -1 5 56 67 74 51 57 0 51 51 51 67 24 36 90 56 66 5 51 57 57 36 57 57 56 78 66 51 
84 62 59 8 83 84 8 8 -1 52 34 84 51 -1 49 56 34 49 62 64 84 84 34 55 62 52 49 49 49 64 34 49 84 45 8 83 45 54 52 62 45 84 49 49 49 8 49 49 49 -1 54 49 8 55 8 8 49 45 49 -1 52 84 49 55 49 75 83 62 84 49 8 55 49 49 57 70 49 49 49 49 64 90 34 49 -1 45 52 59 52 55 84 64 52 8 49 
84 62 73 47 83 84 62 79 49 56 42 84 73 49 -1 79 73 49 79 61 46 73 91 47 79 69 49 42 69 64 73 49 84 42 73 42 42 69 69 62 58 79 -1 42 49 73 42 42 79 -1 42 49 61 55 49 47 49 73 49 49 61 42 49 73 49 75 61 61 73 -1 49 74 46 -1 73 61 42 49 49 -1 64 73 73 49 -1 76 47 42 42 69 84 42 78 61 79 
36 79 89 23 56 68 79 79 56 56 82 21 56 56 79 -1 82 56 79 23 68 -1 91 21 56 -1 56 50 56 77 56 56 21 36 82 36 21 25 21 82 45 36 91 56 56 36 91 23 79 56 21 56 38 55 56 23 -1 37 37 89 37 75 79 23 91 75 37 21 21 25 75 85 56 68 75 25 82 25 37 -1 36 82 -1 79 32 21 75 23 38 25 83 -1 52 50 50 
45 64 89 34 56 73 34 34 34 56 -1 45 56 34 73 82 -1 82 89 64 54 45 34 55 56 89 54 89 54 64 34 54 45 42 -1 42 45 54 54 82 45 45 10 54 83 -1 42 42 54 64 54 64 64 55 -1 54 54 45 34 89 54 64 64 89 -1 75 54 64 73 73 34 55 54 -1 57 64 82 82 45 54 64 -1 -1 34 64 45 34 10 45 -1 45 64 64 64 54 
5 62 44 77 56 -1 62 79 49 56 42 50 5 49 49 56 82 -1 77 64 5 50 58 77 12 77 49 -1 20 77 58 -1 84 35 58 27 5 43 48 82 58 5 35 -1 31 57 20 57 31 31 27 31 48 89 43 89 31 27 31 44 43 66 49 77 49 75 43 12 5 77 49 74 51 57 5 51 51 -1 43 48 43 82 77 35 5 44 28 48 35 27 57 42 80 20 48 
24 62 89 62 83 68 62 79 62 62 62 67 24 62 79 79 89 77 -1 62 68 63 91 63 -1 77 62 89 79 77 68 62 63 62 83 83 24 57 79 62 83 24 62 56 83 57 62 63 79 62 63 24 62 63 79 63 24 24 83 62 62 62 -1 -1 62 75 24 62 63 79 62 63 51 62 24 62 51 63 62 -1 64 89 62 62 62 62 62 63 62 63 67 79 62 62 79 
36 62 87 23 32 84 23 23 55 23 61 23 66 64 61 23 64 64 62 -1 93 23 91 -1 62 75 64 50 93 64 55 64 23 47 64 61 23 66 23 62 64 36 61 66 64 64 47 23 87 64 23 64 61 55 55 23 23 47 64 64 61 -1 61 23 -1 75 61 61 23 61 62 55 87 61 75 61 61 63 64 91 64 64 64 61 61 23 47 23 61 55 66 23 61 61 50 
5 83 68 93 72 -1 93 79 54 48 46 68 5 84 46 68 54 5 68 93 -1 68 68 47 12 48 28 17 -1 51 68 48 68 46 68 46 5 54 48 48 58 5 46 17 48 36 -1 46 -1 28 93 48 48 93 48 54 28 28 5 68 52 93 83 68 93 86 83 93 -1 28 93 93 46 68 5 93 46 17 49 48 36 54 54 28 5 68 28 48 48 68 83 46 87 -1 48 
36 67 68 23 32 68 23 79 45 11 87 -1 36 84 73 -1 45 50 63 23 68 -1 91 -1 36 15 56 50 48 85 68 48 -1 36 68 36 -1 50 -1 11 45 36 91 36 85 36 47 23 38 91 -1 85 38 55 48 23 15 36 11 68 50 23 67 23 91 75 50 11 -1 25 45 85 32 68 36 25 85 25 45 15 36 45 15 32 32 -1 47 23 38 25 45 -1 52 50 50 
58 83 34 91 83 68 34 91 34 58 34 91 83 34 91 91 34 58 91 91 68 91 -1 91 91 91 54 83 83 91 34 58 91 91 -1 83 91 54 91 82 45 58 91 83 83 34 91 91 91 83 91 91 34 55 34 34 91 34 34 34 34 91 83 91 91 86 83 83 34 83 34 55 58 34 57 70 91 82 45 91 91 34 34 34 34 91 34 91 52 34 83 -1 52 34 91 
36 62 87 -1 32 68 3 6 55 21 87 21 57 55 47 21 55 77 63 -1 47 -1 91 -1 63 21 55 50 86 64 55 77 21 47 55 36 21 50 21 89 45 36 47 36 85 36 47 -1 87 64 21 87 38 55 55 -1 21 47 87 87 87 19 6 -1 19 86 61 21 21 25 55 55 87 57 57 61 47 63 92 91 36 55 21 6 32 21 47 -1 38 55 57 -1 87 6 50 
12 62 57 62 56 12 62 79 56 56 56 67 -1 62 79 56 56 12 -1 62 12 36 91 63 -1 56 56 57 56 51 56 51 56 36 83 57 12 57 56 62 57 -1 57 56 51 57 57 57 79 62 57 12 62 56 56 56 12 12 12 57 57 62 18 18 51 75 12 12 63 79 62 74 51 57 12 51 51 63 67 18 36 90 56 62 12 51 57 57 36 63 57 79 78 62 79 
58 75 89 23 56 77 93 79 52 38 89 21 56 52 69 -1 89 77 77 75 48 15 91 21 56 -1 54 89 69 77 54 77 21 88 89 43 21 -1 -1 89 58 58 69 37 77 57 48 57 38 69 37 75 38 89 37 89 15 37 37 89 37 75 75 77 52 75 37 75 21 -1 75 75 58 57 75 -1 75 -1 37 15 43 89 15 52 69 21 75 48 38 -1 57 15 52 75 48 
56 62 57 54 56 28 54 54 54 56 54 56 56 49 49 56 54 49 62 64 28 56 54 55 56 54 -1 57 -1 64 54 49 56 57 54 57 57 54 48 56 57 56 49 56 49 57 72 57 28 -1 54 72 54 55 -1 54 -1 -1 72 49 54 62 49 55 49 86 54 56 28 28 49 55 -1 57 57 70 72 49 49 48 56 54 54 28 49 57 28 72 48 54 57 56 78 28 48 
17 83 57 50 83 17 83 83 57 89 42 50 57 49 42 50 89 -1 89 50 17 50 83 50 57 89 57 -1 57 77 57 17 50 35 83 -1 35 50 50 89 57 17 35 17 31 57 42 57 31 31 -1 31 83 89 50 89 31 -1 31 57 50 42 83 89 89 75 43 57 17 89 49 74 57 57 57 74 35 17 50 83 36 89 77 35 17 50 57 57 35 -1 57 42 74 50 50 
20 83 57 83 83 20 83 79 54 48 87 48 56 49 69 56 54 20 79 93 -1 48 83 86 56 69 -1 57 -1 51 83 48 83 83 83 83 83 54 48 83 83 20 46 56 83 57 20 86 -1 26 93 48 83 93 26 54 26 26 83 49 83 93 83 68 49 86 83 83 20 -1 49 93 26 57 57 86 72 48 49 48 56 90 54 -1 20 83 -1 48 48 69 83 79 83 -1 48 
51 64 85 64 72 77 64 91 64 56 64 85 51 64 64 77 64 77 77 64 51 85 91 64 51 77 64 77 51 -1 58 51 85 76 64 57 80 77 64 82 85 51 64 77 85 85 72 57 51 64 85 -1 64 85 64 85 51 51 51 64 64 64 64 77 -1 75 51 51 77 77 64 85 51 64 75 51 51 -1 64 91 64 64 77 64 64 -1 64 72 64 64 85 64 64 64 85 
58 83 -1 83 83 68 83 83 34 58 34 58 56 34 73 56 34 58 68 55 68 68 34 55 56 54 54 57 83 58 -1 58 68 68 -1 83 58 54 54 58 58 58 68 54 2 34 68 68 54 83 54 58 83 55 -1 54 54 2 -1 2 2 73 83 68 34 86 83 83 -1 83 34 55 58 68 57 86 72 58 54 83 54 34 34 -1 68 44 -1 2 58 2 83 34 83 68 54 
58 62 44 62 56 17 62 79 49 56 87 56 51 49 49 56 54 -1 62 64 48 48 58 77 51 77 49 17 48 51 58 -1 56 76 58 27 58 58 48 56 58 58 49 17 -1 58 48 48 -1 -1 27 -1 48 55 48 54 -1 27 -1 44 44 62 49 77 49 75 43 51 17 48 49 85 51 49 58 51 51 -1 49 48 43 54 77 44 17 44 48 48 48 27 83 56 78 48 48 
36 67 68 23 -1 84 83 79 84 11 84 -1 56 84 84 21 45 84 63 23 68 -1 91 21 56 21 56 50 83 85 68 56 -1 36 83 36 21 50 21 11 45 36 84 56 83 36 72 23 38 83 21 72 38 55 56 23 4 90 11 84 50 84 67 23 84 84 83 11 21 84 67 85 4 68 36 84 72 25 67 21 36 90 21 4 -1 21 47 23 38 25 84 21 52 50 50 
36 62 57 47 76 36 83 79 45 88 42 36 36 45 42 36 42 35 62 47 46 36 91 47 36 88 57 35 83 76 68 76 36 -1 83 -1 -1 43 88 82 88 36 -1 35 83 36 42 -1 88 42 35 76 88 55 42 47 43 35 36 57 88 42 61 47 61 86 43 61 47 42 45 85 76 42 36 61 -1 82 45 42 36 42 76 35 42 76 47 42 -1 35 45 42 80 61 50 
58 83 30 8 83 68 8 8 -1 58 16 58 83 8 73 82 -1 58 83 64 68 68 -1 55 83 89 54 83 83 64 -1 58 83 83 -1 83 45 54 52 82 45 58 16 83 83 8 42 68 54 83 54 58 8 55 8 8 54 30 30 13 30 52 83 68 16 86 83 83 30 83 8 55 58 16 57 70 82 82 45 83 64 16 16 -1 13 45 30 16 52 16 83 22 52 8 54 
36 83 57 83 83 27 83 83 45 56 42 36 57 83 42 36 42 27 83 61 46 36 83 36 57 43 57 -1 83 57 83 27 36 -1 83 -1 -1 43 36 83 45 36 -1 -1 83 36 42 33 83 83 27 57 83 74 43 89 43 -1 83 57 43 42 83 89 61 75 43 57 36 42 83 74 46 57 57 61 33 27 43 83 36 90 76 -1 42 36 47 42 33 27 57 42 80 50 50 
-1 83 57 23 32 0 45 45 45 21 42 21 0 45 42 21 45 5 24 23 5 -1 91 21 12 21 57 35 83 80 58 58 21 -1 45 -1 -1 43 21 21 45 0 33 35 83 -1 42 33 38 78 21 12 38 55 45 23 12 35 0 45 43 42 83 23 80 75 12 12 21 25 45 74 58 45 0 74 33 17 45 21 -1 45 21 35 5 21 47 23 33 35 45 21 80 50 50 
58 66 57 50 56 43 54 54 54 58 54 50 57 54 69 25 54 43 57 66 54 50 54 50 57 -1 54 50 54 77 54 58 50 43 54 43 43 -1 25 58 58 58 43 -1 57 57 57 57 54 78 -1 57 60 55 -1 54 43 -1 -1 57 -1 66 66 77 54 75 -1 78 50 25 54 55 58 57 57 25 72 25 -1 25 43 54 25 58 66 50 54 54 38 25 57 25 78 50 50 
36 62 60 23 32 48 52 79 52 -1 87 9 56 52 69 21 54 48 79 23 48 -1 91 21 56 -1 48 50 48 64 54 48 21 88 52 36 21 25 -1 9 88 36 61 37 48 36 48 23 -1 48 21 48 -1 55 48 23 9 37 9 52 52 52 39 23 52 75 37 11 21 25 52 85 58 61 75 25 85 25 37 48 36 54 21 52 32 21 52 48 -1 25 83 21 52 48 48 
58 62 89 62 56 58 62 62 62 -1 82 9 56 62 62 82 82 82 62 62 48 11 82 89 62 89 56 89 83 82 58 56 11 82 82 83 21 58 9 -1 58 58 62 56 83 82 62 62 38 62 89 82 38 89 56 89 9 89 9 89 89 62 -1 89 62 75 62 62 89 89 62 89 58 62 58 62 82 82 62 62 56 82 -1 62 62 82 52 89 38 -1 67 82 52 62 48 
58 83 57 45 72 58 45 45 45 58 45 58 57 45 58 45 45 58 83 64 58 45 45 45 57 58 57 57 83 85 58 58 45 88 45 45 45 58 88 58 -1 58 88 58 58 -1 72 57 58 58 58 58 88 55 45 45 58 45 -1 45 58 88 83 68 45 86 58 78 58 58 45 85 58 45 57 58 72 58 45 83 45 45 45 58 90 45 58 72 -1 45 45 45 78 45 58 
-1 62 57 36 56 0 62 79 45 58 42 36 0 84 79 36 45 5 24 36 5 36 58 36 -1 58 56 17 20 51 58 58 36 36 58 36 0 58 36 58 58 -1 36 17 58 36 20 36 20 58 36 12 83 74 56 74 12 12 0 57 58 62 24 24 80 75 12 12 5 28 62 74 58 57 0 74 36 17 45 24 36 45 36 58 5 36 58 72 36 63 45 36 74 20 48 
36 62 57 47 72 46 62 79 61 56 -1 67 57 49 -1 91 10 35 62 61 46 91 91 47 57 69 49 35 46 64 68 49 84 -1 16 -1 33 43 61 62 88 36 -1 35 83 16 -1 -1 46 14 35 76 61 55 16 47 43 35 72 49 61 -1 61 47 61 75 61 61 47 14 49 85 46 14 57 61 -1 82 49 14 36 16 76 35 14 76 47 10 33 16 57 -1 61 61 48 
17 66 57 83 56 17 83 79 54 56 42 56 56 49 42 56 54 -1 56 66 17 36 83 36 56 37 56 17 56 77 54 17 56 35 83 -1 35 -1 37 56 58 17 35 -1 31 36 42 35 31 31 37 31 60 55 37 54 -1 35 37 57 37 66 66 77 80 75 -1 56 17 37 49 92 56 57 57 37 35 17 37 56 -1 90 56 35 17 50 47 92 35 27 66 42 80 50 50 
58 83 -1 83 83 31 83 83 83 56 87 85 51 49 49 56 83 31 83 64 48 85 83 85 51 77 49 31 83 85 2 -1 83 83 83 83 83 57 48 83 58 58 83 31 -1 85 48 57 31 31 85 31 83 85 30 85 31 2 31 2 2 83 83 77 49 75 83 83 30 83 49 85 51 57 57 51 85 31 49 83 43 90 77 -1 90 -1 30 2 83 2 83 83 83 83 48 
36 62 57 8 90 36 8 8 -1 58 16 36 57 8 73 36 -1 57 57 64 36 36 34 36 57 57 57 57 57 85 34 58 36 36 8 36 -1 57 36 82 -1 36 16 36 85 -1 57 57 54 78 85 57 8 55 8 8 54 -1 40 13 52 52 8 89 16 75 90 78 36 57 8 85 57 16 57 70 85 82 -1 90 36 16 16 90 90 -1 52 16 40 16 -1 36 78 8 85 
20 62 57 47 72 20 93 79 54 72 42 47 57 49 42 91 42 20 62 47 -1 47 91 47 57 48 72 42 20 72 68 48 72 42 42 42 42 57 48 62 72 20 -1 42 48 57 -1 -1 20 42 93 72 61 55 48 47 72 47 72 57 57 42 61 47 61 86 61 61 20 28 49 93 -1 42 57 61 42 20 49 42 42 42 76 28 20 76 47 72 42 42 57 42 87 20 48 
36 62 57 23 72 68 23 23 55 23 42 23 57 49 42 23 42 57 63 23 46 23 91 -1 57 57 57 57 86 57 68 48 23 -1 68 33 33 57 23 62 57 36 -1 35 57 57 -1 -1 46 42 23 57 86 55 55 23 57 -1 57 57 57 42 61 23 23 86 57 57 -1 42 86 55 46 57 57 86 33 63 57 42 36 90 76 35 42 23 -1 23 33 55 57 23 86 46 48 
20 62 87 87 56 20 54 79 54 38 87 38 51 49 79 79 54 31 79 87 -1 38 91 87 79 38 28 31 -1 51 54 -1 38 88 54 83 38 54 -1 38 58 20 46 31 31 54 20 46 -1 31 94 31 38 55 -1 54 31 28 31 87 52 52 49 68 49 86 54 38 20 28 49 55 87 54 20 38 51 31 49 -1 92 54 54 28 20 38 28 -1 38 38 83 79 87 20 -1 
58 62 44 62 83 31 62 62 13 56 42 67 51 -1 -1 56 64 31 62 64 28 91 83 64 62 69 -1 31 26 64 83 -1 83 42 83 83 78 78 48 62 58 58 14 31 31 78 42 42 31 -1 78 31 64 55 26 13 26 26 31 13 64 62 -1 62 -1 75 83 62 73 14 -1 92 26 14 57 70 42 31 -1 14 64 64 62 -1 13 44 28 48 64 62 83 64 78 28 48 
36 93 57 23 32 27 93 93 54 21 42 21 57 54 42 21 54 27 63 23 93 -1 91 21 57 37 54 -1 93 85 54 27 21 35 54 27 21 -1 21 89 58 36 35 37 85 85 93 23 94 78 -1 85 85 85 37 23 21 27 37 57 37 93 93 23 85 93 37 21 21 37 93 85 58 57 57 93 85 27 37 21 36 54 21 35 32 -1 85 23 38 27 57 21 78 -1 -1 
12 62 44 87 72 12 93 79 75 56 76 67 -1 49 49 56 64 31 24 64 48 85 91 87 12 75 72 31 48 -1 58 -1 72 76 58 57 12 57 48 82 58 12 76 31 31 57 72 57 31 31 85 -1 64 75 48 54 12 12 31 44 44 75 49 77 29 75 12 12 12 75 75 75 -1 57 75 -1 -1 29 49 48 64 64 76 44 75 29 75 72 76 75 57 64 87 75 48 
83 62 60 8 83 84 8 8 -1 38 61 38 66 8 61 38 64 48 62 61 48 38 34 38 62 38 54 83 83 64 83 48 38 88 8 83 38 60 -1 38 88 83 61 60 83 8 61 86 38 64 85 64 -1 55 8 8 38 45 83 13 -1 -1 61 38 -1 86 61 61 38 38 8 85 83 61 75 61 85 38 92 83 64 64 64 -1 61 -1 -1 92 -1 38 83 64 -1 61 48 
74 62 89 55 56 74 55 55 55 56 55 55 56 55 55 55 55 89 63 55 93 55 55 55 56 89 55 89 93 85 55 55 55 55 55 74 55 55 55 89 55 74 55 55 85 55 55 55 55 55 85 75 55 -1 55 -1 55 74 55 55 55 93 55 55 55 75 55 92 55 89 55 -1 55 55 71 74 85 63 92 55 92 55 55 55 55 71 55 55 55 55 55 55 71 71 55 
56 62 30 8 56 48 8 8 -1 56 16 56 56 8 49 56 -1 43 79 55 48 48 34 55 56 37 -1 50 26 64 -1 48 56 42 8 43 45 -1 48 56 45 56 16 37 30 8 48 55 -1 26 37 48 8 55 -1 -1 -1 26 30 13 37 52 8 55 16 86 37 56 30 28 8 55 26 16 57 37 72 37 37 48 43 16 16 30 13 45 30 48 48 16 45 55 52 8 48 
74 62 89 23 56 54 8 8 -1 56 54 23 56 8 47 23 54 89 63 23 54 23 34 -1 56 89 54 89 54 85 54 54 23 47 8 89 23 54 23 89 45 74 47 54 85 8 47 23 54 13 23 54 8 -1 -1 -1 54 45 54 13 52 23 8 23 23 75 54 23 23 89 8 -1 54 54 71 70 85 63 45 54 92 54 54 8 13 71 47 23 52 -1 45 23 71 71 54 
12 62 44 23 -1 12 54 79 54 -1 54 9 -1 49 49 -1 54 31 24 23 28 15 91 21 12 15 -1 31 26 51 54 -1 4 43 54 43 12 43 9 9 58 12 43 -1 31 54 72 57 31 26 21 12 38 55 -1 54 -1 12 9 44 43 66 39 77 49 75 12 12 21 25 49 55 4 54 12 25 51 31 43 15 43 54 15 4 32 21 28 48 38 25 57 15 80 28 48 
12 62 -1 47 56 12 45 45 45 56 42 67 -1 45 73 37 45 27 24 47 28 36 34 47 12 37 -1 -1 26 51 2 27 90 35 30 -1 35 -1 37 89 45 12 35 35 2 -1 47 -1 28 26 27 12 45 74 26 45 12 -1 37 2 2 73 49 47 45 75 12 12 47 28 45 74 26 -1 -1 74 35 27 37 73 36 90 45 35 90 45 47 2 35 2 -1 42 74 28 50 
-1 83 30 83 72 0 83 83 34 -1 87 9 0 49 49 37 34 31 83 64 5 11 34 87 12 37 72 31 83 51 -1 -1 11 36 30 83 0 -1 9 9 -1 0 72 37 31 40 72 57 31 31 37 31 83 55 30 54 9 37 -1 30 37 66 83 68 49 86 37 11 30 37 49 74 -1 57 0 37 72 31 37 83 36 90 39 -1 5 44 30 72 40 30 83 83 78 50 48 
57 62 -1 13 83 84 13 13 13 58 87 84 57 -1 49 89 89 44 62 64 68 68 34 87 57 89 49 57 49 64 2 44 84 57 13 57 45 57 52 89 45 57 49 57 2 13 57 57 87 13 57 44 13 55 13 13 44 2 30 -1 2 84 49 89 49 86 57 57 30 49 13 55 87 57 57 70 85 44 49 49 64 89 89 30 13 44 30 2 52 2 57 64 87 13 87 
58 62 -1 52 83 43 52 52 52 52 87 50 57 52 61 37 54 43 62 61 52 50 34 87 57 37 54 50 83 64 2 44 50 88 30 43 43 -1 52 89 58 58 61 37 2 52 57 57 52 64 37 44 -1 55 37 52 43 2 37 2 -1 52 61 89 52 86 37 61 30 37 52 85 58 57 57 37 85 37 37 83 43 54 37 52 61 52 52 2 52 2 57 64 52 50 50 
66 62 60 23 83 84 62 62 52 52 42 67 66 84 42 75 64 66 62 -1 93 23 91 19 62 75 62 42 93 64 73 62 84 42 52 42 42 66 52 62 88 62 -1 66 83 52 42 42 52 62 93 75 -1 93 52 23 66 73 66 84 52 -1 -1 23 -1 75 -1 -1 73 42 62 93 46 -1 75 -1 42 64 67 42 64 64 62 52 -1 52 52 23 52 62 66 42 52 -1 93 
67 -1 83 6 83 84 -1 6 6 39 61 67 67 49 49 79 64 49 -1 61 83 67 83 6 18 75 49 83 83 64 83 49 67 61 83 83 83 66 39 -1 83 24 61 66 83 8 61 61 49 -1 93 49 61 55 8 8 39 49 83 49 61 -1 -1 18 49 75 61 -1 63 49 -1 93 49 61 75 61 61 49 49 18 64 90 39 -1 61 61 61 23 61 39 67 61 61 6 49 
68 62 89 23 32 68 23 79 55 89 87 23 24 55 73 23 89 77 -1 23 68 23 91 -1 18 77 55 89 68 77 68 77 23 47 68 89 23 77 23 89 68 24 47 77 77 89 47 23 68 62 23 77 38 55 55 23 77 47 68 89 89 23 18 -1 23 77 24 62 -1 77 62 55 87 68 57 77 82 -1 62 18 36 89 77 62 68 23 47 23 38 -1 57 23 87 68 50 
80 62 60 23 83 84 52 91 52 52 16 67 51 49 49 91 -1 49 62 -1 93 91 91 19 51 52 49 89 49 -1 34 49 84 61 16 61 80 54 52 62 45 80 61 80 49 16 61 23 49 -1 85 29 -1 55 16 23 49 45 49 49 52 -1 49 23 -1 75 61 61 73 49 49 85 49 16 75 61 51 29 49 91 -1 16 16 49 61 29 52 16 52 16 45 -1 52 61 49 
75 75 86 86 75 75 93 93 75 75 75 75 75 75 75 75 75 75 75 75 86 75 86 86 75 75 86 75 86 75 86 75 84 86 86 75 75 75 75 75 86 75 75 75 75 75 86 86 86 75 93 75 86 75 86 75 75 75 86 86 86 75 75 77 75 -1 75 75 86 75 75 75 75 75 75 -1 75 75 75 75 75 75 75 86 75 86 -1 75 86 75 75 75 86 75 86 
12 62 57 83 83 12 83 83 54 56 61 67 -1 83 61 37 54 43 24 61 83 50 83 61 12 37 54 43 83 51 83 43 83 43 83 43 12 -1 37 62 58 12 61 -1 83 90 61 57 54 83 37 12 61 55 37 54 12 12 37 57 37 -1 61 24 61 75 -1 12 73 37 62 93 51 61 12 61 51 37 37 83 43 90 37 -1 61 50 61 54 61 37 -1 61 61 61 50 
12 62 57 62 32 12 62 62 61 11 61 -1 -1 62 61 21 64 12 62 61 93 11 83 21 12 75 56 57 83 51 83 51 11 61 83 57 12 78 11 62 78 12 61 56 83 78 61 57 38 62 21 12 61 92 56 23 12 12 11 57 61 -1 -1 62 61 75 12 -1 21 61 62 92 51 61 12 61 51 51 -1 62 64 90 62 62 61 21 61 92 61 62 -1 21 78 61 50 
5 63 30 23 32 -1 83 79 34 21 47 21 5 84 73 21 73 5 63 23 -1 -1 34 21 63 21 28 17 20 77 -1 17 21 47 30 36 21 50 21 89 58 5 47 17 30 36 20 -1 20 73 21 12 38 55 30 23 21 47 30 30 30 73 63 -1 73 86 73 21 -1 28 34 85 46 -1 5 73 47 63 45 21 36 73 21 30 5 21 30 23 38 63 57 21 52 20 48 
28 62 89 83 83 28 83 79 49 38 42 25 56 49 -1 25 73 77 79 61 28 25 83 25 79 -1 28 89 -1 77 83 48 84 42 83 42 25 25 25 89 58 28 14 37 83 57 28 42 28 14 37 75 38 89 28 89 25 28 37 49 37 42 49 77 49 75 37 61 28 -1 49 93 28 14 75 25 42 25 37 14 43 73 25 28 14 25 28 48 38 25 83 25 52 28 48 
75 62 34 8 83 49 8 8 -1 62 34 67 67 8 49 75 34 49 62 62 93 45 34 55 62 75 49 49 49 64 34 49 67 45 8 83 45 54 52 62 45 62 49 49 49 8 49 86 49 -1 93 75 8 55 8 8 49 45 49 13 52 62 -1 62 49 75 62 62 34 49 -1 55 49 49 75 -1 75 49 49 49 64 34 62 49 13 45 75 49 52 55 45 64 52 75 49 
74 93 74 55 56 74 93 93 55 56 92 85 74 55 74 85 55 74 63 55 93 85 55 55 74 75 55 74 93 85 55 85 85 85 55 74 74 55 85 89 85 74 85 92 85 85 93 55 55 92 85 75 85 -1 55 -1 55 74 74 55 85 93 93 55 85 75 93 92 85 93 55 -1 85 74 -1 74 85 85 92 55 92 55 85 85 93 -1 75 92 85 55 74 55 -1 -1 85 
58 62 87 87 -1 46 83 83 54 58 87 32 51 49 46 56 54 51 51 87 46 32 58 87 51 58 -1 57 26 51 58 51 4 76 58 46 58 58 58 58 58 58 46 56 51 57 -1 46 87 26 58 -1 83 55 26 54 4 26 -1 87 58 46 49 87 49 75 51 51 46 28 49 85 -1 57 57 51 -1 51 49 83 92 54 76 4 32 76 28 -1 58 87 57 46 87 28 87 
57 62 57 57 56 68 62 79 34 56 16 67 57 49 -1 68 -1 57 62 61 68 68 34 57 57 57 57 57 57 64 68 49 68 42 16 57 45 57 61 62 45 57 14 57 57 16 42 57 54 14 57 57 61 55 16 54 54 -1 57 57 57 -1 61 68 16 75 61 61 -1 14 49 74 57 -1 57 61 42 68 45 14 64 16 16 34 14 45 57 16 61 16 57 42 61 61 54 
-1 75 57 57 56 0 93 93 57 58 57 36 0 57 73 75 57 5 24 75 5 36 57 57 12 75 57 57 57 75 57 58 36 36 57 57 0 57 75 58 57 0 57 57 57 57 57 57 20 57 57 75 75 71 57 71 12 -1 0 57 57 75 75 57 75 75 12 12 5 75 75 -1 57 57 -1 -1 75 75 57 73 36 90 57 57 5 71 75 57 36 57 57 36 71 71 57 
74 62 74 93 72 74 93 93 70 38 61 67 51 70 61 25 64 51 62 61 93 25 70 61 51 -1 70 74 86 51 86 51 84 61 70 61 74 25 25 62 58 74 61 37 51 70 61 86 38 70 93 -1 61 74 37 70 25 74 37 70 37 -1 61 77 61 -1 61 61 73 25 -1 74 51 61 -1 -1 51 25 37 25 64 64 25 61 61 51 -1 72 38 25 66 25 61 -1 93 
36 62 85 47 72 36 62 79 85 72 42 85 51 49 42 82 82 51 51 61 46 85 91 47 51 75 72 35 72 51 72 51 72 -1 82 33 33 72 85 82 72 36 -1 35 85 85 42 33 51 42 85 -1 85 85 72 85 51 35 72 85 85 42 61 82 51 75 51 51 47 42 75 85 -1 42 75 51 -1 82 85 42 36 82 -1 35 42 -1 47 72 33 82 85 42 85 61 85 
17 62 44 63 56 17 62 79 49 38 82 25 51 49 49 25 82 -1 63 63 17 25 82 63 63 -1 49 17 48 -1 58 -1 25 82 82 27 17 25 25 82 58 17 82 17 31 82 20 63 31 31 27 29 38 63 37 63 31 27 31 44 37 64 49 -1 29 75 37 51 63 25 49 85 51 68 75 25 82 -1 37 25 43 82 -1 44 17 29 75 48 38 25 57 25 52 75 48 
45 62 57 45 83 43 45 45 45 58 45 67 67 49 49 37 45 43 62 64 49 45 45 92 67 37 49 50 49 64 54 49 67 45 45 43 45 -1 37 62 45 45 49 37 49 -1 49 57 49 -1 37 49 92 92 37 45 43 37 37 49 37 67 49 62 49 75 37 -1 45 37 49 92 49 45 57 37 85 37 -1 49 92 45 45 49 49 45 92 92 45 37 45 64 -1 50 50 
83 62 83 7 83 48 7 -1 7 48 42 21 24 49 -1 -1 54 48 -1 91 48 15 91 91 18 15 48 83 48 91 83 48 21 42 83 83 21 25 48 62 83 24 14 56 83 90 42 42 -1 14 21 48 83 55 48 54 15 73 83 49 83 42 18 18 91 75 83 62 21 14 49 55 83 14 73 25 42 25 49 -1 91 90 15 -1 14 21 48 48 48 25 83 -1 83 7 48 
36 64 92 36 56 36 45 91 45 56 64 36 36 64 64 36 64 43 64 64 36 36 91 36 36 43 56 36 56 64 54 43 36 36 64 36 -1 43 36 56 45 36 36 -1 43 36 42 36 92 64 36 64 64 92 43 92 43 36 36 64 43 64 64 36 -1 75 43 64 36 43 64 92 92 64 36 64 36 43 92 91 -1 64 64 36 64 36 64 92 36 64 45 64 -1 64 50 
45 90 89 90 90 90 90 90 34 56 16 90 90 90 73 82 -1 82 89 64 54 45 34 55 90 89 54 89 90 64 34 54 90 42 16 90 45 54 54 82 45 45 16 90 90 16 42 90 54 64 54 64 64 55 16 54 54 90 90 89 54 64 90 89 16 75 90 90 73 73 34 55 54 16 90 64 82 82 45 90 64 -1 16 90 90 45 34 16 45 16 -1 64 64 64 54 
36 62 89 23 56 77 62 79 34 39 16 21 56 34 73 -1 -1 77 62 64 54 15 34 21 56 15 54 77 54 77 34 77 21 76 16 76 21 25 21 -1 45 36 76 56 77 16 76 76 54 62 21 76 64 55 16 54 15 45 39 89 37 62 39 77 16 75 37 62 21 25 62 85 76 16 57 25 -1 -1 45 15 64 16 -1 34 32 76 34 16 76 16 45 15 64 50 50 
58 62 30 6 -1 28 -1 6 6 58 34 32 66 49 49 79 34 35 62 61 28 32 34 6 62 52 28 35 -1 64 -1 44 4 35 -1 -1 35 58 52 62 58 58 35 35 -1 90 28 35 28 -1 35 44 -1 55 30 8 4 35 -1 30 52 52 -1 62 49 86 -1 62 30 28 49 85 4 34 57 61 35 44 49 -1 36 90 34 -1 90 44 28 30 52 30 -1 79 52 6 48 
5 62 59 13 32 -1 13 79 13 32 42 32 5 -1 -1 32 64 5 62 61 5 32 34 32 12 69 49 17 20 64 68 17 -1 42 13 42 5 66 32 62 90 5 14 17 90 90 20 42 20 13 32 75 61 55 13 13 32 90 5 13 61 -1 61 68 61 75 61 61 5 14 13 93 32 14 5 61 42 17 49 14 64 90 32 90 -1 32 61 32 61 27 -1 32 61 61 48 
36 62 44 23 32 68 45 45 45 21 45 21 51 45 76 21 45 44 62 23 68 -1 91 21 51 21 57 50 83 -1 44 44 21 76 45 36 21 50 21 82 45 36 76 50 -1 -1 76 23 38 44 -1 29 -1 71 45 71 21 45 44 44 52 52 61 23 29 86 50 21 21 25 45 -1 76 45 71 51 -1 29 45 21 36 45 76 44 32 -1 52 23 52 44 45 21 52 50 50 
58 62 30 47 83 28 52 52 52 52 47 47 57 52 47 75 34 28 62 47 28 47 34 47 57 75 28 57 -1 64 -1 48 47 47 30 47 47 54 52 52 58 58 47 47 30 52 47 -1 28 28 85 75 -1 55 30 47 28 47 30 30 52 52 61 47 52 -1 61 61 30 28 75 75 28 57 75 -1 47 75 92 48 64 34 34 28 61 52 -1 30 52 30 57 47 52 28 48 
72 62 -1 23 72 48 23 79 54 48 -1 23 57 59 42 23 10 48 63 23 48 23 91 -1 57 48 72 57 48 72 2 48 23 42 16 42 23 54 48 89 72 72 10 92 2 16 72 23 -1 48 23 72 92 55 48 23 48 2 72 2 2 23 23 23 16 75 54 92 23 48 49 92 -1 16 57 72 72 48 92 48 92 16 16 30 32 23 30 -1 48 2 57 23 -1 48 48 
36 62 60 38 83 36 52 52 52 38 42 38 36 52 42 38 45 35 62 61 48 38 52 38 36 38 48 35 48 64 58 48 38 -1 52 33 33 38 -1 38 -1 36 33 35 83 40 42 33 38 64 38 76 -1 55 48 52 38 35 40 52 52 52 61 38 52 86 61 61 38 38 52 85 58 61 36 38 33 38 45 48 36 45 76 52 61 52 52 48 -1 38 45 38 52 61 48 
27 62 -1 55 56 27 55 55 55 39 16 39 57 55 69 25 -1 27 63 55 68 25 34 55 63 -1 54 -1 69 64 2 27 25 35 16 27 35 25 25 -1 45 63 16 27 2 16 42 55 38 62 27 75 38 55 16 -1 25 2 30 2 2 62 39 -1 16 75 37 62 63 25 55 55 87 16 57 25 82 25 37 25 64 16 16 30 27 44 30 2 38 -1 45 25 71 50 50 
45 67 57 83 83 84 83 83 45 67 45 67 57 84 84 83 45 57 67 66 83 45 83 57 57 57 57 57 83 85 83 83 84 45 83 57 45 57 83 67 45 45 57 66 83 -1 57 57 83 83 57 57 83 55 45 45 57 -1 83 57 57 66 67 57 45 75 -1 -1 57 83 45 74 57 57 57 66 85 57 45 83 45 -1 45 -1 -1 45 57 57 45 45 -1 83 78 66 57 
36 62 87 23 32 68 23 79 34 21 42 21 56 64 42 -1 64 42 79 23 46 -1 -1 -1 79 15 56 42 79 64 34 56 21 42 22 42 21 25 21 82 45 36 -1 42 83 36 42 23 79 64 21 64 64 55 55 23 15 42 83 64 64 42 61 23 -1 75 61 21 21 25 64 55 46 42 36 25 42 25 64 -1 64 64 15 79 32 21 47 23 38 25 83 -1 64 50 50 
74 62 87 87 83 74 52 52 52 52 87 78 78 52 78 52 64 80 62 61 87 52 52 87 78 52 78 74 83 64 83 78 52 80 52 80 80 78 52 52 78 74 61 80 83 78 87 86 87 78 78 87 -1 71 52 71 80 74 78 87 52 52 61 87 52 86 61 78 52 52 52 -1 87 61 71 61 85 52 -1 83 -1 64 64 52 61 52 52 -1 52 71 78 64 -1 71 87 
20 62 57 6 83 20 -1 6 6 48 61 50 66 8 61 50 64 20 62 61 -1 50 34 6 62 75 28 50 -1 64 68 48 50 61 8 50 50 50 48 62 45 20 61 50 83 8 20 46 20 28 -1 75 61 71 8 71 28 28 50 13 50 -1 6 68 61 75 61 61 20 28 75 -1 28 61 71 -1 61 75 50 7 64 64 50 6 61 50 28 48 61 50 66 50 71 -1 50 
48 62 87 50 50 48 93 79 54 48 87 50 51 49 79 50 54 48 79 50 48 50 91 50 79 48 48 50 48 85 54 48 50 50 54 50 50 50 48 48 58 48 48 50 48 85 48 48 -1 48 -1 48 48 55 48 54 48 50 48 87 50 93 49 50 49 86 50 50 48 48 49 85 87 54 57 93 85 48 50 48 50 54 50 48 48 50 48 48 48 50 57 50 87 50 -1 
