15
0 1
-1 10 12 9 5 -1 9 12 10 -1 9 5 -1 5 12 
10 -1 -1 10 11 11 2 10 2 10 -1 -1 2 2 -1 
12 -1 -1 10 6 13 -1 6 -1 6 -1 1 -1 -1 -1 
9 10 10 -1 11 11 9 10 10 -1 -1 -1 10 -1 13 
5 11 6 11 -1 -1 -1 -1 7 6 7 -1 -1 -1 7 
-1 11 13 11 -1 -1 4 4 13 0 11 -1 0 -1 13 
9 2 -1 9 -1 4 -1 -1 2 -1 2 4 -1 2 2 
12 10 6 10 -1 4 -1 -1 -1 6 -1 4 -1 4 -1 
10 2 -1 10 7 13 2 -1 -1 10 -1 10 2 -1 2 
-1 10 6 -1 6 0 -1 6 10 -1 -1 3 0 -1 13 
9 -1 -1 -1 7 11 2 -1 -1 -1 -1 -1 -1 2 1 
5 -1 1 -1 -1 -1 4 4 10 3 -1 -1 4 -1 1 
-1 2 -1 10 -1 0 -1 -1 2 0 -1 4 -1 2 -1 
5 2 -1 -1 -1 -1 2 4 -1 -1 2 -1 2 -1 -1 
12 -1 -1 13 7 13 2 -1 2 13 1 1 -1 -1 -1 
