114
8 13
-1 66 17 -1 -1 56 56 -1 91 19 106 99 69 23 56 77 56 4 77 3 69 62 56 19 26 56 4 4 66 56 91 99 73 69 26 106 7 56 88 56 4 113 56 40 69 26 77 56 94 69 56 97 7 34 36 36 -1 69 69 91 17 69 56 69 27 88 -1 52 4 -1 27 36 36 4 68 23 17 69 77 68 17 94 66 19 56 27 7 102 4 86 7 3 69 3 3 17 100 69 90 66 7 69 3 7 97 86 7 19 62 66 66 7 91 66 
66 -1 85 66 27 42 12 66 71 39 106 85 -1 66 64 77 64 27 70 66 12 64 12 66 39 39 27 -1 66 71 76 108 73 69 27 106 71 64 71 12 27 85 12 99 69 111 71 12 94 101 70 12 70 71 71 66 39 110 108 94 27 110 64 12 27 94 -1 70 110 12 27 -1 71 71 63 85 27 39 101 94 39 89 66 110 47 27 89 85 20 71 76 71 20 101 12 20 100 66 90 66 63 12 64 64 110 12 66 71 71 66 -1 27 76 66 
17 85 -1 93 17 61 106 106 91 57 106 85 69 85 80 -1 80 -1 77 80 92 85 85 61 49 49 17 85 93 76 85 85 85 -1 26 92 80 73 92 77 -1 85 57 40 69 77 77 57 76 33 85 92 26 76 68 93 17 33 49 111 17 33 85 69 85 80 106 49 17 33 85 73 93 17 85 85 17 15 60 95 17 80 88 85 57 -1 89 85 17 76 76 80 33 15 69 17 100 69 93 43 69 49 85 80 111 92 40 57 58 85 61 33 85 85 
-1 66 93 -1 0 23 94 0 91 19 106 102 94 23 80 93 80 4 94 -1 94 91 94 19 83 91 4 4 66 83 91 102 91 69 93 91 7 93 19 19 4 85 56 40 91 26 91 93 94 101 91 97 7 83 91 93 0 93 91 91 91 23 56 94 102 93 0 102 91 0 94 91 93 102 91 23 19 69 91 94 19 94 66 19 93 80 7 102 4 94 7 -1 102 -1 -1 94 100 19 93 66 7 93 -1 7 83 91 7 19 62 66 83 7 91 66 
-1 27 17 0 -1 73 68 0 68 26 106 74 27 85 73 17 73 -1 45 3 73 60 73 100 26 26 -1 -1 66 76 60 74 73 17 26 106 7 73 88 26 -1 74 73 40 69 26 68 70 76 26 70 88 26 34 68 52 0 26 49 91 17 110 56 64 27 88 0 68 -1 0 27 73 34 -1 68 85 17 45 60 68 17 80 88 26 70 27 7 73 -1 73 7 68 64 3 3 17 100 34 90 26 73 73 73 7 111 34 40 26 73 66 68 27 60 66 
56 42 61 23 73 -1 42 100 54 23 106 23 42 23 42 77 42 76 -1 23 47 29 42 -1 42 42 45 70 54 -1 29 23 73 61 97 29 54 42 42 56 97 42 -1 97 70 18 29 42 29 42 42 97 70 29 42 42 42 47 104 29 30 23 29 100 42 73 23 97 97 97 18 42 42 42 23 23 29 18 77 94 23 23 54 29 47 23 72 73 42 42 76 46 100 83 48 47 100 -1 48 23 23 42 23 42 97 42 42 18 31 66 61 45 30 42 
56 12 106 94 68 42 -1 106 54 38 106 42 -1 42 22 77 22 68 42 97 12 105 -1 42 106 42 105 12 54 42 38 108 38 57 105 106 54 42 22 12 106 22 -1 106 69 77 71 -1 94 101 42 -1 70 105 -1 42 42 47 84 105 78 57 56 12 22 94 106 38 54 12 47 -1 54 42 41 42 89 47 77 68 22 22 54 106 47 41 105 105 20 71 106 54 105 57 12 20 105 51 93 22 22 12 72 22 97 -1 -1 54 71 71 54 105 84 41 
-1 66 106 0 0 100 106 -1 54 52 106 100 69 100 100 77 100 4 70 3 100 106 100 100 106 106 52 111 54 90 90 100 55 111 52 106 -1 55 67 56 106 113 56 106 69 100 67 70 98 106 70 106 -1 111 36 36 0 111 111 111 17 100 56 100 100 80 0 52 4 0 52 36 36 100 70 100 90 69 77 111 36 80 54 106 106 80 -1 100 4 86 -1 3 100 3 3 111 100 67 90 66 -1 71 3 -1 111 86 -1 54 71 66 54 -1 111 100 
91 71 91 91 68 54 54 54 -1 91 106 74 54 91 91 91 91 91 107 91 54 91 54 91 68 91 91 68 54 91 91 108 91 91 72 91 54 72 91 91 68 54 54 68 91 91 91 54 91 101 91 54 54 72 -1 54 54 91 91 91 91 110 91 71 71 91 54 68 54 91 91 54 54 71 68 91 91 91 91 68 91 91 54 110 54 91 72 91 82 71 54 -1 91 72 91 79 105 54 93 66 54 71 72 54 110 54 54 54 71 71 54 91 91 66 
19 39 57 19 26 23 38 52 91 -1 106 23 39 23 38 77 38 76 107 -1 39 76 38 19 26 26 -1 76 66 76 76 23 38 57 26 92 80 88 -1 -1 26 38 38 40 91 26 38 57 76 26 91 38 26 34 107 38 39 -1 49 91 76 57 56 39 38 38 19 38 91 39 52 46 34 26 76 23 -1 39 76 91 19 23 66 19 57 76 89 38 38 76 76 -1 38 57 19 76 100 19 90 26 23 39 19 38 83 34 26 -1 62 66 61 45 76 66 
106 106 106 106 106 106 106 106 106 106 -1 106 106 106 106 106 106 106 106 106 106 106 106 106 106 106 106 106 106 106 106 106 106 106 106 106 106 106 106 106 106 106 106 106 106 106 106 106 113 106 106 106 106 106 106 106 106 106 106 106 106 106 106 106 106 106 106 106 106 106 106 106 106 106 109 106 106 106 106 106 106 106 106 106 106 106 106 106 106 106 106 106 106 106 106 111 106 106 106 106 106 106 106 106 106 106 -1 106 106 106 106 106 106 106 
99 85 85 102 74 23 42 100 74 23 106 -1 74 23 99 85 99 85 23 23 102 74 74 -1 99 81 99 85 99 23 74 -1 74 61 102 74 85 74 99 85 85 74 23 99 74 100 102 74 29 99 74 97 74 29 74 74 42 61 108 74 74 23 74 74 74 74 99 102 74 100 74 74 102 102 -1 23 74 23 74 74 85 23 99 23 74 -1 102 85 74 81 76 74 74 74 74 79 100 23 93 -1 23 74 -1 99 83 74 99 23 31 74 61 85 74 74 
69 -1 69 94 27 42 -1 69 54 39 106 74 -1 94 22 77 22 80 77 39 -1 94 6 94 39 39 39 1 54 94 74 74 73 69 97 92 54 42 22 -1 69 22 6 69 69 77 71 6 94 101 94 6 94 94 6 101 39 39 101 94 101 69 56 -1 63 94 1 39 54 -1 94 1 54 20 63 83 27 39 101 94 39 94 54 39 47 27 105 92 20 71 69 39 20 101 -1 20 100 69 94 39 63 -1 64 22 97 6 6 39 71 66 1 27 94 66 
23 66 85 23 85 23 42 100 91 23 106 23 94 -1 100 85 100 80 23 23 100 29 81 -1 83 81 23 85 66 23 85 23 85 61 97 100 80 42 23 23 85 85 23 99 100 100 29 42 29 61 81 97 100 29 110 93 42 61 104 81 85 23 29 100 74 74 23 83 74 100 23 89 93 100 23 -1 23 23 85 94 23 23 66 75 47 75 89 85 38 81 100 23 100 83 81 89 100 23 93 23 23 93 23 100 83 100 66 23 31 66 61 61 85 100 
56 64 80 80 73 42 22 100 91 38 106 99 22 100 -1 77 -1 80 42 80 73 64 -1 100 99 42 38 64 99 42 38 99 38 92 38 92 80 42 -1 80 73 22 -1 99 91 100 38 42 113 99 42 38 67 42 22 38 42 38 84 42 80 100 64 64 -1 80 99 38 67 100 47 73 42 -1 64 85 38 46 38 68 -1 22 88 80 47 80 100 38 38 42 100 80 38 80 56 73 100 42 93 -1 -1 73 64 -1 83 22 22 38 64 73 64 64 38 100 
77 77 -1 93 17 77 77 77 91 77 106 85 77 85 77 -1 77 2 77 93 77 77 77 61 77 77 77 85 93 77 78 85 93 2 93 84 93 93 77 77 2 85 77 40 77 77 77 77 98 33 77 77 93 77 93 93 77 93 78 91 17 33 77 77 85 93 77 77 17 77 77 77 93 17 93 85 17 -1 77 94 17 80 93 93 77 2 93 85 93 76 98 77 33 -1 93 17 100 77 93 43 77 93 93 77 93 77 40 77 77 77 93 33 78 85 
56 64 80 80 73 42 22 100 91 38 106 99 22 100 -1 77 -1 80 42 80 73 64 14 100 99 42 38 64 99 42 38 99 38 92 38 92 80 42 14 80 73 22 14 99 91 100 38 42 113 99 42 38 67 42 22 38 42 38 84 42 80 100 64 64 14 80 99 38 67 100 47 73 42 14 64 85 38 46 38 68 14 22 88 80 47 80 100 38 38 42 100 80 38 80 56 73 100 42 93 14 14 73 64 14 83 22 22 38 64 73 64 64 38 100 
4 27 -1 4 -1 76 68 4 91 76 106 85 80 80 80 2 80 -1 76 80 95 60 80 80 26 81 4 4 66 76 60 85 60 2 26 60 80 73 76 80 2 85 73 40 91 26 76 95 76 33 70 76 26 76 68 80 4 33 78 91 -1 33 56 64 27 80 4 68 4 4 27 73 80 4 60 85 -1 15 60 95 -1 80 88 76 78 2 89 85 4 76 76 80 33 15 80 -1 100 80 90 80 73 78 73 80 111 34 40 76 73 66 68 95 60 66 
77 70 77 94 45 -1 42 70 107 107 106 23 77 23 42 77 42 76 -1 23 70 29 42 5 45 42 45 70 107 -1 29 23 30 77 45 29 107 42 46 77 77 74 5 77 70 -1 29 70 29 45 70 97 70 29 107 70 42 70 78 29 78 23 29 74 70 74 23 70 70 77 -1 46 70 42 70 23 29 -1 77 94 77 23 107 29 70 70 70 85 42 76 76 46 100 77 70 111 100 5 48 23 45 78 70 42 53 42 35 -1 62 74 83 45 30 48 
3 66 80 -1 3 23 97 3 91 -1 106 23 39 23 80 93 80 80 23 -1 39 83 38 -1 83 81 9 66 66 83 76 23 38 57 97 106 80 113 9 9 97 85 23 99 91 26 38 57 83 83 97 97 26 83 66 66 3 9 104 91 80 23 56 100 80 80 -1 97 91 97 97 66 80 80 23 23 9 39 76 94 -1 23 66 -1 57 80 7 85 38 76 76 3 38 3 3 80 100 -1 93 66 23 93 3 80 83 97 66 9 31 66 83 104 76 66 
69 12 92 94 73 47 12 100 54 39 106 102 -1 100 73 77 73 95 70 39 -1 92 12 100 39 47 73 12 54 47 73 102 73 92 105 92 73 73 88 12 69 22 47 69 69 77 73 -1 94 92 70 12 70 105 12 73 39 47 84 94 95 57 92 12 92 88 12 70 73 12 47 73 73 -1 63 92 95 47 77 95 39 94 88 39 47 92 95 92 -1 95 95 39 -1 57 12 -1 100 69 93 73 73 12 73 73 111 92 12 39 73 73 12 95 84 73 
62 64 85 91 60 29 105 106 91 76 106 74 94 29 64 77 64 60 29 83 92 -1 38 29 59 59 45 64 55 -1 -1 108 30 92 53 -1 55 64 32 62 106 74 29 106 91 29 29 84 29 59 59 38 55 29 71 32 62 76 78 -1 30 29 -1 64 62 32 106 46 74 62 29 46 53 32 30 83 29 29 30 94 85 59 106 29 35 30 105 32 38 76 76 30 35 83 59 111 105 29 48 59 92 78 64 64 53 59 35 29 62 74 83 59 30 48 
56 12 85 94 73 42 -1 100 54 38 106 74 6 81 -1 77 14 80 42 38 12 38 -1 81 67 81 38 64 54 46 38 74 38 92 105 92 54 42 -1 12 106 -1 6 99 69 100 38 6 94 67 81 6 67 46 6 38 42 38 84 81 38 81 64 12 14 38 99 38 54 12 47 6 54 14 41 81 38 46 38 94 14 -1 54 38 47 41 89 38 38 81 76 38 38 55 81 89 100 51 94 14 14 12 64 14 97 6 6 38 71 71 54 64 38 41 
19 66 61 19 100 -1 42 100 91 19 106 -1 94 -1 100 61 100 80 5 -1 100 29 81 -1 81 81 19 85 66 5 74 11 100 61 97 100 80 42 19 19 100 74 5 99 100 100 29 42 29 61 81 97 100 29 110 42 42 61 61 81 74 -1 29 100 74 74 19 97 74 100 18 89 102 100 11 -1 19 18 74 94 19 -1 66 19 47 11 89 85 38 81 100 19 100 19 81 89 100 5 48 11 -1 61 11 100 83 100 66 18 31 66 61 61 74 100 
26 39 49 83 26 42 106 106 68 26 106 99 39 83 99 77 99 26 45 83 39 59 67 81 -1 -1 -1 26 99 83 59 99 67 49 26 106 80 42 67 -1 106 67 25 99 70 26 67 42 83 -1 25 67 26 34 68 52 39 26 49 25 26 49 56 39 99 80 99 -1 67 39 67 67 34 26 68 83 26 39 58 68 39 25 99 -1 58 80 106 102 26 81 106 26 49 83 39 26 106 67 93 -1 45 49 67 99 83 106 -1 26 58 99 83 45 58 99 
56 39 49 91 26 42 42 106 91 26 106 81 39 81 42 77 42 81 42 81 47 59 81 81 -1 -1 24 70 54 42 59 81 73 49 26 59 81 42 42 24 106 81 -1 99 70 26 67 42 94 24 -1 42 26 34 42 42 42 47 49 -1 59 81 56 39 42 81 99 24 67 39 50 42 42 42 70 81 89 39 58 94 81 -1 54 24 47 81 89 73 42 81 89 59 105 83 59 89 105 42 93 24 42 49 67 42 83 59 24 26 58 71 83 59 59 42 
4 27 17 4 -1 45 105 52 91 -1 106 99 39 23 38 77 38 4 45 9 73 45 38 19 -1 24 -1 4 55 45 76 99 38 49 -1 106 52 55 9 9 4 38 25 40 70 -1 38 57 45 24 25 38 -1 34 68 52 4 9 49 25 17 57 56 100 27 88 4 24 4 4 52 73 34 4 68 83 9 45 77 68 17 25 88 24 57 27 52 38 4 76 52 9 38 55 70 17 100 34 90 24 45 49 67 52 53 34 24 9 58 66 68 45 58 100 
4 -1 85 4 -1 70 12 111 68 76 106 85 1 85 64 85 64 4 70 66 12 64 64 85 26 70 4 -1 66 76 76 85 73 111 26 92 71 64 64 12 4 85 64 40 70 111 70 70 76 111 70 97 70 76 68 64 4 70 111 111 17 110 64 64 -1 74 1 70 4 4 -1 1 64 4 64 85 -1 70 76 68 85 85 66 76 70 -1 89 85 4 76 76 68 64 4 70 111 100 70 90 64 64 12 64 64 111 64 40 70 64 66 1 -1 76 64 
66 66 93 66 66 54 54 54 54 66 106 99 54 66 99 93 99 66 107 66 54 55 54 66 99 54 55 66 -1 71 55 99 55 69 72 106 54 55 55 54 106 113 54 99 72 55 71 54 113 99 70 54 55 72 -1 -1 66 93 108 91 55 110 64 71 55 55 -1 55 54 66 55 54 54 55 68 66 55 54 55 68 54 54 54 66 54 55 72 55 55 55 54 54 55 55 54 79 105 66 93 66 113 71 72 54 83 54 66 54 71 66 54 54 55 66 
56 71 76 83 76 -1 42 90 91 76 106 23 94 23 42 77 42 76 -1 83 47 -1 46 5 83 42 45 76 71 -1 21 23 30 61 53 21 71 42 46 76 76 113 5 99 70 18 -1 42 -1 83 59 46 67 -1 71 93 42 76 104 21 30 23 21 71 62 93 83 46 67 77 18 46 53 42 30 83 -1 18 30 94 76 23 71 -1 35 30 89 32 46 76 76 46 35 83 48 76 100 5 48 83 23 71 67 42 53 53 35 18 62 71 83 45 30 48 
91 76 85 91 60 29 38 90 91 76 106 74 74 85 38 78 38 60 29 76 73 -1 38 74 59 59 76 76 55 21 -1 74 -1 85 53 21 55 55 32 76 85 74 73 85 91 78 91 74 29 78 59 38 55 29 74 32 62 76 78 21 -1 74 21 74 74 32 109 38 74 78 74 73 91 32 -1 85 -1 78 -1 74 85 85 74 29 112 -1 89 32 38 76 76 -1 35 55 59 60 100 74 90 74 73 78 73 38 78 59 35 76 62 74 74 59 -1 74 
99 108 85 102 74 23 108 100 108 23 106 -1 74 23 99 85 99 85 23 23 102 108 74 11 99 81 99 85 99 23 74 -1 74 61 102 108 108 74 99 85 85 74 23 99 74 100 108 74 29 108 74 108 74 108 108 108 108 61 108 108 74 23 108 74 74 74 99 102 74 100 74 108 102 102 11 23 74 108 108 74 85 23 99 23 108 11 102 85 74 108 76 74 74 74 74 108 100 23 93 11 23 108 11 99 108 108 99 108 -1 74 61 85 108 74 
73 73 85 91 73 73 38 55 91 38 106 74 73 85 38 93 38 60 30 38 73 30 38 100 67 73 38 73 55 30 -1 74 -1 92 38 30 55 55 -1 38 73 38 73 73 91 100 38 73 94 67 59 38 55 30 55 -1 73 38 78 30 30 57 30 73 38 -1 55 38 67 100 55 73 55 -1 30 85 30 46 30 94 65 38 88 93 112 30 55 -1 38 55 76 30 38 55 65 73 100 51 93 38 73 73 73 38 78 55 35 38 73 73 55 55 30 55 
69 69 -1 69 17 61 57 111 91 57 106 61 69 61 92 2 92 2 77 57 92 92 92 61 49 49 49 111 69 61 85 61 92 -1 97 92 111 92 92 49 2 85 57 40 69 111 77 57 94 -1 111 92 111 111 110 93 69 -1 49 111 17 -1 92 69 92 93 69 49 110 -1 57 101 69 92 92 61 17 69 58 111 17 61 69 49 57 2 105 92 92 111 111 57 -1 57 69 111 100 69 93 49 69 49 92 111 111 92 40 57 58 110 61 -1 58 100 
26 27 26 93 26 97 105 52 72 26 106 102 97 97 38 93 38 26 45 97 105 53 105 97 26 26 -1 26 72 53 53 102 38 97 -1 105 72 72 26 26 26 97 72 40 72 26 53 97 53 26 97 97 26 -1 72 52 26 26 104 105 26 57 53 72 72 93 97 97 26 97 97 72 -1 26 97 83 26 45 77 68 72 26 72 26 97 27 72 102 26 72 52 26 105 72 97 26 105 -1 93 26 45 93 72 52 53 -1 105 26 72 72 72 45 105 72 
106 106 92 91 106 29 106 106 91 92 106 74 92 100 92 84 92 60 29 106 92 -1 92 100 106 59 106 92 106 21 21 108 30 92 105 -1 106 92 92 106 106 74 84 106 84 100 29 84 29 84 59 92 106 29 106 32 62 84 84 21 30 92 21 92 92 32 106 92 74 92 84 106 92 92 30 83 29 84 30 94 85 59 106 29 -1 30 105 92 92 76 106 30 -1 83 59 92 100 29 48 106 92 78 92 106 84 92 -1 29 62 106 83 59 84 100 
7 71 80 7 7 54 54 -1 54 80 106 85 54 80 80 93 80 80 107 80 73 55 54 80 80 81 52 71 54 71 55 108 55 111 72 106 -1 55 55 80 106 85 54 99 72 100 71 54 71 101 70 54 7 72 -1 -1 7 93 108 91 80 110 108 71 55 80 7 52 54 7 52 -1 -1 71 68 85 80 71 101 68 -1 80 54 80 54 80 7 55 55 71 7 80 100 55 80 80 100 72 90 80 7 71 72 7 111 54 7 54 71 71 54 7 55 55 
56 64 73 93 73 42 42 55 72 88 106 74 42 42 42 93 42 73 42 113 73 64 42 42 42 42 55 64 55 42 55 74 55 92 72 92 55 -1 88 56 73 113 -1 73 72 100 73 42 113 42 42 42 55 72 72 -1 42 47 84 105 55 42 64 64 -1 88 113 55 72 72 47 73 -1 -1 64 42 89 47 55 95 42 89 88 93 47 64 72 55 -1 -1 89 72 64 55 56 89 105 42 93 42 73 73 64 42 72 -1 105 72 64 73 64 64 105 -1 
88 71 92 19 88 42 22 67 91 -1 106 99 22 23 -1 77 14 76 46 9 88 32 -1 19 67 42 9 64 55 46 32 99 -1 92 26 92 55 88 -1 9 88 22 14 99 70 26 -1 22 46 67 70 -1 67 46 22 32 39 9 67 91 32 57 64 64 14 32 19 -1 67 77 67 46 88 14 32 23 9 46 32 68 14 22 88 19 92 32 105 32 -1 71 76 9 -1 55 65 88 100 51 48 14 14 71 67 14 97 92 22 9 71 71 68 92 32 41 
56 12 77 19 26 56 12 56 91 -1 106 85 -1 23 80 77 80 80 77 9 12 62 12 19 -1 24 9 12 54 76 76 85 38 49 26 106 80 56 9 -1 69 85 56 99 69 77 77 77 94 24 25 12 26 34 12 80 -1 9 49 25 78 57 56 12 62 80 12 24 67 12 67 12 80 20 63 83 9 -1 77 94 -1 80 54 24 77 80 56 85 20 76 76 9 20 57 12 20 100 19 90 24 63 12 67 80 83 12 24 9 62 66 12 77 58 56 
4 27 -1 4 -1 97 106 106 68 26 106 85 69 85 73 2 73 2 77 97 69 106 106 100 106 106 4 4 106 76 85 85 73 2 26 106 106 73 88 69 -1 85 73 -1 69 26 77 77 94 33 70 97 26 34 68 52 4 33 49 106 17 33 56 69 27 88 106 68 4 -1 27 73 69 4 68 85 17 69 77 68 17 80 88 106 106 2 106 85 4 73 106 68 33 15 69 17 100 69 93 43 69 69 73 106 97 106 -1 26 73 106 68 27 85 100 
113 85 85 85 74 42 22 113 54 38 106 74 22 85 22 85 22 85 74 85 22 74 -1 74 67 81 38 85 113 113 74 74 38 85 97 74 85 113 22 85 85 -1 22 85 74 113 38 22 113 85 74 22 74 113 22 113 42 38 78 74 74 74 74 74 74 74 113 38 74 113 74 22 113 22 -1 85 74 46 74 74 85 22 113 85 47 -1 89 85 38 81 76 74 38 74 74 79 113 74 113 22 113 22 74 22 85 22 22 38 71 74 74 85 74 -1 
56 12 57 56 73 -1 -1 56 54 38 106 23 6 23 -1 77 14 73 5 23 47 29 6 5 25 -1 25 64 54 5 73 23 73 57 72 84 54 -1 14 56 73 22 -1 99 70 18 29 -1 29 25 25 6 55 29 6 37 -1 47 84 25 73 23 56 12 14 73 56 25 54 12 47 6 37 -1 64 23 29 47 77 94 14 25 54 25 47 80 72 73 37 37 56 59 38 55 56 47 100 5 48 14 14 12 73 14 97 6 6 18 62 71 54 59 59 37 
40 99 40 40 40 97 106 106 68 40 106 99 69 99 99 40 99 40 77 99 69 106 99 99 99 99 40 40 99 99 85 99 73 40 40 106 99 73 99 99 -1 85 99 -1 69 40 77 77 113 99 99 97 40 40 68 99 40 40 99 99 40 40 99 69 99 88 99 99 40 40 40 73 69 40 99 85 40 69 77 68 99 99 99 99 106 40 106 85 40 73 106 68 40 40 69 40 100 69 93 -1 69 69 99 99 97 106 40 40 99 99 68 40 85 99 
69 69 69 91 69 70 69 69 91 91 106 74 69 100 91 77 91 91 70 91 69 91 69 100 70 70 70 70 72 70 91 74 91 69 72 84 72 72 70 69 69 74 70 69 -1 70 91 70 94 69 70 97 70 72 72 70 69 69 69 91 91 69 69 69 70 74 69 70 91 -1 -1 72 -1 72 70 85 70 69 77 91 91 91 72 93 70 70 72 102 72 72 69 -1 69 72 70 69 100 69 93 69 69 69 72 69 97 72 69 70 72 74 72 69 91 72 
26 111 77 26 26 18 77 100 91 26 106 100 77 100 100 77 100 26 -1 26 77 29 100 100 26 26 -1 111 55 18 78 100 100 111 26 100 100 100 26 77 26 113 18 40 70 -1 77 77 29 26 70 38 26 29 107 52 77 26 78 111 78 100 29 100 100 74 113 26 26 77 18 77 34 100 70 100 26 -1 77 111 77 100 88 26 77 111 100 100 26 111 100 26 100 77 70 111 100 18 48 26 -1 78 100 100 111 34 26 18 77 74 100 -1 111 100 
77 71 77 91 68 29 71 67 91 38 106 102 71 29 38 77 38 76 29 38 73 29 38 29 67 67 38 70 71 -1 91 108 38 77 53 29 71 73 -1 77 77 38 29 77 91 77 -1 77 29 67 70 38 67 29 71 38 77 38 78 91 78 29 29 71 38 38 71 -1 67 77 67 -1 71 71 68 83 29 -1 77 68 91 38 71 29 77 91 89 38 38 71 76 -1 38 77 48 89 100 67 48 38 38 71 67 38 53 71 67 29 71 71 68 77 91 48 
56 12 57 93 70 42 -1 70 54 57 106 74 6 42 42 77 42 95 70 57 -1 84 6 42 42 42 57 70 54 42 74 74 73 57 97 84 54 42 22 77 77 22 -1 77 70 77 77 -1 94 57 70 6 70 42 6 42 42 -1 84 42 78 57 56 12 42 74 106 70 54 77 -1 6 42 20 70 42 57 -1 77 94 42 22 54 93 -1 70 105 92 20 42 70 57 20 57 70 20 105 70 93 42 42 12 70 42 84 6 6 54 71 71 54 57 84 42 
94 94 76 94 76 29 94 98 91 76 113 29 94 29 113 98 113 76 29 83 94 29 94 29 83 94 45 76 113 -1 29 29 94 94 53 29 71 113 46 94 94 113 29 113 94 29 29 94 -1 83 94 46 94 29 71 98 94 98 104 94 30 29 29 94 113 94 113 46 94 94 94 46 98 113 94 83 29 29 30 94 94 94 113 29 35 113 89 94 94 76 98 46 113 98 -1 94 113 29 -1 113 113 94 94 98 53 94 113 29 62 113 83 94 94 -1 
69 101 33 101 26 42 101 106 101 26 106 99 101 61 99 33 99 33 45 83 92 59 67 61 -1 24 24 111 99 83 78 108 67 -1 26 84 101 42 67 24 33 85 25 99 69 26 67 57 83 -1 25 67 26 104 101 101 39 33 -1 25 78 33 108 101 92 101 99 24 67 33 67 101 101 101 68 83 26 39 58 68 39 25 99 24 58 33 101 92 26 101 101 26 33 101 101 111 100 67 101 24 69 -1 67 99 58 92 24 26 58 101 61 33 58 99 
56 70 85 91 70 42 42 70 91 91 106 74 94 81 42 77 42 70 70 97 70 59 81 81 25 -1 25 70 70 59 59 74 59 111 97 59 70 42 70 25 70 74 25 99 70 70 70 70 94 25 -1 97 70 59 42 70 42 70 112 -1 59 70 59 74 70 74 70 70 70 70 -1 42 70 42 70 81 70 70 59 94 81 25 54 25 70 70 105 85 42 81 70 59 105 70 59 111 105 70 94 25 42 49 70 42 97 59 25 70 62 74 70 59 59 42 
97 12 92 97 88 97 -1 106 54 38 106 97 6 97 38 77 38 76 97 97 12 38 6 97 67 42 38 97 54 46 38 108 38 92 97 92 54 42 -1 12 97 22 6 97 97 38 38 6 46 67 97 -1 67 97 6 38 42 38 104 105 38 57 56 12 38 38 97 38 54 97 97 6 54 38 97 97 38 46 38 68 38 22 54 97 47 38 105 38 38 71 76 38 38 55 12 20 105 -1 48 38 38 12 67 38 97 6 6 38 71 71 54 104 38 41 
7 70 26 7 26 70 70 -1 54 26 106 74 94 100 67 93 67 26 70 26 70 55 67 100 26 26 -1 70 55 67 55 74 55 111 26 106 7 55 67 26 26 74 55 40 70 26 67 70 94 26 70 67 -1 34 36 -1 7 26 49 70 26 57 56 74 55 55 7 -1 67 7 -1 36 34 26 70 83 26 45 55 68 36 94 54 26 70 70 7 55 26 55 7 26 67 55 70 111 100 67 90 26 7 93 67 7 97 34 7 26 71 74 68 7 55 55 
34 71 76 83 34 29 105 111 72 34 106 29 94 29 42 77 42 76 29 83 105 29 46 29 34 34 34 76 72 -1 29 108 30 111 -1 29 72 72 46 34 34 113 29 40 72 29 29 42 29 104 59 97 34 -1 72 52 42 34 104 29 30 29 29 71 62 93 83 46 34 97 29 46 34 34 30 83 29 29 104 94 72 29 72 29 104 30 72 102 34 76 76 46 105 72 48 111 105 34 48 34 29 71 72 111 -1 34 105 29 104 71 83 104 104 48 
36 71 68 91 68 42 -1 36 -1 107 106 74 6 110 22 93 22 68 107 66 12 71 6 110 68 42 68 68 -1 71 74 108 55 110 72 106 -1 72 22 12 68 22 6 68 72 107 71 6 71 101 42 6 36 72 -1 28 42 47 108 91 68 110 108 71 71 74 28 68 -1 12 47 -1 -1 71 68 110 89 47 101 68 36 22 -1 110 47 80 72 102 82 71 36 8 105 72 12 79 105 51 93 66 36 71 72 36 110 6 6 -1 71 71 -1 36 74 66 
36 66 93 93 52 42 42 36 54 38 106 74 101 93 38 93 38 80 70 66 73 32 38 42 52 42 52 64 -1 93 32 108 -1 93 52 32 -1 -1 32 80 52 113 37 99 70 52 38 42 98 101 70 38 -1 52 28 -1 42 93 78 105 32 93 64 64 37 32 28 52 54 36 52 36 36 32 32 93 32 93 32 68 36 80 54 93 47 32 36 32 37 37 36 32 38 -1 65 89 105 67 93 66 36 93 64 36 93 37 36 54 71 66 54 36 32 37 
-1 39 17 0 0 42 42 0 54 39 106 42 39 42 42 77 42 4 42 3 39 62 42 42 39 42 4 4 66 42 62 108 73 69 26 62 7 42 39 -1 4 42 -1 40 69 77 77 42 94 39 42 42 7 42 42 42 -1 39 108 94 17 42 -1 39 62 94 0 39 4 0 94 42 42 42 64 42 39 39 77 94 39 94 66 39 47 80 7 73 4 42 7 3 64 3 -1 94 100 42 94 39 7 39 3 7 83 42 7 39 62 66 39 7 94 42 
69 110 33 93 26 47 47 111 91 -1 106 61 39 61 38 93 38 33 70 9 47 76 38 61 26 47 9 70 93 76 76 61 38 -1 26 84 93 47 9 9 33 38 47 40 69 26 38 -1 98 33 70 38 26 34 47 93 39 -1 49 91 33 -1 56 110 92 93 19 38 91 33 47 47 93 47 70 61 9 47 77 91 19 61 54 93 47 33 93 92 38 76 76 9 33 -1 70 47 100 19 93 26 61 93 93 38 93 47 47 9 58 110 61 33 84 47 
69 108 49 91 49 104 84 111 91 49 106 108 101 104 84 78 84 78 78 104 84 78 84 61 49 49 49 111 108 104 78 108 78 49 104 84 108 84 67 49 49 78 84 99 69 78 78 84 104 -1 112 104 49 104 108 78 108 49 -1 112 78 49 108 108 108 78 99 49 67 49 84 108 101 108 78 104 78 78 -1 111 49 49 108 104 -1 78 108 78 84 108 78 78 49 101 112 111 112 104 101 49 69 49 67 111 -1 112 49 78 -1 108 104 104 -1 78 
91 94 111 91 91 29 105 111 91 91 106 74 94 81 42 91 42 91 29 91 94 -1 81 81 25 -1 25 111 91 21 21 108 30 111 105 21 91 105 91 25 106 74 25 99 91 111 91 42 94 25 -1 105 70 29 91 105 94 91 112 -1 30 111 21 94 62 94 106 25 91 91 50 91 91 42 30 81 29 91 30 94 91 25 91 25 112 30 105 105 94 81 111 -1 105 91 -1 111 105 70 94 25 105 94 91 111 111 -1 105 91 62 74 91 -1 -1 94 
17 27 17 91 17 30 78 17 91 76 106 74 101 85 80 17 80 -1 78 80 95 30 38 74 26 59 17 17 55 30 -1 74 30 17 26 30 80 55 32 78 17 74 73 40 91 78 78 78 30 78 59 38 26 30 68 32 17 33 78 30 -1 33 30 74 74 32 17 38 17 78 74 101 80 17 30 85 17 78 -1 95 17 80 88 30 78 30 89 32 17 76 76 30 33 101 59 17 100 74 90 74 73 78 73 80 78 59 35 76 78 74 68 95 30 74 
69 110 33 23 110 23 57 100 110 57 106 23 69 23 100 33 100 33 23 23 57 29 81 -1 49 81 57 110 110 23 74 23 57 -1 57 92 110 42 57 57 33 74 23 40 69 100 29 57 29 33 70 57 57 29 110 93 42 -1 49 111 33 -1 92 110 92 93 23 110 110 33 57 110 93 100 23 23 57 57 58 110 23 23 110 110 57 23 89 92 57 81 76 57 33 57 81 111 100 23 93 23 23 49 23 100 110 92 40 57 31 110 -1 33 58 100 
56 64 85 56 56 29 56 56 91 56 106 74 56 29 64 77 64 56 29 56 92 -1 64 29 56 56 56 64 64 21 21 108 30 92 53 21 108 64 64 56 56 74 56 99 69 29 29 56 29 108 59 56 56 29 108 64 -1 56 108 21 30 92 -1 64 -1 74 56 102 74 56 64 108 64 56 64 83 29 56 30 94 56 94 66 29 35 30 56 92 64 64 56 30 64 56 56 89 100 29 48 64 64 108 64 64 108 59 35 29 -1 74 64 59 30 64 
69 12 69 94 64 100 12 100 71 39 106 74 -1 100 64 77 64 64 74 100 12 64 12 100 39 39 100 64 71 71 74 74 73 69 72 92 71 64 64 12 69 74 12 69 69 100 71 12 94 101 74 12 74 71 71 64 39 110 108 94 74 110 64 -1 -1 74 12 71 74 12 74 -1 64 71 -1 100 64 39 74 74 39 89 71 110 47 64 89 92 20 71 100 71 64 74 12 20 100 69 93 64 -1 12 64 64 110 12 12 71 71 71 -1 64 74 100 
27 27 85 102 27 42 22 100 71 38 106 74 63 74 -1 85 14 27 70 80 92 62 14 74 99 42 27 -1 55 62 74 74 38 92 72 92 55 -1 14 62 27 74 14 99 70 100 38 42 113 92 70 38 55 62 71 37 62 92 108 62 74 92 -1 -1 -1 74 27 102 74 63 27 63 37 14 -1 85 27 46 74 74 14 22 88 110 92 27 72 92 37 37 76 74 -1 55 62 89 100 70 90 14 14 63 -1 14 111 37 92 38 62 74 63 27 74 37 
88 94 80 93 88 73 94 80 91 38 106 74 94 74 80 93 80 80 74 80 88 32 38 74 80 81 88 74 55 93 32 74 -1 93 93 32 80 88 32 80 88 74 73 88 74 74 38 74 94 101 74 38 55 93 74 32 94 93 78 94 32 93 74 74 74 -1 80 38 74 94 74 73 93 32 -1 85 32 80 32 94 -1 80 88 93 74 80 93 32 -1 81 98 80 38 -1 -1 80 100 74 93 74 73 93 73 80 93 88 80 38 73 74 74 94 32 74 
-1 -1 106 0 0 23 106 0 54 19 106 99 1 23 99 77 99 4 23 -1 12 106 99 19 99 99 4 1 -1 83 109 99 55 69 97 106 7 113 19 12 106 113 56 99 69 113 71 106 113 99 70 97 7 83 28 28 0 19 99 106 17 23 56 12 27 80 -1 97 4 0 27 1 54 4 109 23 19 69 77 68 19 23 -1 19 106 27 7 55 82 71 7 3 106 3 3 17 106 19 113 -1 113 12 3 7 83 106 -1 19 71 -1 1 7 106 -1 
52 70 49 102 68 97 38 52 68 38 106 102 39 83 38 77 38 68 70 97 70 46 38 97 -1 24 24 70 55 46 38 102 38 49 97 92 52 55 -1 24 68 38 25 99 70 26 -1 70 46 24 70 38 -1 46 68 52 39 38 49 25 38 110 102 71 102 38 97 -1 -1 97 -1 46 102 102 68 83 38 46 77 68 38 25 68 24 70 70 52 102 38 71 52 46 38 55 70 79 100 -1 48 24 38 49 -1 38 97 92 24 38 71 71 68 52 38 41 
4 110 17 91 -1 97 54 4 54 91 106 74 54 74 67 17 67 4 70 91 73 74 54 74 67 67 4 4 54 67 74 74 67 110 26 74 54 72 67 67 4 74 54 40 91 26 67 54 94 67 70 54 67 34 -1 54 4 91 67 91 17 110 74 74 74 74 4 -1 -1 4 67 54 54 4 -1 110 17 67 74 -1 91 91 54 110 54 27 72 102 4 71 7 -1 67 72 79 79 100 67 93 67 73 71 67 7 97 54 40 54 71 74 -1 27 74 74 
-1 12 33 0 0 97 12 0 91 39 106 100 -1 100 100 77 100 4 77 97 12 62 12 100 39 39 4 4 66 77 78 100 100 -1 97 92 7 72 77 12 -1 113 12 40 -1 77 77 77 94 33 70 97 7 97 12 36 0 33 49 91 78 33 56 12 63 94 0 97 4 -1 44 12 44 100 63 100 17 -1 77 94 39 94 66 97 77 33 7 92 4 71 7 44 33 3 12 20 100 -1 90 43 -1 12 3 7 97 12 40 77 58 66 12 33 58 100 
27 27 85 94 27 18 47 52 91 52 106 74 94 23 47 77 47 27 -1 97 47 29 47 18 67 50 52 -1 55 18 74 74 55 57 97 84 52 47 67 67 27 74 47 40 -1 18 67 -1 94 67 -1 97 -1 29 47 52 94 47 84 50 74 57 64 74 27 74 27 -1 67 44 -1 27 44 27 -1 85 27 18 74 94 74 94 54 29 47 27 52 85 27 76 52 44 47 55 -1 47 100 -1 94 67 45 94 67 52 97 47 47 18 64 74 27 27 59 74 
36 -1 73 91 73 42 -1 36 54 46 106 74 1 89 73 77 73 73 46 66 73 46 6 89 67 42 73 1 54 46 73 108 73 101 72 106 -1 73 46 12 73 22 6 73 72 77 -1 6 46 101 42 6 36 46 -1 36 42 47 108 91 101 110 108 -1 63 73 1 46 54 12 27 -1 36 -1 63 83 89 46 101 68 36 89 54 46 47 27 89 73 46 -1 36 46 46 101 12 89 100 51 101 66 63 -1 73 36 108 6 6 54 -1 -1 1 27 108 66 
36 71 93 93 34 42 54 36 54 34 106 102 54 93 42 93 42 80 70 80 73 53 54 102 34 42 34 64 54 53 91 102 55 69 -1 92 -1 -1 88 80 69 113 37 69 -1 34 71 42 98 101 70 54 34 34 -1 36 42 93 101 91 80 93 64 64 37 93 54 102 54 44 44 36 -1 37 64 93 89 69 101 68 36 80 54 93 47 80 -1 102 37 37 36 44 64 -1 70 89 105 34 93 102 36 93 -1 36 53 34 36 54 71 71 54 36 91 37 
4 71 17 102 -1 42 42 100 71 26 106 102 20 100 -1 17 14 4 42 80 -1 32 14 100 26 42 4 4 55 42 32 102 -1 92 26 92 71 -1 14 20 4 22 -1 40 72 100 71 20 113 101 42 38 26 34 71 32 42 47 108 42 17 100 56 71 14 32 4 102 4 100 27 -1 37 -1 32 100 17 47 32 68 14 22 71 26 47 27 72 32 4 37 100 32 20 55 20 20 100 42 93 14 -1 71 -1 14 97 37 40 71 71 71 68 27 32 37 
68 63 85 91 68 23 41 70 68 76 109 -1 63 23 64 93 64 60 70 23 63 30 41 11 68 70 68 64 68 30 -1 11 30 92 97 30 68 64 32 63 68 -1 64 99 70 70 68 70 94 68 70 97 70 30 68 32 64 70 78 30 30 23 64 -1 -1 -1 109 68 -1 63 -1 63 64 32 -1 23 30 70 30 68 65 23 68 93 70 11 70 32 65 64 76 30 64 65 65 79 100 70 93 11 63 63 11 64 97 64 109 68 31 -1 63 64 30 41 
23 85 85 23 85 23 42 100 91 23 106 23 83 -1 85 85 85 85 23 23 92 83 81 -1 83 81 83 85 66 83 85 23 85 61 83 83 85 42 23 83 85 85 23 85 85 100 83 42 83 83 81 97 83 83 110 93 42 61 104 81 85 23 83 100 85 85 23 83 110 100 85 83 93 100 23 -1 83 23 85 94 85 23 66 -1 104 -1 89 85 85 81 83 85 87 83 81 85 100 23 93 23 23 93 23 85 83 92 83 23 31 110 83 85 85 85 
17 27 17 19 17 29 89 90 91 -1 106 74 27 23 38 17 38 -1 29 9 95 29 38 19 26 89 9 -1 55 -1 -1 74 30 17 26 29 80 89 9 9 17 74 29 40 70 26 29 57 29 26 70 38 26 29 89 32 39 9 78 29 17 57 29 64 27 32 19 38 17 17 27 89 89 17 30 83 -1 29 30 95 17 89 66 29 112 27 89 32 17 -1 -1 9 38 57 48 17 100 19 90 26 90 78 64 90 53 89 90 9 89 74 27 27 30 48 
69 39 15 69 45 18 47 69 91 39 106 23 39 23 46 -1 46 15 -1 39 47 29 46 18 39 39 45 70 54 18 78 108 46 69 45 84 71 47 46 -1 69 46 47 69 69 -1 -1 -1 29 39 70 46 45 29 47 93 39 47 78 91 78 57 56 39 46 80 69 46 67 -1 18 46 69 47 70 23 29 -1 -1 68 39 80 54 29 47 15 69 46 46 71 69 46 46 15 39 47 100 69 93 39 45 78 67 46 78 47 39 18 71 71 39 45 78 100 
77 101 60 91 60 77 77 77 91 76 106 74 101 85 38 77 38 60 77 76 77 30 38 74 58 58 77 76 55 30 -1 108 30 58 77 30 101 55 32 77 77 74 77 77 77 77 77 77 30 58 59 38 55 104 101 32 77 77 -1 30 -1 58 30 74 74 32 77 77 74 77 74 101 101 32 30 85 30 -1 -1 74 60 80 101 101 58 30 89 32 38 76 76 30 35 101 101 60 100 77 101 58 77 -1 73 38 58 59 35 77 58 74 74 77 30 74 
68 94 95 94 68 94 68 111 68 91 106 74 94 94 68 94 68 95 94 94 95 94 94 94 68 94 68 68 68 94 74 74 94 111 68 94 68 95 68 94 68 74 94 68 91 111 68 94 94 68 94 68 68 94 68 68 94 91 111 94 95 110 94 74 74 94 68 68 -1 94 94 68 68 68 68 94 95 68 74 -1 91 94 68 110 94 68 95 94 68 95 95 68 95 94 -1 -1 105 68 94 68 73 94 68 111 111 94 68 68 71 74 68 95 94 94 
17 39 17 19 17 23 22 36 91 19 106 85 39 23 -1 17 14 -1 77 -1 39 85 14 19 39 81 17 85 54 76 85 85 65 17 72 85 -1 42 14 -1 17 85 14 99 91 77 91 42 94 39 81 38 36 72 36 36 39 19 49 91 17 23 56 39 14 -1 19 38 91 39 74 36 36 14 65 85 17 39 60 91 -1 -1 54 19 47 -1 36 85 65 81 36 -1 38 65 65 17 100 19 93 14 14 39 19 14 83 91 36 19 71 66 54 36 85 66 
94 89 80 94 80 23 22 80 91 23 106 23 94 23 22 80 22 80 23 23 94 59 -1 -1 25 -1 25 85 54 23 85 23 38 61 26 59 80 89 22 80 80 22 25 99 91 100 38 22 94 25 25 22 94 29 22 80 94 61 49 25 80 23 94 89 22 80 23 25 91 94 94 89 80 22 23 23 89 80 80 94 -1 -1 54 23 47 80 89 85 38 -1 89 80 38 80 -1 89 100 23 94 22 23 89 23 22 83 22 22 23 89 89 61 59 59 41 
66 66 88 66 88 54 54 54 54 66 106 99 54 66 88 93 88 88 107 66 88 106 54 66 99 54 88 66 54 71 74 99 88 69 72 106 54 88 88 54 88 113 54 99 72 88 71 54 113 99 54 54 54 72 -1 54 66 54 108 91 88 110 66 71 88 88 -1 68 54 66 54 54 54 71 68 66 66 54 101 68 54 54 -1 66 54 66 72 88 -1 71 54 54 88 72 88 88 105 66 93 66 113 71 72 54 83 54 66 54 71 66 54 54 74 66 
19 110 85 19 26 29 106 106 110 19 106 23 39 75 80 93 80 76 29 -1 39 29 38 19 -1 24 24 76 66 -1 29 23 93 49 26 29 80 93 19 24 106 85 25 99 93 26 29 93 29 24 25 97 26 29 110 93 39 93 104 25 30 110 29 110 110 93 19 24 110 97 29 46 93 26 93 -1 29 29 101 110 19 23 66 -1 104 75 93 85 93 76 76 19 35 -1 19 111 100 19 93 24 23 93 19 80 -1 106 24 19 104 110 -1 104 104 48 
56 47 57 93 70 47 47 106 54 57 106 74 47 47 47 77 47 78 70 57 47 35 47 47 58 47 57 70 54 35 112 108 112 57 97 -1 54 47 92 77 106 47 47 106 70 77 77 -1 35 58 70 47 70 104 47 47 47 47 -1 112 78 57 35 47 92 74 106 70 54 77 47 47 47 47 70 104 112 47 58 94 47 47 54 104 -1 112 105 92 47 47 106 112 35 57 70 47 100 70 93 47 92 58 70 47 58 47 35 54 58 71 54 104 -1 47 
27 27 -1 80 27 23 41 80 91 76 106 -1 27 75 80 2 80 2 70 80 92 30 41 11 80 81 27 -1 55 30 -1 11 30 2 27 30 80 64 32 80 2 -1 80 40 70 111 91 70 113 33 70 38 70 30 80 32 80 33 78 30 30 23 30 64 27 80 27 70 27 33 27 27 80 27 11 -1 27 15 30 68 -1 80 66 75 112 -1 80 -1 27 76 76 30 87 15 70 17 100 70 90 11 23 78 11 80 83 92 40 70 31 74 27 27 30 41 
7 89 89 7 7 72 105 -1 72 89 106 102 105 89 100 93 100 89 70 7 95 105 89 89 106 89 52 89 72 89 89 102 55 105 72 105 7 72 105 56 106 89 72 106 72 100 89 105 89 101 105 105 7 72 72 36 7 93 108 105 89 89 56 89 72 93 7 52 72 7 52 89 -1 72 70 89 89 69 89 95 36 89 72 93 105 80 -1 102 72 -1 7 72 105 72 89 89 105 72 90 66 7 89 72 7 111 -1 7 72 89 89 72 7 105 72 
102 85 85 102 73 73 105 100 91 38 106 85 92 85 38 85 38 85 85 85 92 32 38 85 102 73 38 85 55 32 32 85 -1 92 102 92 55 55 32 85 85 85 73 85 102 100 38 92 94 92 85 38 55 102 102 32 73 92 78 105 32 92 92 92 92 32 55 102 102 92 85 73 102 32 32 85 32 46 32 94 85 85 88 85 92 -1 102 -1 38 55 76 32 -1 55 65 92 100 102 93 85 92 73 -1 38 85 92 92 38 73 73 85 85 32 85 
4 20 17 4 -1 42 20 4 82 38 106 74 20 38 38 93 38 4 42 38 -1 38 38 38 26 42 4 4 55 46 38 74 38 92 26 92 55 -1 -1 20 4 38 37 40 72 26 38 20 94 26 42 38 26 34 82 37 4 38 84 94 17 57 64 20 37 -1 82 38 4 4 27 46 37 4 65 85 17 46 38 68 65 38 -1 93 47 27 72 38 -1 37 7 38 20 65 65 20 105 51 93 38 38 20 64 38 93 37 40 38 64 74 68 27 38 37 
86 71 76 94 73 42 71 86 71 76 106 81 71 81 42 76 42 76 76 76 95 76 81 81 81 81 76 76 55 76 76 108 55 111 72 76 71 -1 71 76 73 81 37 73 72 111 71 42 76 101 81 71 55 76 71 37 42 76 108 81 76 81 64 71 37 81 71 71 71 71 76 -1 37 37 64 81 -1 71 76 95 81 -1 71 76 47 76 -1 55 37 -1 76 71 64 55 81 -1 105 42 90 42 71 71 64 86 111 37 71 71 71 71 71 95 76 37 
7 76 76 7 7 76 106 -1 54 76 106 76 69 100 100 98 100 76 76 76 95 76 76 100 106 89 52 76 54 76 76 76 76 111 52 106 7 89 76 76 106 76 56 106 69 100 76 70 98 101 70 76 7 76 36 36 7 76 78 111 76 76 56 100 76 98 7 52 7 7 52 36 36 100 76 83 -1 69 76 95 36 89 54 76 106 76 7 76 7 76 -1 76 100 98 98 76 100 67 -1 66 7 98 7 7 111 86 7 76 71 66 54 7 76 98 
3 71 80 -1 68 46 54 3 -1 -1 106 74 39 23 80 77 80 80 46 3 39 30 38 19 26 59 9 68 54 46 -1 74 30 57 26 30 80 72 9 9 68 74 59 68 -1 26 -1 57 46 26 59 38 26 46 8 32 3 9 78 -1 30 57 30 71 74 80 3 46 -1 44 44 46 44 32 30 85 9 46 30 68 -1 80 54 19 112 30 72 32 38 71 76 -1 38 3 3 79 105 19 93 80 69 71 3 80 111 59 105 9 71 71 68 59 30 48 
69 20 33 102 64 100 105 100 91 38 106 74 20 100 38 33 38 33 100 38 -1 35 38 100 49 105 38 64 55 35 35 74 38 -1 105 -1 100 64 -1 20 33 38 38 40 69 100 38 20 113 33 105 38 67 105 105 38 64 33 49 105 33 33 64 64 -1 38 106 38 67 33 47 46 64 20 64 87 38 46 35 95 38 38 88 35 35 87 105 -1 20 64 100 38 -1 57 20 20 100 51 93 38 -1 20 64 38 111 -1 35 38 64 74 61 33 84 100 
3 101 15 -1 3 83 57 3 72 57 106 74 101 83 80 -1 80 15 77 3 57 83 55 19 83 83 55 4 55 83 55 74 55 57 72 83 55 55 55 57 15 74 55 40 72 77 77 57 98 101 70 55 55 72 72 -1 3 -1 101 91 101 57 56 74 55 -1 3 55 72 3 55 101 -1 55 65 83 57 15 101 94 65 80 72 -1 57 15 72 55 65 55 98 3 57 -1 3 17 105 19 -1 83 7 -1 3 7 83 55 83 57 101 74 83 57 55 55 
3 12 69 -1 3 48 12 3 91 19 106 74 -1 81 56 93 56 80 70 3 12 59 81 81 39 59 70 70 54 48 59 74 65 69 97 59 80 56 65 12 69 74 56 69 70 70 48 70 -1 101 59 12 70 48 12 65 -1 70 112 -1 59 81 56 12 62 -1 3 70 79 12 -1 12 70 20 65 81 48 39 101 -1 65 -1 88 19 70 70 89 65 65 81 98 3 20 3 -1 79 105 70 48 39 63 12 3 7 97 59 12 70 62 74 12 59 59 48 
17 20 17 94 17 47 20 111 79 76 111 79 20 89 73 17 73 -1 111 80 -1 111 89 89 26 89 17 111 79 76 60 108 73 111 26 92 80 89 88 20 17 79 47 40 69 111 89 20 94 111 111 20 111 111 79 89 94 47 111 111 17 111 89 20 89 80 17 79 79 20 47 89 89 20 79 85 17 47 60 -1 17 89 88 111 47 17 89 92 20 -1 76 79 20 17 79 -1 100 111 90 73 73 20 73 111 111 89 111 76 89 89 79 -1 111 89 
100 100 100 100 100 100 105 100 105 100 106 100 100 100 100 100 100 100 100 100 100 105 100 100 106 105 100 100 105 100 100 100 100 100 105 100 100 105 100 100 100 113 100 100 100 100 100 105 113 100 105 105 100 105 105 105 100 100 112 105 100 100 100 100 100 100 106 100 100 100 100 100 105 100 100 100 100 100 100 105 100 100 105 100 100 100 105 100 105 105 100 105 100 105 105 100 -1 100 100 100 -1 100 100 100 100 -1 105 100 100 100 100 100 105 100 
69 66 69 19 34 -1 51 67 54 19 106 23 69 23 42 77 42 80 5 -1 69 29 51 5 67 42 34 70 66 5 74 23 51 69 -1 29 72 42 51 19 69 74 5 69 69 18 67 70 29 67 70 -1 67 34 51 67 42 19 104 70 74 23 29 69 70 74 19 -1 67 -1 -1 51 34 42 70 23 19 69 77 68 19 23 66 19 70 70 72 102 51 42 67 19 51 19 70 111 100 -1 48 66 69 69 67 42 -1 34 51 18 104 66 68 104 104 66 
90 90 93 93 90 48 93 90 93 90 106 93 94 93 93 93 93 90 48 93 93 48 94 48 93 93 90 90 93 48 90 93 93 93 93 48 90 93 48 90 93 113 48 93 93 48 48 93 -1 101 94 48 90 48 93 93 94 93 101 94 90 93 48 93 90 93 113 48 93 90 94 101 93 93 93 93 90 93 101 94 93 94 93 93 93 90 90 93 93 90 -1 93 93 -1 48 90 100 48 -1 93 90 93 93 90 93 90 90 48 101 93 93 90 90 48 
66 66 43 66 26 23 22 66 66 26 106 -1 39 23 -1 43 14 80 23 66 73 59 14 11 -1 24 24 64 66 83 74 11 38 49 26 106 80 42 14 24 43 22 14 -1 69 26 38 42 113 24 25 38 26 34 66 66 39 26 49 25 74 23 64 64 14 74 -1 24 67 43 67 66 102 14 11 23 26 39 58 68 14 22 66 24 47 11 66 85 38 42 66 80 38 83 39 73 100 66 93 -1 14 49 11 14 83 106 24 26 31 66 66 45 58 66 
7 63 69 7 73 23 22 -1 54 23 106 23 63 23 -1 77 14 73 45 23 73 92 14 -1 45 42 45 64 113 23 73 23 73 69 45 92 7 73 14 63 69 113 14 69 69 -1 38 42 113 69 42 38 7 29 36 36 7 61 69 105 73 23 64 -1 14 73 113 38 73 -1 45 63 36 -1 63 23 90 45 77 73 14 23 113 23 92 23 7 92 38 71 7 69 -1 7 63 73 -1 69 90 14 -1 63 73 7 97 92 7 45 71 71 63 7 73 -1 
69 12 49 93 73 42 12 71 71 39 106 74 -1 93 73 93 73 78 78 93 12 78 12 61 49 49 49 12 71 71 78 108 73 49 93 78 71 73 71 12 69 22 12 69 69 78 71 12 94 -1 49 12 93 71 71 93 39 93 49 94 78 49 108 12 63 93 12 49 71 12 94 -1 93 71 63 93 78 78 -1 94 39 89 71 93 58 78 89 73 20 71 98 71 20 -1 12 20 100 69 93 49 63 -1 73 71 58 12 12 71 71 71 12 49 58 66 
3 64 85 -1 73 23 72 3 72 19 106 -1 64 23 64 93 64 73 70 3 73 64 64 11 67 67 67 64 72 67 73 11 73 92 72 92 72 64 67 67 73 74 73 99 72 100 67 70 94 67 70 67 67 72 72 64 3 93 67 91 73 23 64 64 -1 73 3 -1 67 3 67 73 -1 -1 11 23 64 67 73 68 19 23 72 19 70 11 72 -1 64 64 7 3 64 3 3 73 100 67 93 11 73 73 -1 64 97 64 67 72 31 73 64 64 73 64 
7 64 80 7 7 42 22 -1 54 38 106 99 22 100 -1 77 14 80 42 80 73 64 14 100 99 42 52 64 54 42 38 99 38 111 52 106 7 42 14 80 106 22 14 99 69 100 38 42 98 99 42 38 7 111 36 36 7 38 111 111 80 100 64 64 14 80 7 38 7 7 52 36 36 14 64 85 90 46 38 111 14 22 54 80 47 80 7 38 38 86 7 80 38 7 7 111 100 42 90 14 7 71 64 -1 111 86 7 38 64 66 54 7 111 100 
97 110 111 83 111 97 97 111 110 83 106 83 97 83 83 93 83 111 53 83 111 53 97 83 83 83 53 111 83 53 78 108 78 111 53 84 111 72 97 83 97 85 97 97 97 111 53 84 53 58 97 97 97 -1 110 93 83 93 -1 111 78 110 108 110 111 93 83 97 97 97 97 108 53 97 97 83 53 78 58 111 83 83 83 -1 58 83 111 85 93 111 111 111 111 83 97 111 100 -1 93 83 97 58 97 111 -1 53 83 53 58 110 83 -1 58 53 
86 12 92 91 34 42 -1 86 54 34 106 74 6 100 22 77 22 34 42 97 92 59 6 100 106 59 34 64 54 53 59 108 55 92 -1 92 54 -1 92 12 106 22 6 106 72 34 71 6 94 92 59 6 34 34 6 37 42 47 112 -1 59 92 59 12 37 88 106 92 54 12 47 6 34 37 64 92 89 47 59 94 91 22 54 106 47 92 -1 92 37 37 86 59 -1 55 59 89 -1 34 90 106 92 12 64 86 53 -1 -1 54 71 71 54 59 59 37 
7 66 40 7 40 42 -1 -1 54 26 -1 99 6 66 22 40 22 40 35 66 12 35 6 66 -1 24 24 40 66 35 35 99 35 40 105 -1 7 105 22 24 -1 22 6 40 69 26 67 6 113 24 25 6 7 105 6 36 7 47 49 105 35 40 35 12 92 80 -1 24 40 40 47 6 36 40 109 83 90 39 35 68 36 22 66 24 35 40 7 92 40 71 7 105 35 83 12 111 105 51 90 24 7 12 67 7 83 -1 -1 54 71 66 54 7 84 66 
19 71 57 19 26 18 54 54 54 -1 106 23 39 23 38 77 38 76 -1 9 39 29 38 18 26 26 9 70 54 18 76 108 38 57 26 29 54 72 9 9 26 38 18 40 70 18 29 54 29 26 70 38 26 29 -1 54 39 9 78 91 76 57 29 71 38 38 19 38 54 77 18 54 54 71 68 23 9 18 77 68 19 23 54 19 54 70 72 38 38 71 76 9 38 57 70 76 100 18 48 26 45 71 72 38 53 54 54 -1 71 71 54 45 76 48 
62 71 58 62 73 31 71 71 71 62 106 31 71 31 64 77 64 73 62 31 73 62 71 31 58 58 58 64 71 62 62 -1 73 58 72 62 71 64 71 62 73 71 62 99 72 77 71 71 62 58 62 71 71 104 71 71 62 58 -1 62 78 31 -1 71 62 73 71 71 71 58 64 -1 71 71 31 31 89 71 58 71 71 89 71 104 58 31 89 73 64 71 71 71 64 101 62 89 100 104 101 31 71 71 31 64 58 71 71 71 -1 71 71 104 58 64 
66 66 85 66 66 66 71 66 71 66 106 74 66 66 73 77 73 66 74 66 73 74 71 66 99 71 66 66 66 71 74 74 73 110 72 106 71 73 71 66 106 74 71 99 74 74 71 71 113 101 74 71 74 71 71 66 66 110 108 74 74 110 74 71 74 74 -1 71 74 66 74 -1 71 71 -1 110 74 71 74 74 66 89 66 110 71 74 89 73 74 71 66 71 74 74 74 89 100 66 93 66 71 71 73 66 110 71 66 71 71 -1 -1 66 74 66 
66 -1 61 83 68 61 54 54 54 61 106 61 1 61 64 93 64 68 83 83 12 83 54 61 83 83 68 1 54 83 74 61 55 61 72 83 54 64 68 12 68 74 54 68 72 100 68 54 83 61 70 54 68 83 -1 54 39 61 104 91 68 -1 64 -1 63 74 1 68 -1 12 27 1 54 68 63 83 27 39 74 68 54 61 54 -1 54 27 72 85 68 71 54 68 61 83 12 79 100 68 93 66 63 12 64 54 83 54 54 54 71 -1 -1 27 74 66 
7 27 33 7 27 45 105 -1 91 45 106 85 27 61 64 33 64 95 45 104 95 59 64 61 45 59 45 -1 54 45 59 85 55 -1 45 59 7 64 92 77 27 85 59 40 69 -1 77 57 94 33 59 104 7 104 36 36 7 33 104 -1 95 33 59 64 27 94 7 52 27 33 27 27 36 27 64 85 27 45 77 95 36 59 54 104 104 27 7 85 27 95 7 59 33 57 59 -1 100 104 90 45 7 49 64 7 -1 59 7 45 104 66 27 -1 59 100 
91 76 85 91 60 30 84 111 91 76 106 74 94 85 38 78 38 60 30 76 84 30 38 74 58 59 58 76 55 30 -1 108 30 58 105 84 55 105 32 58 85 74 59 85 91 111 91 84 94 58 59 38 55 104 74 32 94 84 -1 -1 30 58 30 74 74 32 106 38 74 58 59 108 91 32 30 85 30 78 30 94 85 59 74 104 -1 30 105 32 38 76 76 30 84 55 59 111 105 104 90 58 73 58 73 111 58 59 84 76 58 74 74 59 -1 74 
66 66 85 66 66 42 41 100 66 66 106 74 66 100 100 85 100 66 48 66 73 48 41 100 99 42 100 64 66 48 74 74 55 100 72 100 55 -1 41 56 100 -1 37 99 72 100 48 42 -1 99 42 41 55 48 66 37 42 47 78 94 74 100 64 100 37 74 -1 41 74 100 74 66 37 37 41 85 48 100 74 94 66 41 66 48 47 41 72 85 37 37 98 48 100 55 48 89 100 66 48 66 -1 66 64 100 53 37 66 48 64 66 66 100 74 -1 
