37
3 13
-1 6 -1 23 23 21 -1 2 23 6 24 13 23 -1 6 6 26 7 23 7 6 13 28 -1 -1 2 -1 23 6 2 2 26 -1 13 6 24 15 
6 -1 25 17 -1 16 -1 14 23 6 -1 10 4 -1 -1 4 4 10 4 10 -1 13 35 -1 10 -1 29 23 6 -1 29 9 20 10 6 -1 10 
-1 25 -1 8 23 30 0 -1 7 7 24 24 25 0 7 6 26 7 19 7 6 30 30 0 -1 -1 0 9 30 -1 -1 9 0 13 6 24 24 
23 17 8 -1 12 8 34 8 -1 19 17 17 8 17 8 34 8 -1 19 -1 34 8 28 8 17 12 29 17 23 17 17 19 34 17 -1 17 8 
23 -1 23 12 -1 16 1 12 12 6 1 10 -1 1 1 -1 -1 10 -1 18 1 13 28 -1 23 1 16 18 23 1 16 26 20 15 6 1 15 
21 16 30 8 16 -1 20 8 -1 8 36 21 8 21 21 36 -1 30 16 8 16 -1 28 8 30 12 16 23 21 30 -1 26 20 21 8 28 -1 
-1 -1 0 34 1 20 -1 9 9 -1 1 10 4 0 1 -1 20 9 4 9 -1 20 28 0 0 1 0 9 -1 1 28 9 0 15 -1 1 15 
2 14 -1 8 12 8 9 -1 -1 -1 17 17 8 2 -1 9 8 -1 19 -1 9 14 28 8 2 2 2 9 9 2 2 9 2 14 8 14 8 
23 23 7 -1 12 -1 9 -1 -1 7 17 24 -1 21 7 12 5 3 12 3 16 5 28 -1 23 12 16 23 23 7 5 9 23 23 3 23 5 
6 6 7 19 6 8 -1 -1 7 -1 19 27 8 6 7 6 20 7 19 -1 6 14 28 27 6 6 31 -1 6 6 7 -1 31 14 6 27 15 
24 -1 24 17 1 36 1 17 17 19 -1 -1 4 1 1 33 4 -1 19 -1 1 33 35 1 -1 1 24 11 35 1 17 19 20 -1 6 -1 -1 
13 10 24 17 10 21 10 17 24 27 -1 -1 10 -1 10 33 26 10 27 10 10 13 28 24 -1 10 24 -1 13 24 24 26 13 10 10 10 10 
23 4 25 8 -1 8 4 8 -1 8 4 10 -1 4 4 4 4 8 4 8 4 8 28 4 23 -1 16 18 23 4 8 9 20 15 8 4 8 
-1 -1 0 17 1 21 0 2 21 6 1 -1 4 -1 1 33 4 10 4 10 1 -1 28 0 -1 1 0 11 -1 1 21 26 0 -1 6 1 10 
6 -1 7 8 1 21 1 -1 7 7 1 10 4 1 -1 33 4 7 4 7 1 -1 28 1 29 1 29 9 21 -1 21 9 20 -1 6 1 10 
6 4 6 34 -1 36 -1 9 12 6 33 33 4 33 33 -1 4 33 4 9 -1 20 28 4 6 4 6 9 6 4 21 9 20 -1 6 4 -1 
26 4 26 8 -1 -1 20 8 5 20 4 26 4 4 4 4 -1 29 4 18 -1 5 28 4 26 4 -1 18 20 26 5 26 20 15 20 4 5 
7 10 7 -1 10 30 9 -1 3 7 -1 10 8 10 7 33 29 -1 19 -1 10 30 28 27 10 7 29 -1 27 -1 -1 9 34 10 3 10 10 
23 4 19 19 -1 16 4 19 12 19 19 27 4 4 4 4 4 19 -1 -1 4 28 28 4 19 4 16 -1 27 4 19 19 20 15 19 27 15 
7 10 7 -1 18 8 9 -1 3 -1 -1 10 8 10 7 9 18 -1 -1 -1 9 14 35 8 10 7 24 9 9 17 17 9 31 10 3 10 10 
6 -1 6 34 1 16 -1 9 16 6 1 10 4 1 1 -1 -1 10 4 9 -1 -1 28 1 6 1 16 9 6 1 21 32 -1 15 6 1 15 
13 13 30 8 13 -1 20 14 5 14 33 13 8 -1 -1 20 5 30 28 14 -1 -1 28 28 13 13 13 28 -1 14 -1 32 20 -1 20 28 5 
28 35 30 28 28 28 28 28 28 28 35 28 28 28 28 28 28 28 28 35 28 28 -1 28 35 28 35 28 -1 30 28 28 28 28 28 -1 35 
-1 -1 0 8 -1 8 0 8 -1 27 1 24 4 0 1 4 4 27 4 8 1 28 28 -1 -1 -1 0 -1 -1 1 24 26 0 -1 6 1 8 
-1 10 -1 17 23 30 0 2 23 6 -1 -1 23 -1 29 6 26 10 19 10 6 13 35 -1 -1 2 -1 11 13 -1 -1 26 0 10 6 -1 10 
2 -1 -1 12 1 12 1 2 12 6 1 10 -1 1 1 4 4 7 4 7 1 13 28 -1 2 -1 2 23 23 1 2 9 2 23 6 1 10 
-1 29 0 29 16 16 0 2 16 31 24 24 16 0 29 6 -1 29 16 24 16 13 35 0 -1 2 -1 23 6 -1 24 -1 0 13 6 24 16 
23 23 9 17 18 23 9 9 23 -1 11 -1 18 11 9 9 18 -1 -1 9 9 28 28 -1 11 23 23 -1 -1 17 17 9 23 23 9 -1 11 
6 6 30 23 23 21 -1 9 23 6 35 13 23 -1 21 6 20 27 27 9 6 -1 -1 -1 13 23 6 -1 -1 30 -1 9 6 13 6 -1 15 
2 -1 -1 17 1 30 1 2 7 6 1 24 4 1 -1 4 26 -1 4 17 1 14 30 1 -1 1 -1 17 30 -1 -1 26 2 14 6 1 10 
2 29 -1 17 16 -1 28 2 5 7 17 24 8 21 21 21 5 -1 19 17 21 -1 28 24 -1 2 24 17 -1 -1 -1 26 2 21 17 24 5 
26 9 9 19 26 26 9 9 9 -1 19 26 9 26 9 9 26 9 19 9 32 32 28 26 26 9 -1 9 9 26 26 -1 -1 14 32 26 15 
-1 20 0 34 20 20 0 2 23 31 20 13 20 0 20 20 20 34 20 31 -1 20 28 0 0 2 0 23 6 2 2 -1 -1 13 -1 20 20 
13 10 13 17 15 21 15 14 23 14 -1 10 15 -1 -1 -1 15 10 15 10 15 -1 28 -1 10 23 13 23 13 14 21 14 13 -1 15 10 10 
6 6 6 -1 6 8 -1 8 3 6 6 10 8 6 6 6 20 3 19 3 6 20 28 6 6 6 6 9 6 6 17 32 -1 15 -1 6 15 
24 -1 24 17 1 28 1 14 23 27 -1 10 4 1 1 4 4 10 27 10 1 28 -1 1 -1 1 24 -1 -1 1 24 26 20 10 6 -1 10 
15 10 24 8 15 -1 15 8 5 15 -1 10 8 10 10 -1 5 10 15 10 15 5 35 8 10 10 16 11 15 10 5 15 20 10 15 10 -1 
