105
3 49
-1 17 -1 17 56 10 17 10 70 -1 9 76 17 25 27 2 33 -1 62 74 15 48 83 56 60 17 9 17 56 17 83 81 68 2 17 87 100 56 56 56 48 45 56 9 33 17 17 63 9 56 70 48 62 2 71 10 -1 81 45 9 17 74 9 17 62 59 71 100 10 80 2 9 17 53 -1 70 10 56 33 102 56 2 48 2 56 62 87 -1 10 46 9 102 17 10 17 17 71 15 15 26 74 17 2 83 56 
17 -1 15 17 72 42 17 68 51 48 55 76 17 25 68 -1 48 -1 62 61 15 48 83 72 72 -1 46 68 72 17 72 68 68 17 17 86 48 -1 25 38 48 46 25 46 33 17 -1 72 -1 38 70 48 72 15 72 -1 37 25 45 48 72 25 46 17 72 62 68 63 -1 68 55 48 -1 69 84 51 20 72 33 102 56 37 48 55 -1 62 48 17 55 46 33 89 17 45 17 17 72 15 15 45 84 17 48 72 25 
-1 15 -1 17 56 90 17 10 70 0 9 76 17 81 70 -1 33 -1 83 61 15 97 83 53 60 15 9 70 92 17 83 81 93 -1 17 92 33 81 53 53 33 45 33 53 33 17 15 83 102 53 70 44 102 -1 81 70 0 81 83 9 17 53 9 83 102 90 102 83 15 83 -1 9 83 53 0 70 20 92 33 102 83 -1 98 -1 15 70 70 0 83 70 33 102 17 83 17 17 81 15 15 45 73 70 -1 83 81 
17 17 17 -1 87 42 17 68 70 17 68 87 17 25 27 17 33 -1 87 87 17 97 83 42 60 17 17 -1 92 17 101 47 68 17 17 87 33 17 25 101 101 42 27 17 33 17 17 27 17 38 70 92 42 17 52 17 17 101 101 17 17 87 17 17 52 90 27 63 27 68 27 66 17 70 87 70 68 92 27 101 56 17 66 17 17 70 87 -1 34 46 33 102 17 101 17 17 54 17 101 45 87 -1 87 101 101 
56 72 56 87 -1 58 72 56 86 56 76 76 56 104 58 72 86 56 58 61 56 40 83 72 72 56 56 58 -1 56 72 72 72 56 58 86 58 56 56 28 39 58 56 56 70 58 56 72 86 56 70 56 72 56 39 70 -1 72 -1 56 72 56 56 72 72 104 58 72 72 58 56 54 -1 70 56 76 28 -1 58 28 56 56 86 58 56 86 -1 86 72 104 56 76 28 58 58 28 54 72 40 58 73 58 72 39 28 
10 42 90 42 58 -1 63 10 86 10 -1 76 90 42 42 42 36 90 -1 90 76 40 89 42 88 42 -1 42 76 42 103 36 36 90 42 86 -1 42 42 58 36 42 -1 10 69 42 26 63 10 76 90 10 42 42 52 10 42 52 18 10 88 42 18 36 52 90 42 63 10 36 42 10 52 63 90 76 10 92 90 76 62 42 10 55 90 62 18 86 10 36 -1 89 18 10 42 58 54 57 36 26 36 42 52 36 89 
17 17 17 17 72 63 -1 68 92 17 88 94 17 25 63 17 33 -1 92 61 94 97 83 41 60 17 17 17 95 17 60 63 63 17 -1 94 63 17 25 95 33 34 41 17 33 17 17 63 17 94 70 92 72 17 95 17 17 60 95 17 -1 60 17 -1 72 61 27 63 17 41 17 95 60 63 17 94 94 92 33 95 83 17 48 63 17 60 87 17 34 63 33 89 17 45 -1 -1 95 17 60 45 63 17 17 60 95 
10 68 10 68 56 10 68 -1 51 10 -1 76 68 51 68 68 51 68 10 65 76 51 89 51 88 51 10 68 76 55 98 68 68 51 88 92 10 68 51 51 51 69 10 10 51 93 51 68 51 51 89 -1 42 51 88 10 51 68 18 10 88 51 10 88 89 59 82 88 -1 68 51 10 68 51 10 51 10 92 51 76 69 55 -1 55 68 51 51 10 10 51 10 89 51 10 76 76 76 82 82 59 93 68 51 36 89 
70 51 70 70 86 86 92 51 -1 51 51 76 92 85 70 70 51 92 86 85 76 51 89 51 85 51 51 70 92 55 85 85 68 51 92 86 89 70 51 51 51 51 70 70 51 92 51 70 51 51 70 -1 86 51 85 51 70 85 86 51 85 51 85 73 86 85 70 73 51 51 -1 51 86 70 87 -1 75 92 51 92 70 55 51 55 70 -1 -1 86 51 51 70 75 -1 101 76 92 76 85 51 51 73 70 51 51 85 
-1 48 0 17 56 10 17 10 51 -1 -1 76 17 48 90 2 48 0 62 65 43 48 83 99 88 48 -1 68 76 17 62 62 68 90 88 86 10 48 46 48 48 46 10 -1 51 17 26 72 -1 76 90 48 62 43 71 10 0 62 62 -1 88 53 -1 88 62 59 71 88 10 68 2 -1 48 53 0 76 10 56 90 102 62 2 48 2 48 62 48 0 10 46 -1 65 17 10 76 71 71 71 46 26 74 93 48 36 65 
9 55 9 68 76 -1 88 -1 51 -1 -1 76 17 55 68 55 36 9 5 65 76 93 83 99 88 55 5 68 76 55 83 68 68 90 88 76 5 42 51 76 93 42 5 9 51 93 26 88 9 76 70 7 42 43 88 -1 9 81 18 -1 88 55 9 88 52 59 68 88 -1 68 55 9 55 69 9 76 -1 76 90 76 62 55 7 55 55 62 18 9 -1 36 5 65 18 -1 76 76 76 55 65 59 93 93 48 36 65 
76 76 76 87 76 76 94 76 76 76 76 -1 92 96 76 76 86 92 86 94 76 76 83 76 88 76 76 76 76 76 95 96 76 92 88 -1 76 94 76 76 76 94 76 76 92 92 76 94 86 76 76 92 86 76 96 76 76 96 76 76 88 94 76 94 86 76 96 94 76 76 76 96 76 94 87 76 -1 92 90 76 76 76 76 76 76 76 35 86 76 91 76 76 35 76 35 76 -1 76 76 76 93 79 79 76 76 
17 17 17 17 56 90 17 68 92 17 17 92 -1 97 27 97 33 -1 92 61 97 97 83 45 60 17 17 17 92 17 97 97 68 17 17 92 33 17 25 58 97 45 25 17 33 17 17 63 17 38 70 92 97 17 97 17 17 97 45 17 17 25 17 17 97 90 97 63 17 44 17 97 17 44 17 92 92 92 33 92 56 17 97 17 17 97 87 17 34 46 33 102 17 45 17 17 97 -1 97 45 74 17 17 83 97 
25 25 81 25 104 42 25 51 85 48 55 96 97 -1 42 25 42 25 42 61 25 97 104 38 60 -1 42 42 104 55 57 57 57 25 42 86 104 25 25 38 39 42 25 46 51 25 25 57 25 38 104 38 57 38 57 25 38 -1 39 104 57 25 57 57 57 104 97 63 25 42 55 57 25 53 61 85 104 104 104 104 49 57 48 55 25 57 57 25 57 104 104 104 104 55 61 57 57 57 57 38 74 57 57 57 -1 
27 68 70 27 58 42 63 68 70 90 68 76 27 42 -1 68 42 27 58 90 58 58 83 58 60 42 42 -1 58 27 47 47 47 78 58 86 63 42 58 58 58 58 27 58 78 58 58 -1 42 58 70 78 42 58 58 70 58 47 -1 68 47 42 58 47 52 90 27 63 27 58 27 66 47 63 90 70 58 58 -1 101 83 42 66 58 58 57 58 27 63 58 78 90 58 58 58 58 58 66 47 58 63 27 66 47 57 
2 -1 -1 17 72 42 17 68 70 2 55 76 97 25 68 -1 98 1 62 98 -1 97 83 72 72 1 46 68 76 17 98 97 68 2 17 76 98 1 25 98 98 46 25 20 33 17 1 72 1 76 70 48 72 2 97 1 2 97 83 98 72 25 43 83 72 98 97 83 1 68 2 97 1 53 2 76 20 72 33 102 83 2 98 2 1 97 48 2 55 46 33 98 17 83 76 98 76 -1 -1 45 73 70 2 83 97 
33 48 33 33 86 36 33 51 51 48 36 86 33 42 42 98 -1 33 36 98 98 40 89 42 98 42 36 42 40 33 98 36 36 -1 42 86 -1 42 40 40 -1 42 -1 48 33 33 98 63 -1 40 89 48 42 33 40 42 42 52 40 48 98 42 48 36 52 98 42 63 36 36 33 48 48 44 90 51 36 86 33 102 69 33 48 33 48 51 48 33 63 36 33 89 33 40 42 98 54 40 -1 69 36 42 48 36 89 
-1 -1 -1 -1 56 90 -1 68 92 0 9 92 -1 25 27 1 33 -1 92 61 15 97 83 45 60 1 9 3 92 -1 60 63 68 -1 6 92 33 1 25 58 33 45 25 9 33 -1 1 63 1 38 70 92 72 2 95 1 0 81 45 9 6 25 9 6 72 90 27 63 1 44 2 9 1 44 0 92 92 92 33 92 56 2 48 2 1 92 87 -1 34 46 33 102 -1 45 6 6 92 12 15 45 74 3 2 83 92 
62 62 83 87 58 -1 92 10 86 62 5 86 92 42 58 62 36 92 -1 65 62 58 83 58 60 42 5 42 92 92 83 36 36 90 58 86 5 42 58 58 58 58 5 62 92 58 62 58 86 80 90 92 62 62 58 10 58 62 -1 10 58 42 -1 36 62 62 42 63 10 36 86 62 58 62 87 86 10 92 58 92 62 42 86 58 58 62 -1 86 10 36 5 65 -1 10 58 58 58 62 62 26 36 58 62 36 65 
74 61 61 87 61 90 61 65 85 65 65 94 61 61 90 98 98 61 65 -1 61 98 91 61 61 61 65 61 104 61 61 104 68 90 61 94 90 61 61 61 98 94 61 61 73 61 65 61 61 61 90 61 65 61 65 61 61 104 61 65 61 -1 65 94 65 -1 98 94 61 73 61 65 61 61 61 91 94 104 90 104 65 61 98 61 74 65 65 74 61 91 65 65 65 61 61 61 65 98 65 65 74 61 91 61 65 
15 15 15 17 56 76 94 76 76 43 76 76 97 25 58 -1 98 15 62 61 -1 97 83 46 61 15 43 68 76 17 98 97 68 15 46 76 76 15 46 76 98 46 25 -1 33 17 43 72 15 76 70 46 62 43 62 15 43 97 46 43 61 53 43 94 62 62 97 94 15 46 15 43 15 53 15 76 -1 56 33 76 56 15 98 15 15 62 48 15 76 46 43 76 76 76 76 76 76 15 15 43 73 70 15 76 76 
48 48 97 97 40 40 97 51 51 48 93 76 97 97 58 97 40 97 58 98 97 -1 93 40 97 40 48 97 40 97 97 97 93 40 42 86 40 42 40 40 -1 42 40 48 40 93 98 97 40 40 89 48 97 40 40 48 40 97 40 48 97 40 48 40 97 98 97 100 48 40 97 97 48 100 100 51 40 40 40 40 93 97 48 93 48 97 48 86 54 40 40 98 40 40 42 40 54 -1 40 93 93 93 48 40 97 
83 83 83 83 83 89 83 89 89 83 83 83 83 104 83 83 89 83 83 91 83 93 -1 83 83 83 89 83 104 83 83 103 89 83 83 92 89 83 89 83 93 83 83 89 83 83 89 83 89 83 89 89 83 83 83 83 83 83 83 83 83 83 83 83 89 91 102 83 83 83 83 83 83 83 83 91 83 83 83 104 83 83 83 -1 83 83 83 83 83 -1 89 89 89 83 83 83 83 83 83 83 89 83 83 83 89 
56 72 53 42 72 42 41 51 51 99 99 76 45 38 58 72 42 45 58 61 46 40 83 -1 72 38 99 42 39 42 72 72 69 42 41 94 69 42 -1 38 39 -1 41 46 51 41 38 72 51 38 70 38 72 38 39 38 38 72 41 99 72 38 46 72 72 99 42 72 69 41 56 54 -1 53 56 51 49 72 51 39 49 42 51 72 56 51 72 45 41 46 42 89 51 45 41 58 54 72 46 -1 69 58 72 39 38 
60 72 60 60 72 88 60 88 85 88 88 88 60 60 60 72 98 60 60 61 61 97 83 72 -1 61 60 101 72 60 60 60 60 60 60 94 63 61 61 88 98 60 60 61 60 72 60 60 72 61 90 61 72 61 88 61 61 60 60 88 -1 60 72 60 72 61 88 63 72 60 101 88 60 61 61 88 88 72 60 101 83 60 98 60 72 60 72 60 60 60 74 65 60 72 60 60 88 60 60 72 74 60 72 60 60 
17 -1 15 17 56 42 17 51 51 48 55 76 17 -1 42 1 42 1 42 61 15 40 83 38 61 -1 42 42 39 55 57 57 68 17 42 94 42 1 -1 38 39 42 -1 46 51 17 1 72 1 38 70 38 42 38 39 -1 38 13 39 55 61 -1 46 83 52 61 42 83 1 42 55 48 1 53 61 51 49 56 33 104 49 55 48 55 1 57 48 17 55 46 42 65 17 55 61 17 54 15 15 38 74 42 48 39 13 
9 46 9 17 56 -1 17 10 51 -1 5 76 17 42 42 46 36 9 5 65 43 48 89 99 60 42 -1 42 46 17 98 36 36 90 46 86 5 42 46 46 48 46 5 9 99 99 -1 63 9 46 89 46 42 43 71 10 9 52 18 9 46 42 9 36 89 59 71 63 10 99 9 9 46 99 9 76 10 92 90 102 62 9 48 99 46 62 18 9 10 46 5 89 18 10 46 58 71 46 46 -1 36 42 48 36 89 
17 68 70 -1 58 42 17 68 70 68 68 76 17 42 -1 68 42 3 42 61 68 97 83 42 101 42 42 -1 101 17 101 47 68 17 42 86 42 42 42 58 42 42 -1 70 70 17 42 14 42 42 70 68 42 70 52 70 70 52 14 68 101 42 52 47 52 62 -1 63 -1 68 -1 66 47 70 87 70 68 101 14 101 69 42 66 58 68 70 52 3 68 70 42 102 17 101 42 58 54 66 42 69 73 -1 66 47 101 
56 72 92 92 -1 76 95 76 92 76 76 76 92 104 58 76 40 92 92 104 76 40 104 39 72 39 46 101 -1 92 95 103 76 92 95 92 103 56 39 -1 39 58 39 56 92 58 39 72 40 76 104 92 54 39 39 76 4 104 4 76 72 94 92 94 104 104 102 94 76 58 56 54 4 53 56 76 -1 4 58 -1 56 102 48 58 56 92 4 86 54 104 104 76 -1 40 76 -1 54 104 40 39 93 79 79 39 -1 
17 17 17 17 56 42 17 55 55 17 55 76 17 55 27 17 33 -1 92 61 17 97 83 42 60 55 17 17 92 -1 83 81 68 17 17 92 33 -1 55 55 33 42 37 56 33 17 17 63 17 55 70 55 42 17 52 -1 37 81 45 55 17 37 17 17 52 59 27 63 17 83 55 17 17 70 17 55 55 92 33 92 56 37 48 55 17 55 87 17 55 55 33 89 17 45 17 17 54 17 17 45 73 17 17 83 55 
83 72 83 101 72 103 60 98 85 62 83 95 97 57 47 98 98 60 83 61 98 97 83 72 60 57 98 101 95 83 -1 47 47 83 60 86 103 61 98 103 98 60 57 98 83 72 98 -1 98 83 101 83 57 61 57 83 83 -1 83 98 -1 60 57 47 57 98 97 63 83 83 101 57 47 63 61 85 95 101 47 101 83 57 98 -1 72 57 57 101 60 83 98 98 95 83 60 -1 57 57 -1 83 93 -1 101 -1 57 
81 68 81 47 72 36 63 68 85 62 68 96 97 57 47 97 36 63 36 104 97 97 103 72 60 57 36 47 103 81 47 -1 -1 36 60 86 32 81 103 103 93 57 57 62 69 72 62 -1 36 103 89 68 57 73 57 81 72 -1 47 68 47 57 57 47 57 104 97 63 32 36 47 57 47 63 100 85 68 72 47 104 103 57 68 103 68 57 57 86 57 36 36 89 85 32 63 47 57 57 47 69 36 47 57 -1 57 
68 68 93 68 72 36 63 68 68 68 68 76 68 57 47 68 36 68 36 68 68 93 89 69 60 68 36 68 76 68 47 -1 -1 36 63 94 -1 68 68 93 93 69 36 68 69 93 68 31 36 76 89 68 57 73 57 68 68 31 93 68 47 68 36 36 89 68 68 63 -1 36 68 57 47 63 100 76 68 101 36 101 69 57 68 93 68 57 36 68 63 36 36 89 36 -1 63 47 57 57 36 69 36 93 101 31 57 
2 17 -1 17 56 90 17 51 51 90 90 92 17 25 78 2 -1 -1 90 90 15 40 83 42 60 17 90 17 92 17 83 36 36 -1 17 92 16 17 51 40 16 42 16 53 -1 17 17 78 16 51 90 44 42 2 40 17 2 81 45 90 17 53 90 17 52 90 102 63 17 44 2 90 17 44 90 51 20 92 -1 102 69 2 48 2 17 51 48 17 34 36 -1 90 17 40 17 17 54 15 16 45 36 17 2 36 90 
17 17 17 17 58 42 -1 88 92 88 88 88 17 42 58 17 42 6 58 61 46 42 83 41 60 42 46 42 95 17 60 60 63 17 -1 94 63 42 41 58 42 -1 41 46 69 41 41 60 17 41 89 41 42 61 88 88 17 60 41 88 -1 60 46 6 52 61 42 63 69 41 17 88 60 63 61 88 88 58 33 95 69 17 69 58 17 60 52 17 -1 46 33 89 17 45 6 6 88 17 46 41 63 58 17 60 60 
87 86 92 87 86 86 94 92 86 86 76 -1 92 86 86 76 86 92 86 94 76 86 92 94 94 94 86 86 92 92 86 86 94 92 94 -1 94 94 92 92 86 94 86 76 92 92 94 94 86 76 86 92 86 94 86 92 86 86 86 76 94 94 86 94 86 86 86 94 76 94 86 86 86 94 87 76 11 92 92 92 76 86 86 94 86 86 -1 86 94 92 86 76 -1 76 -1 92 11 86 86 92 87 86 86 92 92 
100 48 33 33 58 -1 63 10 89 10 5 76 33 104 63 98 -1 33 5 90 76 40 89 69 63 42 5 42 103 33 103 32 -1 16 63 94 -1 42 89 103 16 69 5 89 69 69 89 63 16 80 89 89 42 73 88 10 80 32 18 10 63 94 18 -1 89 90 42 63 32 -1 69 10 63 63 100 91 10 92 33 104 69 33 48 63 100 57 18 100 63 -1 5 89 18 32 63 63 88 40 16 69 -1 93 48 -1 89 
56 -1 81 17 56 42 17 68 70 48 42 94 17 25 42 1 42 1 42 61 15 42 83 42 61 1 42 42 56 -1 61 81 68 17 42 94 42 -1 56 56 42 42 -1 56 70 -1 1 72 1 56 70 48 42 61 52 1 -1 81 45 99 61 -1 46 94 52 61 42 94 1 42 56 48 1 61 61 70 94 56 33 102 56 -1 48 55 1 81 48 17 61 46 42 102 17 45 61 58 54 15 15 45 74 42 81 42 81 
56 25 53 25 56 42 25 51 51 46 51 76 25 25 58 25 40 25 58 61 46 40 89 -1 61 -1 46 42 39 55 98 103 68 51 41 92 89 56 -1 -1 39 23 25 46 51 41 -1 72 51 -1 70 -1 42 -1 39 25 -1 25 39 99 61 25 46 73 89 62 42 73 25 41 56 54 23 53 56 51 49 56 51 39 49 53 51 53 56 51 51 56 54 46 42 89 51 40 41 39 54 25 46 23 73 58 51 39 25 
56 38 53 101 28 58 95 51 51 48 76 76 58 38 58 98 40 58 58 61 76 40 83 38 88 38 46 58 -1 55 103 103 93 40 58 92 103 56 -1 -1 -1 58 38 46 51 58 38 103 40 38 70 38 54 38 -1 38 38 54 -1 48 88 38 46 83 54 98 71 83 38 58 56 54 28 53 56 76 28 28 58 28 49 57 48 58 56 57 28 56 54 46 40 76 28 40 58 28 54 40 40 38 93 58 48 -1 28 
48 48 33 101 39 36 33 51 51 48 93 76 97 39 58 98 -1 33 58 98 98 -1 93 39 98 39 48 42 39 33 98 93 93 16 42 86 16 42 39 -1 -1 42 16 48 33 93 98 98 -1 39 89 48 42 39 39 48 39 54 39 48 98 39 48 36 52 98 82 100 48 36 101 48 48 100 100 51 39 39 33 39 93 102 48 93 48 51 48 86 54 36 33 98 39 -1 42 39 54 21 -1 93 93 93 48 39 39 
45 46 45 42 58 42 34 69 51 46 42 94 45 42 58 46 42 45 58 94 46 42 83 -1 60 42 46 42 58 42 60 57 69 42 -1 94 69 42 23 58 42 -1 -1 46 69 -1 -1 58 42 38 89 38 42 38 52 42 38 52 -1 99 34 94 46 94 52 62 42 94 69 -1 42 46 23 69 94 94 94 58 58 101 69 42 69 58 46 62 52 45 34 46 42 89 45 45 -1 58 54 45 46 23 69 58 52 58 89 
56 25 33 27 56 -1 41 10 70 10 5 76 25 25 27 25 -1 25 5 61 25 40 83 41 60 -1 5 -1 39 37 57 57 36 16 41 86 5 -1 25 38 16 -1 -1 46 33 37 41 27 16 38 70 38 -1 38 52 25 37 52 41 10 41 25 52 36 52 62 27 63 27 41 27 54 52 69 61 70 10 56 27 101 56 37 48 55 25 57 52 27 10 36 5 102 18 10 41 54 54 57 16 26 36 27 52 36 25 
9 46 53 17 56 10 17 10 70 -1 9 76 17 46 58 20 48 9 62 61 -1 48 89 46 61 46 9 70 56 56 98 62 68 53 46 76 89 56 46 46 48 46 46 -1 70 46 -1 72 9 46 70 46 62 -1 62 10 -1 62 46 9 61 53 -1 73 62 62 71 73 10 46 56 9 46 53 9 76 20 56 90 56 56 53 48 53 56 62 48 9 10 46 9 65 62 10 46 56 62 20 46 26 73 70 48 46 65 
33 33 33 33 70 69 33 51 51 51 51 92 33 51 78 33 33 33 92 73 33 40 83 51 60 51 99 70 92 33 83 69 69 -1 69 92 69 70 51 51 33 69 33 70 -1 33 51 73 51 51 70 -1 42 73 51 51 70 81 69 99 33 73 80 73 89 90 70 73 69 -1 -1 51 83 -1 90 51 51 92 -1 101 69 33 51 69 70 51 51 33 73 51 33 89 51 83 69 33 54 33 33 69 73 70 33 69 89 
17 17 17 17 58 42 17 93 92 17 93 92 17 25 58 17 33 -1 58 61 17 93 83 41 72 17 99 17 58 17 72 72 93 17 41 92 69 -1 41 58 93 -1 37 46 33 -1 41 72 17 41 70 92 72 17 58 17 37 72 -1 99 72 37 46 17 72 99 27 100 17 41 17 17 -1 69 17 92 93 58 33 101 56 37 48 58 17 62 58 17 41 46 33 89 17 -1 41 58 58 17 46 -1 93 58 17 58 58 
17 -1 15 17 56 26 17 51 51 26 26 76 17 25 58 1 98 1 62 65 43 98 89 38 60 1 -1 42 39 17 98 62 68 17 41 94 89 1 -1 38 98 -1 41 -1 51 41 -1 72 1 38 89 38 62 38 39 1 38 62 41 26 41 25 -1 89 89 62 98 89 1 41 55 26 1 53 84 91 43 56 33 104 62 37 98 55 1 62 48 17 41 -1 26 89 17 45 41 58 54 15 -1 26 89 58 48 39 89 
63 72 83 27 72 63 63 68 70 72 88 94 63 57 -1 72 63 63 58 61 72 97 83 72 60 72 63 14 72 63 -1 -1 31 78 60 94 63 72 72 103 98 58 27 72 73 72 72 -1 72 72 70 72 72 73 57 72 72 30 14 88 30 60 72 -1 72 98 27 63 27 63 27 57 -1 63 61 94 94 72 14 101 83 57 98 30 72 57 72 27 63 63 78 89 58 32 63 30 57 57 30 72 63 30 72 -1 57 
9 -1 102 17 86 10 17 51 51 -1 9 86 17 25 42 1 -1 1 86 61 15 40 89 51 72 1 9 42 40 17 98 36 36 16 17 86 16 1 51 40 -1 42 16 9 51 17 1 72 -1 51 89 -1 86 43 40 1 9 86 40 9 72 25 9 36 86 59 82 63 1 36 51 9 1 51 9 51 10 86 33 102 62 102 -1 55 1 51 -1 86 10 51 9 102 51 40 86 17 54 15 16 26 36 102 -1 36 89 
56 38 53 38 56 76 94 51 51 76 76 76 38 38 58 76 40 38 80 61 76 40 83 38 61 38 46 42 76 55 83 103 76 51 41 76 80 56 -1 38 39 38 38 46 51 41 38 72 51 -1 70 38 80 38 39 38 38 38 39 76 61 38 80 83 80 80 42 83 76 80 56 54 38 53 56 76 -1 56 51 76 -1 53 51 80 56 80 51 56 76 46 76 76 51 76 76 76 76 76 46 38 73 58 51 39 76 
70 70 70 70 70 90 70 89 70 90 70 76 70 104 70 70 89 70 90 90 70 89 89 70 90 70 89 70 104 70 101 89 89 90 89 86 89 70 70 70 89 89 70 70 70 70 89 70 89 70 -1 89 89 70 89 70 70 104 101 90 90 90 89 73 89 90 70 73 70 70 -1 90 70 70 90 70 70 70 90 101 70 70 70 70 70 70 70 90 70 -1 -1 89 70 101 73 101 89 70 89 70 73 70 70 89 89 
48 48 44 92 56 10 92 -1 -1 48 7 92 92 38 78 48 48 92 92 61 46 48 89 38 61 38 46 68 92 55 83 68 68 44 41 92 89 48 -1 38 48 38 38 46 -1 92 38 72 -1 38 89 -1 86 38 39 -1 38 81 39 10 61 38 46 73 89 91 82 73 7 44 8 48 38 44 48 8 10 92 44 92 49 55 7 55 48 8 8 86 10 -1 44 89 -1 10 92 92 54 48 46 38 73 70 48 39 89 
62 72 102 42 72 42 72 42 86 62 42 86 97 57 42 72 42 72 62 65 62 97 83 72 72 42 42 42 54 42 57 57 57 42 42 86 42 42 42 54 42 42 -1 62 42 72 62 72 86 80 89 86 -1 62 -1 42 42 -1 42 62 72 42 -1 72 -1 62 102 72 42 42 42 54 -1 62 87 86 42 72 42 102 62 57 86 72 72 57 -1 86 54 64 42 102 86 72 42 54 54 57 42 72 42 102 -1 54 57 
2 15 -1 17 56 42 17 51 51 43 43 76 17 38 58 2 33 2 62 61 43 40 83 38 61 38 43 70 39 17 61 73 73 2 61 94 73 61 -1 38 39 38 38 -1 73 17 38 73 43 38 70 38 62 -1 39 38 38 81 39 43 61 -1 43 73 62 61 102 73 73 73 2 43 38 -1 61 51 43 56 33 102 49 2 48 2 56 62 48 2 61 46 33 102 17 83 61 17 54 15 15 38 73 70 2 39 38 
71 72 81 52 39 52 95 88 85 71 88 96 97 57 58 97 40 95 58 65 62 40 83 39 88 39 71 52 39 52 57 57 57 40 88 86 88 52 39 -1 39 52 52 62 51 58 39 57 40 39 89 39 -1 39 -1 81 39 -1 39 71 88 88 52 88 52 62 71 88 88 52 52 -1 52 88 71 76 39 39 58 39 62 57 71 57 56 57 52 86 -1 64 71 102 39 40 88 -1 -1 57 40 39 88 57 52 39 57 
10 -1 70 17 70 10 17 10 51 10 -1 76 17 25 70 1 42 1 10 61 15 48 83 38 61 -1 10 70 76 -1 83 81 68 17 88 92 10 1 25 38 48 42 25 10 51 17 1 72 1 38 70 -1 42 38 81 -1 70 81 83 10 61 25 10 83 89 59 70 83 1 83 -1 10 1 70 61 51 10 92 51 101 83 -1 10 -1 1 51 48 17 10 51 10 89 51 10 61 83 76 15 15 59 73 70 81 83 25 
-1 37 0 17 -1 42 17 51 70 0 9 76 17 38 58 2 42 0 58 61 43 40 83 38 61 38 9 70 4 37 83 72 68 2 17 86 80 -1 -1 38 39 38 37 -1 70 37 38 72 9 38 70 38 42 38 39 70 -1 81 4 9 61 37 43 73 52 62 70 73 37 80 -1 9 4 70 0 70 28 4 70 28 -1 37 48 80 -1 62 4 0 10 46 9 65 17 45 61 28 54 15 46 38 73 70 2 39 28 
81 25 81 101 72 52 60 68 85 62 81 96 97 -1 47 97 52 81 62 104 97 97 83 72 60 13 52 52 104 81 -1 -1 31 81 60 86 32 81 25 54 54 52 52 62 81 72 62 30 86 38 104 81 -1 81 -1 81 81 -1 54 104 30 25 52 47 52 104 97 63 32 83 81 54 52 63 61 85 104 104 47 104 62 -1 97 30 25 -1 52 86 54 104 104 102 85 32 52 30 54 -1 30 72 36 30 52 30 -1 
45 45 83 101 -1 18 95 18 86 62 18 76 45 39 -1 83 40 45 -1 61 46 40 83 41 60 39 18 14 4 45 83 47 93 45 41 86 18 45 39 -1 39 -1 41 46 69 -1 41 14 40 39 101 39 42 39 39 83 4 54 -1 99 41 45 18 83 52 62 27 83 27 41 101 54 4 69 45 76 28 4 14 101 83 45 48 -1 56 62 4 45 41 46 18 102 18 45 41 -1 54 40 40 45 93 -1 101 39 28 
9 48 9 17 56 10 17 10 51 -1 -1 76 17 104 68 98 48 9 10 65 43 48 83 99 88 55 9 68 76 55 98 68 68 90 88 76 10 99 99 48 48 99 10 9 99 99 26 88 9 76 90 10 62 43 71 10 9 104 99 -1 88 65 9 88 62 -1 71 88 10 99 55 9 99 99 9 76 10 104 90 104 62 55 10 55 48 62 48 9 10 91 9 65 17 10 76 71 71 71 65 -1 93 93 48 36 65 
17 72 17 17 72 88 -1 88 85 88 88 88 17 57 47 72 98 6 58 61 61 97 83 72 -1 61 46 101 72 17 -1 47 47 17 -1 94 63 61 61 88 98 34 41 61 33 72 41 30 72 61 90 61 72 61 88 61 61 30 41 88 -1 -1 72 6 72 61 88 63 72 41 101 88 -1 61 61 88 88 72 33 101 83 57 98 30 72 57 72 17 -1 46 74 65 17 72 6 6 88 57 30 72 74 30 72 30 57 
74 25 53 87 56 42 60 51 51 53 55 94 25 25 42 25 42 25 42 -1 53 40 83 38 60 -1 42 42 94 37 60 57 68 53 60 94 94 -1 25 38 39 94 25 53 73 37 25 60 25 38 90 38 42 -1 88 25 37 25 45 65 -1 -1 53 94 52 19 42 94 25 73 53 53 60 53 -1 94 94 56 90 94 56 37 48 53 74 57 87 74 60 46 74 65 94 45 -1 60 88 25 60 45 74 60 53 60 25 
9 46 9 17 56 18 17 10 85 -1 9 76 17 57 58 43 48 9 -1 65 43 48 83 46 72 46 9 52 92 17 57 57 36 90 46 86 18 46 46 46 48 46 52 -1 80 46 -1 72 9 80 89 46 -1 43 52 10 43 52 18 9 72 53 -1 83 52 -1 71 83 10 80 56 9 52 53 9 85 10 92 90 102 -1 57 48 80 46 -1 18 9 10 46 9 65 18 10 46 54 54 57 46 26 36 58 52 83 65 
17 17 83 17 72 36 -1 88 73 88 88 94 17 57 47 83 36 6 36 94 94 40 83 72 60 83 36 47 94 17 47 47 36 17 6 94 -1 94 73 83 36 94 36 73 73 17 89 -1 36 83 73 73 72 73 88 83 73 47 83 88 6 94 83 -1 89 83 47 -1 36 36 73 88 47 -1 94 94 94 72 47 94 83 83 48 -1 17 57 94 17 -1 36 36 89 17 83 -1 6 88 17 36 69 36 47 83 36 89 
62 72 102 52 72 52 72 89 86 62 52 86 97 57 52 72 52 72 62 65 62 97 89 72 72 52 89 52 104 52 57 57 89 52 52 86 89 52 89 54 52 52 52 62 89 72 89 72 86 80 89 89 -1 62 52 89 52 52 52 62 72 52 52 89 -1 62 102 89 52 89 89 54 52 89 87 91 91 72 89 102 62 57 86 72 72 57 52 86 54 -1 89 89 86 72 52 54 54 57 89 72 89 102 52 89 89 
59 62 90 90 104 90 61 59 85 59 59 76 90 104 90 98 98 90 62 -1 62 98 91 99 61 61 59 62 104 59 98 104 68 90 61 86 90 61 62 98 98 62 62 62 90 99 62 98 59 80 90 91 62 61 62 59 62 104 62 -1 61 19 -1 83 62 -1 98 100 59 80 90 59 62 61 90 91 59 104 90 104 62 102 98 80 90 62 62 90 59 91 -1 -1 62 59 61 98 62 98 -1 59 90 98 91 98 -1 
71 68 102 27 58 42 27 82 70 71 68 96 97 97 27 97 42 27 42 98 97 97 102 42 88 42 71 -1 102 27 97 97 68 102 42 86 42 42 42 71 82 42 27 71 70 27 98 27 82 42 70 82 102 102 71 70 70 97 27 71 88 42 71 47 102 98 -1 63 27 68 27 -1 102 70 102 102 68 102 27 102 69 102 -1 102 68 97 82 102 71 102 71 102 27 101 42 71 71 -1 82 69 73 27 -1 47 97 
100 63 83 63 72 63 63 88 73 88 88 94 63 63 63 83 63 63 63 94 94 100 83 72 63 83 63 63 94 63 63 63 63 63 63 94 63 94 73 83 100 94 63 73 73 100 89 63 63 83 73 73 72 73 88 83 73 63 83 88 63 94 83 -1 89 100 63 -1 63 63 73 88 63 63 100 94 94 72 63 101 83 83 63 63 100 63 94 100 63 63 100 89 63 100 63 63 88 63 63 69 -1 100 83 63 89 
10 -1 15 27 72 10 17 -1 51 10 -1 76 17 25 27 1 36 1 10 61 15 48 83 69 72 1 10 -1 76 17 83 32 -1 17 69 76 32 1 25 38 48 69 27 10 69 17 1 27 1 76 70 7 42 73 88 1 37 32 27 10 72 25 10 36 52 59 27 63 -1 -1 27 10 1 69 84 76 10 72 27 101 69 37 -1 69 1 51 48 17 10 36 10 65 17 10 69 17 76 15 82 69 36 27 48 32 25 
80 68 83 68 58 36 41 68 51 68 68 76 44 42 58 68 36 44 36 73 46 40 83 41 60 42 99 68 58 83 83 36 36 44 41 94 -1 42 41 58 36 -1 41 46 -1 41 41 63 36 80 70 44 42 73 52 83 80 83 41 99 41 73 80 36 89 80 68 63 -1 -1 44 68 83 -1 100 51 68 58 44 101 -1 83 68 -1 68 80 36 44 41 36 36 89 51 83 41 58 54 68 36 -1 36 58 83 36 89 
2 55 -1 27 56 42 17 51 -1 2 55 76 17 55 27 2 33 2 86 61 15 97 83 56 101 55 9 -1 56 55 101 47 68 2 17 86 69 56 56 56 101 42 27 56 -1 17 55 27 51 56 -1 8 42 2 52 -1 -1 81 101 55 101 53 56 73 89 90 27 73 27 44 -1 66 55 -1 2 8 55 56 44 101 56 2 66 2 56 8 8 2 55 50 50 75 8 101 73 101 54 15 15 69 73 -1 2 83 89 
9 48 9 66 54 10 95 10 51 -1 9 96 97 57 66 97 48 9 62 65 43 97 83 54 88 48 9 66 54 17 57 57 57 90 88 86 10 48 54 54 48 46 54 9 51 17 26 57 9 54 90 48 54 43 -1 10 9 54 54 9 88 53 9 88 54 59 -1 88 10 68 66 -1 54 53 9 76 10 102 90 102 62 57 66 9 48 57 48 9 54 46 9 102 17 10 76 54 54 66 82 26 74 66 66 54 57 
17 -1 83 17 -1 52 60 68 86 48 55 76 17 25 47 1 48 1 58 61 15 48 83 -1 60 1 46 47 4 17 47 47 47 17 60 86 63 1 23 28 48 23 52 46 83 -1 1 -1 1 38 70 38 -1 38 52 1 4 52 4 99 -1 60 52 47 52 62 102 63 1 83 55 54 -1 63 61 76 28 4 47 28 83 37 48 -1 1 57 4 17 60 46 33 102 17 45 41 28 54 15 15 23 93 47 52 47 28 
53 69 53 70 70 63 63 51 70 53 69 94 44 53 63 53 44 44 62 61 53 100 83 53 61 53 99 70 53 70 63 63 63 44 63 94 63 61 53 53 100 69 69 53 -1 69 53 63 51 53 70 44 62 -1 88 70 70 63 69 99 61 53 53 -1 89 61 70 63 69 -1 -1 53 63 -1 100 70 94 70 44 101 69 53 69 63 70 70 70 100 63 51 44 75 51 100 63 63 88 53 44 69 -1 70 53 63 89 
-1 84 0 87 56 90 17 10 87 0 9 87 17 61 90 2 90 0 87 61 15 100 83 56 61 61 9 87 56 17 61 100 100 90 61 87 100 61 56 56 100 94 61 9 90 17 84 61 9 56 90 48 87 61 71 61 0 61 45 9 61 -1 9 94 87 90 102 100 84 100 2 9 61 100 -1 87 94 56 90 102 56 2 48 2 -1 62 87 -1 61 90 -1 90 17 100 61 17 71 15 90 26 -1 87 87 100 90 
70 51 70 70 76 76 94 51 -1 76 76 76 92 85 70 76 51 92 86 91 76 51 91 51 88 51 76 70 76 55 85 85 76 51 88 76 91 70 51 76 51 94 70 76 51 92 91 94 51 76 70 8 86 51 76 51 70 85 76 76 88 94 85 94 91 91 102 94 76 51 8 76 76 70 87 -1 -1 92 51 76 76 102 51 55 70 8 8 86 76 91 91 -1 8 76 76 76 76 76 91 76 73 70 91 76 76 
10 20 20 68 28 10 94 10 75 10 -1 -1 92 104 58 20 36 92 10 94 -1 40 83 49 88 49 10 68 -1 55 95 68 68 20 88 11 10 94 49 28 39 94 10 20 51 93 43 94 10 -1 70 10 42 43 39 10 28 104 28 10 88 94 10 94 91 59 68 94 10 68 55 10 28 94 94 -1 -1 28 90 28 49 55 10 55 20 75 28 10 10 91 10 75 28 10 -1 28 11 20 20 59 93 79 79 39 28 
56 72 92 92 -1 92 92 92 92 56 76 92 92 104 58 72 86 92 92 104 56 40 83 72 72 56 92 101 4 92 101 72 101 92 58 92 92 56 56 28 39 58 56 56 92 58 56 72 86 56 70 92 72 56 39 92 4 104 4 104 72 56 92 72 72 104 102 72 72 58 56 102 4 70 56 92 28 -1 58 -1 56 102 86 58 56 92 4 86 72 92 92 102 -1 101 92 28 92 92 101 58 101 79 79 39 79 
33 33 33 27 58 90 33 51 51 90 90 90 33 104 -1 33 33 33 58 90 33 40 83 51 60 33 90 14 58 33 47 47 36 -1 33 92 33 33 51 58 33 58 27 90 -1 33 33 14 33 51 90 44 42 33 58 51 70 47 14 90 33 90 90 47 89 90 27 63 27 44 44 90 47 44 90 51 90 58 -1 101 69 33 48 33 90 51 48 33 63 51 -1 90 33 40 33 58 58 33 33 69 73 27 33 47 90 
102 102 102 101 28 76 95 76 92 102 76 76 92 104 101 102 102 92 92 104 76 40 104 39 101 104 102 101 -1 92 101 104 101 102 95 92 104 102 39 28 39 101 101 56 101 101 104 101 102 76 101 92 102 102 39 101 28 104 101 104 101 94 102 94 102 104 102 101 101 101 101 102 28 101 102 76 28 -1 101 -1 56 102 102 101 56 104 28 102 54 104 104 102 28 101 76 28 54 102 101 101 101 -1 -1 39 -1 
56 56 83 56 56 62 83 69 70 62 62 76 56 49 83 83 69 56 62 65 56 93 83 49 83 49 62 69 56 56 83 103 69 69 69 76 69 56 49 49 93 69 56 56 69 56 62 83 62 -1 70 49 62 49 62 83 -1 62 83 62 83 56 -1 83 62 62 69 83 69 -1 56 62 83 69 56 76 49 56 69 56 -1 56 69 -1 56 62 56 56 83 62 62 65 62 83 69 83 62 62 62 69 69 70 62 83 65 
2 37 -1 17 56 42 17 55 55 2 55 76 17 57 42 2 33 2 42 61 15 97 83 42 60 55 9 42 102 37 57 57 57 2 17 86 33 -1 53 57 102 42 37 53 33 37 37 57 102 53 70 55 57 2 57 -1 37 -1 45 55 57 37 57 83 57 102 102 83 37 83 2 57 37 53 2 102 55 102 33 102 56 -1 102 2 37 57 57 102 55 55 33 102 17 45 61 57 57 57 15 45 73 102 -1 57 57 
48 48 98 66 86 10 48 -1 51 48 7 76 97 48 66 98 48 48 86 98 98 48 83 51 98 48 48 66 48 48 98 68 68 48 69 86 48 48 51 48 48 69 48 48 51 48 98 98 -1 51 70 7 86 48 71 10 48 97 48 10 98 48 48 48 86 98 -1 63 -1 68 66 66 48 69 48 51 10 86 48 102 69 102 -1 69 48 51 48 86 10 51 48 98 51 10 69 98 71 66 -1 69 48 66 48 98 98 
2 55 -1 17 58 55 63 55 55 2 55 76 17 55 58 2 33 2 58 61 15 93 -1 72 60 55 99 58 58 55 -1 103 93 2 58 94 63 55 53 58 93 58 55 53 69 58 55 30 55 80 70 55 72 2 57 -1 80 30 -1 55 30 53 80 -1 72 80 102 63 69 -1 2 9 -1 63 2 55 55 58 33 101 -1 2 69 -1 55 57 58 2 63 22 33 89 17 -1 63 30 57 15 30 69 93 30 2 -1 57 
56 -1 15 17 56 90 17 68 70 48 55 76 17 25 58 1 48 1 58 74 15 48 83 56 72 1 46 68 56 17 72 68 68 17 17 86 100 1 56 56 48 46 25 56 70 17 1 72 1 56 70 48 72 56 56 1 -1 25 56 48 72 74 46 17 72 90 68 100 1 68 56 48 1 70 -1 70 20 56 90 56 56 37 48 55 -1 62 48 74 55 46 74 89 17 100 74 17 56 15 15 45 74 70 48 56 25 
62 62 70 70 86 62 60 51 -1 62 62 76 97 57 57 97 51 92 62 65 62 97 83 51 60 57 62 70 92 55 57 57 57 51 60 86 57 81 51 57 51 62 57 62 51 62 62 57 51 80 70 8 57 62 57 51 62 -1 62 62 57 57 -1 57 57 62 97 63 51 80 8 57 57 70 62 8 75 92 51 104 62 57 51 57 62 -1 8 86 57 51 62 65 8 57 62 57 57 57 57 62 73 57 57 57 57 
87 48 70 87 -1 18 87 51 -1 48 18 35 87 57 58 48 48 87 -1 65 48 48 83 72 72 48 18 52 4 87 57 57 36 48 52 -1 18 48 51 28 48 52 52 48 51 58 48 72 -1 51 70 8 -1 48 52 48 4 52 4 48 72 87 18 94 52 62 82 94 48 36 8 48 4 70 87 8 28 4 48 28 56 57 48 58 48 8 -1 -1 54 51 18 75 -1 48 35 28 35 57 48 26 87 58 48 36 28 
-1 17 0 -1 86 86 17 10 86 0 9 86 17 25 27 2 33 -1 86 74 15 86 83 45 60 17 9 3 86 17 101 86 68 17 17 86 100 17 56 56 86 45 27 9 33 17 17 27 86 56 90 86 86 2 86 17 0 86 45 9 17 74 9 17 86 90 102 100 17 44 2 9 17 100 -1 86 10 86 33 102 56 102 86 2 74 86 -1 -1 10 102 74 102 17 45 17 17 86 17 15 45 74 3 -1 83 102 
10 55 83 34 72 10 34 10 51 10 -1 76 34 57 63 55 63 34 10 61 76 54 83 41 60 55 10 68 54 55 60 57 63 34 -1 94 63 61 54 54 54 34 10 10 73 41 41 63 10 76 70 10 54 61 -1 10 10 54 41 10 -1 60 10 -1 54 59 71 63 10 41 55 54 60 63 61 76 10 72 63 54 83 55 10 63 55 57 54 10 -1 63 10 65 18 10 63 54 54 57 60 59 63 60 54 54 57 
46 46 70 46 104 36 63 51 51 46 36 91 46 104 58 46 36 46 36 91 46 40 -1 46 60 46 46 70 104 55 83 36 36 36 46 92 -1 46 46 46 36 46 36 46 51 46 -1 63 51 46 -1 -1 64 46 64 51 46 104 46 91 46 46 46 36 -1 91 102 63 36 36 50 46 46 51 90 91 91 92 51 104 62 55 51 22 46 51 51 102 63 -1 50 -1 51 36 46 104 64 104 46 46 36 70 91 36 -1 
9 33 33 33 56 -1 33 10 70 -1 5 76 33 104 78 33 33 33 5 65 43 40 89 42 74 42 5 42 104 33 98 36 36 -1 33 86 5 42 42 40 33 42 5 9 33 33 26 78 9 76 -1 44 42 33 71 10 9 104 18 9 74 74 9 36 89 -1 71 100 10 36 50 9 33 44 -1 91 10 92 -1 104 62 33 48 33 74 62 18 74 10 50 -1 65 18 10 74 33 71 33 65 26 74 70 33 36 65 
102 89 102 102 76 89 89 89 75 65 65 76 102 104 90 98 89 102 65 65 76 98 89 89 65 65 89 102 76 89 98 89 89 90 89 76 89 102 89 76 98 89 102 65 89 89 89 89 102 76 89 89 102 102 102 89 65 102 102 65 65 65 65 89 89 -1 102 89 65 89 75 102 102 75 90 -1 75 102 90 102 65 102 98 89 89 65 75 102 65 -1 65 -1 75 102 76 76 76 102 65 65 89 102 -1 89 65 
17 17 17 17 28 18 17 51 -1 17 18 35 17 104 58 17 33 -1 -1 65 76 40 89 51 60 17 18 17 -1 17 95 85 36 17 17 -1 18 17 51 28 39 45 18 62 51 17 17 58 51 51 70 -1 86 17 39 51 17 85 18 17 17 94 18 17 86 62 27 63 17 51 8 17 17 51 17 8 28 -1 33 28 62 17 51 17 17 8 -1 17 18 51 18 75 -1 45 35 28 35 17 17 45 36 17 17 39 28 
10 45 83 101 58 10 45 10 101 10 -1 76 45 55 58 83 40 45 10 61 76 40 83 45 72 55 10 101 40 45 83 32 -1 40 45 76 32 45 40 40 -1 45 10 10 83 -1 45 32 40 76 101 10 72 83 40 10 45 32 45 10 72 45 10 83 72 59 101 100 10 83 101 10 45 100 100 76 10 101 40 101 83 45 10 -1 100 57 48 45 10 36 10 102 45 -1 45 58 54 40 40 45 -1 -1 101 83 101 
17 17 17 17 58 42 -1 76 76 76 76 35 17 61 58 76 42 6 58 61 76 42 83 41 60 61 46 42 76 17 60 63 63 17 6 -1 63 61 41 58 42 -1 41 46 69 41 41 63 86 76 73 92 42 61 88 61 61 52 41 76 6 -1 46 -1 52 61 42 63 69 41 73 76 41 63 61 76 -1 92 33 76 69 61 69 63 74 62 35 17 63 46 74 76 35 45 -1 6 35 17 46 41 63 58 17 63 76 
17 17 17 17 28 58 -1 76 92 71 76 76 17 57 58 98 98 6 58 61 76 40 83 58 60 17 58 58 -1 17 -1 47 47 17 6 92 63 58 39 28 39 58 54 56 33 58 58 30 17 76 101 92 54 17 -1 83 28 30 -1 71 6 60 54 6 54 98 71 63 17 58 101 54 28 63 17 76 28 28 58 28 83 57 98 30 17 57 28 17 54 104 33 76 28 58 6 -1 54 57 30 58 63 30 54 30 28 
71 72 81 54 54 54 95 76 76 71 76 -1 97 57 58 76 54 92 58 65 76 54 83 54 88 54 71 54 54 54 57 57 57 54 88 11 88 54 54 54 54 54 54 62 54 58 54 57 54 76 89 54 54 54 -1 76 54 54 54 71 88 88 54 88 54 62 71 88 76 54 54 54 54 88 71 76 11 92 58 54 62 57 71 57 56 57 35 86 54 64 71 76 35 54 35 54 -1 57 54 54 88 57 54 54 57 
15 15 15 17 72 57 17 82 85 71 55 76 -1 57 66 -1 40 12 62 98 15 -1 83 72 60 15 46 66 104 17 57 57 57 15 17 86 40 15 25 40 21 45 57 20 33 17 15 57 15 76 70 48 57 15 57 15 15 -1 40 71 57 25 57 17 57 98 -1 63 15 68 15 66 15 53 15 76 20 92 33 102 62 57 66 15 15 57 57 17 57 104 33 102 17 40 17 57 57 -1 15 45 93 57 66 57 57 
15 15 15 101 40 36 60 82 51 46 65 76 97 57 47 -1 -1 15 62 65 15 40 83 46 60 15 46 42 40 17 -1 47 36 16 46 86 16 15 46 40 -1 46 16 46 33 46 -1 30 16 46 89 46 42 15 40 15 46 30 40 65 30 60 46 36 89 -1 82 63 82 36 15 82 15 44 90 91 20 101 33 101 62 15 -1 30 15 57 48 15 60 46 65 65 17 40 46 30 54 15 -1 46 36 30 15 30 65 
26 45 45 45 58 26 45 59 51 26 59 76 45 38 58 45 69 45 26 65 43 93 83 -1 72 38 -1 69 39 45 83 69 69 45 41 92 69 45 23 38 93 23 26 26 69 -1 26 72 26 38 70 38 72 38 39 59 38 72 45 -1 72 45 26 69 72 59 69 69 69 -1 69 26 23 69 26 76 59 58 69 101 69 45 69 69 45 62 26 45 59 46 26 65 45 45 41 58 54 45 46 -1 69 58 45 69 65 
74 84 73 87 73 36 63 93 73 74 93 93 74 74 63 73 36 74 36 74 73 93 89 69 74 74 36 73 93 73 93 36 36 36 63 87 -1 74 73 93 93 69 36 73 73 93 89 63 36 73 73 73 42 73 88 73 73 36 93 93 74 74 36 36 89 90 73 -1 36 36 73 74 93 -1 -1 73 93 101 73 101 69 73 48 93 74 73 87 74 63 36 74 89 36 -1 63 63 88 93 36 69 -1 93 87 36 89 
17 17 70 -1 58 42 17 68 70 93 93 79 17 57 27 70 42 3 58 61 70 93 83 58 60 42 42 -1 79 17 -1 47 93 17 58 86 93 42 58 58 93 58 27 70 70 58 58 30 102 58 70 70 102 70 57 70 70 30 -1 93 30 60 58 47 102 98 27 100 27 58 -1 66 47 70 87 70 79 79 27 -1 70 102 66 30 70 57 58 3 60 70 70 102 17 -1 58 30 57 57 30 58 93 -1 -1 30 79 
2 48 -1 87 72 52 17 51 51 48 48 79 17 57 66 2 48 2 62 91 15 48 83 72 72 48 48 66 79 17 101 57 101 2 17 86 48 81 51 48 48 52 52 48 33 17 48 72 -1 51 70 48 -1 2 52 81 2 52 101 48 72 53 52 83 52 91 -1 83 48 83 2 66 52 53 87 91 79 79 33 -1 62 -1 48 2 48 57 48 -1 54 91 33 -1 17 101 17 54 54 66 15 45 87 -1 -1 83 79 
83 72 83 101 39 36 60 36 51 36 36 76 83 57 47 83 36 83 36 61 76 40 83 39 60 39 36 47 39 83 -1 -1 31 36 60 92 -1 42 39 -1 39 58 36 46 69 58 39 -1 36 39 89 39 54 39 39 83 39 30 39 36 30 60 83 36 89 98 47 63 32 36 83 54 47 63 100 76 39 39 47 39 83 57 98 -1 56 57 36 83 54 36 36 89 39 83 63 30 54 57 30 69 36 30 83 -1 39 
56 25 81 101 28 89 95 89 85 65 65 76 97 -1 57 97 89 92 65 65 76 97 89 38 60 13 89 101 -1 55 57 57 57 90 60 92 89 81 25 28 39 89 25 65 89 58 89 57 89 76 89 89 57 38 57 25 28 -1 28 65 57 25 65 89 89 -1 97 89 25 89 89 57 28 89 90 76 28 79 90 -1 65 57 98 57 25 57 28 102 57 -1 65 65 28 101 76 28 57 57 65 65 89 79 79 39 -1 
