107
1 46
-1 63 64 44 63 74 87 74 74 43 63 43 63 43 63 61 63 74 63 63 61 61 68 43 44 88 63 63 101 63 55 63 68 63 63 55 102 43 74 43 55 63 61 -1 43 61 70 63 65 61 101 55 44 61 74 43 63 63 89 61 43 -1 63 -1 43 43 74 63 -1 63 63 96 74 101 -1 63 61 44 63 68 63 43 88 68 52 76 61 63 68 68 79 102 63 74 61 63 63 43 43 63 79 -1 -1 65 43 74 96 
63 -1 40 52 62 47 87 57 28 57 27 59 63 57 29 27 52 80 49 27 49 52 28 81 52 32 63 -1 27 27 63 52 29 62 63 29 41 87 80 57 29 27 80 52 52 27 70 27 65 27 45 35 27 27 81 35 32 27 52 27 28 27 49 27 40 29 57 41 63 41 63 96 45 47 63 27 49 52 63 35 52 27 88 63 52 76 49 63 52 58 57 47 52 76 32 63 63 28 65 52 40 63 63 65 81 52 96 
64 40 -1 45 62 47 97 60 60 50 45 45 50 57 40 53 50 80 49 45 45 64 45 60 64 50 80 40 45 40 55 72 40 60 50 45 55 64 60 60 -1 64 60 64 64 -1 70 45 50 45 45 45 45 40 72 40 40 45 53 53 -1 64 49 45 -1 40 80 64 45 64 50 50 45 50 60 80 49 45 50 45 40 45 97 104 52 73 49 45 50 55 57 53 45 72 64 50 60 55 60 45 40 50 55 72 64 64 60 
44 52 45 -1 66 50 97 57 28 57 57 22 92 57 92 92 50 57 22 57 22 22 -1 44 44 50 92 52 22 32 55 72 22 57 50 55 55 44 57 57 55 55 22 44 -1 22 70 50 50 45 -1 55 44 55 72 -1 32 -1 52 92 28 94 92 50 44 44 57 92 22 22 50 50 -1 50 72 55 50 -1 92 55 50 22 97 50 92 73 49 28 50 55 57 55 -1 72 57 50 50 55 65 22 55 50 55 72 81 50 57 
63 62 62 66 -1 93 87 66 93 66 63 -1 92 11 62 59 80 66 20 66 11 20 20 62 66 56 62 62 22 62 11 56 56 62 30 55 34 13 13 62 80 67 80 37 66 62 70 73 93 62 73 55 80 59 66 30 11 66 62 11 93 62 -1 62 62 62 -1 62 22 20 11 67 93 66 93 62 93 20 92 94 66 59 88 62 92 73 62 63 62 75 66 80 62 -1 93 62 13 62 70 11 62 63 63 73 69 66 38 
74 47 47 50 93 -1 105 70 74 73 47 34 34 94 63 47 34 74 63 47 34 94 83 104 105 105 83 47 47 34 34 63 34 63 -1 55 34 55 74 57 55 105 74 55 105 47 70 -1 50 47 34 55 105 91 105 34 34 47 105 73 74 63 63 34 104 34 70 83 83 70 34 105 74 47 -1 34 93 50 34 83 34 34 88 -1 105 73 85 63 83 105 94 47 34 74 47 34 63 55 70 34 55 50 36 73 83 -1 91 
87 87 97 97 87 105 -1 87 87 87 87 87 105 87 97 87 105 97 87 87 97 87 87 97 97 105 87 87 87 97 97 87 105 87 87 97 97 87 87 97 97 105 87 97 97 87 98 105 87 87 105 97 105 97 87 97 87 87 105 97 87 87 87 87 97 97 87 105 88 105 98 98 87 87 97 105 105 97 105 88 97 97 97 105 105 88 88 -1 87 105 97 97 105 87 97 87 87 -1 97 87 88 87 105 87 97 -1 87 
74 57 60 57 66 70 87 -1 -1 57 57 70 70 57 97 57 70 57 96 57 70 42 28 57 57 96 70 57 8 57 70 42 94 57 70 57 70 57 8 57 57 57 8 57 57 57 70 57 57 57 57 57 28 58 38 57 70 -1 57 70 8 94 57 57 57 98 57 57 28 70 -1 96 57 57 8 57 70 57 70 90 38 57 97 70 52 73 85 28 52 57 57 57 57 74 57 70 8 28 70 70 57 28 70 73 70 52 38 
74 28 60 28 93 74 87 -1 -1 57 28 38 70 38 97 28 52 74 96 96 28 42 28 60 52 96 80 28 -1 28 38 42 28 57 70 32 83 38 -1 57 60 28 -1 60 52 28 70 28 57 96 96 81 28 58 38 97 32 7 52 38 -1 42 96 96 60 52 54 96 28 70 7 96 74 57 -1 80 93 97 70 68 38 28 97 74 52 73 88 28 52 58 57 80 38 74 38 70 -1 28 60 28 57 28 74 74 60 52 38 
43 57 50 57 66 73 87 57 57 -1 57 37 81 37 97 73 50 -1 106 57 81 94 81 81 44 50 80 57 57 65 37 57 81 57 50 81 106 -1 106 57 80 57 80 37 43 50 70 73 -1 76 48 81 57 106 81 43 37 -1 57 73 81 94 57 57 43 48 17 57 81 76 57 106 57 -1 17 57 48 57 81 90 17 -1 97 74 57 73 85 37 87 55 57 106 37 74 57 50 106 17 65 73 57 50 43 73 81 81 -1 
63 27 45 57 63 47 87 57 28 57 -1 57 81 57 29 27 47 57 63 -1 28 52 28 81 52 50 63 -1 -1 27 63 52 28 57 63 45 41 57 28 57 29 -1 28 52 52 -1 70 -1 50 27 45 81 -1 27 81 41 52 -1 52 81 28 63 63 -1 41 29 57 41 28 41 57 67 45 47 28 19 49 52 81 45 52 -1 88 41 52 73 49 28 52 58 57 47 52 72 47 63 19 28 81 28 57 28 41 72 81 41 57 
43 59 45 22 -1 34 87 70 38 37 57 -1 34 -1 62 59 34 66 20 57 -1 20 20 81 77 56 62 59 22 56 -1 56 56 62 30 55 34 13 13 57 55 67 21 37 77 22 70 73 37 20 34 55 56 59 38 30 -1 13 56 -1 38 21 4 20 43 98 4 56 22 20 -1 67 56 59 93 30 69 20 34 94 38 59 97 34 92 73 49 37 56 55 57 36 13 4 13 34 13 55 70 -1 55 96 36 73 69 34 38 
63 63 50 92 92 34 105 70 70 81 81 34 -1 92 92 81 34 81 63 81 81 92 81 81 92 105 63 63 81 34 34 92 34 92 -1 55 34 81 81 81 55 105 80 55 92 50 70 34 50 92 34 81 105 55 81 34 92 81 105 81 81 63 92 34 81 34 70 92 81 70 34 105 81 50 34 34 50 92 -1 94 34 -1 97 34 92 73 92 63 105 105 94 36 -1 94 81 34 63 81 70 81 55 50 36 65 81 -1 81 
43 57 57 57 11 94 87 57 38 37 57 -1 92 -1 92 59 80 37 96 57 11 94 20 43 44 96 80 57 38 94 11 92 94 57 30 94 34 -1 -1 57 80 57 38 37 43 57 70 94 37 92 57 94 57 58 38 30 11 -1 57 11 38 94 92 96 43 43 57 56 94 20 11 96 54 57 38 30 94 20 92 94 38 94 88 34 92 73 85 37 87 55 57 80 -1 94 -1 34 -1 43 70 11 57 96 43 73 94 54 38 
63 29 40 92 62 63 97 97 97 97 29 62 92 92 -1 29 32 97 62 75 97 62 32 97 65 32 62 29 97 -1 75 63 29 62 63 29 97 97 80 62 29 67 80 97 65 35 98 29 65 62 32 35 29 40 97 97 32 29 52 92 40 62 -1 62 40 29 62 62 32 62 98 67 45 66 97 62 62 97 92 35 40 97 97 62 92 76 62 63 62 75 79 53 62 62 32 62 63 -1 97 32 40 63 63 65 97 97 96 
61 27 53 92 59 47 87 57 28 73 27 59 81 59 29 -1 52 73 49 27 59 61 81 64 52 32 63 -1 27 27 59 52 29 58 63 29 91 59 59 58 53 27 61 61 52 27 70 27 65 27 73 81 27 -1 81 53 59 27 53 -1 53 -1 49 27 61 29 73 41 61 41 59 96 45 59 61 27 49 52 81 94 52 59 88 63 52 73 49 63 52 58 94 53 59 94 61 63 63 81 64 59 53 61 61 73 64 52 91 
63 52 50 50 80 34 105 70 52 50 47 34 34 80 32 52 -1 80 63 47 32 52 32 65 52 32 80 52 52 32 34 52 -1 58 -1 32 34 65 80 58 80 36 80 65 52 50 70 -1 50 50 -1 35 -1 58 80 34 32 47 52 73 50 63 63 34 65 -1 80 56 32 70 34 32 50 47 34 80 50 50 34 35 -1 32 88 34 52 73 88 52 52 55 94 47 34 80 32 34 32 52 65 32 80 50 36 65 83 52 80 
74 80 80 57 66 74 97 57 74 -1 57 66 81 37 97 73 80 -1 74 57 97 80 81 81 80 50 80 80 97 80 80 74 80 57 70 97 83 9 80 57 80 57 80 97 80 74 70 73 9 66 48 81 80 80 66 97 66 9 80 73 74 74 66 74 80 48 -1 80 74 70 66 98 74 9 -1 80 48 97 81 74 -1 9 97 74 80 73 85 37 80 80 57 80 37 74 57 80 74 -1 97 66 80 74 74 73 81 66 9 
63 49 49 22 20 63 87 96 96 106 63 20 63 96 62 49 63 74 -1 96 -1 20 20 63 77 96 63 49 22 49 20 63 22 62 63 49 63 87 96 62 49 63 21 63 77 49 70 63 76 -1 49 49 49 49 87 63 20 63 52 20 96 49 49 -1 61 49 20 62 22 20 20 96 49 50 63 62 49 20 63 49 63 22 88 63 52 76 49 63 63 63 63 106 62 76 21 63 -1 77 96 20 86 63 63 72 69 96 96 
63 27 45 57 66 47 87 57 96 57 -1 57 81 57 75 27 47 57 96 -1 96 94 28 57 52 96 63 10 10 27 75 52 94 57 63 45 41 57 57 57 80 10 80 52 52 10 70 10 57 27 45 81 10 27 66 57 52 -1 52 73 96 63 75 10 41 29 57 41 89 41 57 96 45 57 93 -1 93 57 81 90 75 10 88 41 52 73 49 28 52 75 57 47 57 75 57 63 -1 28 96 28 57 96 89 73 81 41 96 
61 49 45 22 11 34 97 70 28 81 28 -1 81 11 97 59 32 97 -1 96 -1 -1 -1 81 77 32 69 49 22 32 11 21 22 62 30 32 69 13 13 57 32 69 21 77 77 22 70 94 76 18 22 81 28 59 81 22 11 13 52 11 28 21 11 18 61 77 11 56 22 -1 11 96 22 59 28 30 69 -1 81 68 42 22 97 68 52 76 49 28 68 68 94 69 13 11 21 69 18 77 70 -1 79 28 61 72 69 69 96 
61 52 64 22 20 94 87 42 42 94 52 20 92 94 62 61 52 80 20 94 -1 -1 20 64 52 94 63 52 22 94 20 -1 94 62 63 94 63 94 42 94 64 64 -1 61 52 22 70 94 76 61 22 94 31 61 72 22 31 94 52 20 42 -1 61 31 61 52 80 56 22 20 20 67 31 94 42 80 61 20 92 94 42 94 88 63 52 76 61 63 52 58 94 80 31 94 -1 63 20 77 64 20 94 61 61 72 64 52 42 
68 28 45 -1 20 83 87 28 28 81 28 20 81 20 32 81 32 81 20 28 -1 20 -1 81 44 32 69 28 -1 32 20 99 -1 57 32 32 55 81 28 57 32 28 21 44 3 -1 70 28 50 45 3 81 28 40 81 3 32 3 52 81 28 21 49 20 45 32 57 56 -1 20 20 32 3 50 28 89 49 3 81 68 32 -1 88 68 52 73 49 28 68 68 57 47 3 72 32 34 20 28 81 -1 79 28 68 72 81 32 81 
43 81 60 44 62 104 97 57 60 81 81 81 81 43 97 64 65 81 63 57 81 64 81 -1 44 98 104 81 60 64 55 52 81 39 55 55 55 43 60 -1 64 64 60 -1 43 60 98 81 65 64 44 81 44 58 81 43 67 39 39 81 -1 64 39 43 -1 43 57 64 43 104 98 98 81 57 43 55 104 44 81 104 64 -1 97 104 52 73 100 43 52 55 57 55 81 94 81 55 60 43 -1 81 39 43 43 65 -1 64 81 
44 52 64 44 66 105 97 57 52 44 52 77 92 44 65 52 52 80 77 52 77 52 44 44 -1 50 80 52 52 65 55 52 44 44 50 55 55 44 80 44 55 52 80 44 -1 44 98 52 65 52 44 55 44 58 72 44 52 44 52 92 44 44 92 44 44 44 57 52 44 77 98 98 44 50 44 80 65 44 92 55 52 44 88 50 52 73 88 44 52 55 57 80 44 72 57 50 44 44 65 44 44 44 44 65 44 52 44 
88 32 50 50 56 105 105 96 96 50 50 56 105 96 32 32 32 50 96 96 32 94 32 98 50 -1 88 32 32 32 50 56 -1 71 50 32 50 88 96 57 32 105 96 50 50 50 70 32 50 50 -1 35 88 40 105 35 32 50 88 73 96 94 71 96 105 32 73 71 88 88 50 -1 50 50 96 96 50 50 105 35 32 32 88 50 88 73 88 88 -1 105 94 106 50 94 32 50 -1 88 71 32 88 50 105 73 79 -1 96 
63 63 80 92 62 83 87 70 80 80 63 62 63 80 62 63 80 80 63 63 69 63 69 104 80 88 -1 63 63 62 63 63 67 62 63 62 83 87 80 62 80 67 80 63 80 62 70 63 76 62 63 63 80 80 80 63 67 63 80 92 80 63 -1 -1 63 80 80 -1 83 -1 69 67 63 80 83 62 69 63 63 83 -1 63 88 -1 80 76 88 63 -1 75 63 80 62 62 63 -1 63 62 70 63 80 63 63 72 69 67 80 
63 -1 40 52 62 47 87 57 28 57 -1 59 63 57 29 -1 52 80 49 10 49 52 28 81 52 32 63 -1 10 -1 63 52 29 62 63 29 41 87 80 57 29 10 80 52 52 10 70 10 65 -1 45 35 -1 15 81 35 32 10 52 15 28 15 49 -1 40 29 57 41 63 41 63 96 45 47 63 19 49 52 63 35 52 10 88 63 52 76 49 63 52 58 57 47 52 76 32 63 63 28 65 52 40 63 63 65 81 52 96 
101 27 45 22 22 47 87 8 -1 57 -1 22 81 38 97 27 52 97 22 10 22 22 -1 60 52 32 63 10 -1 27 97 52 22 57 52 32 41 87 8 57 80 10 8 97 52 10 70 10 101 27 101 81 -1 58 87 97 32 10 52 81 8 63 63 10 41 52 57 41 22 22 8 96 22 47 8 19 49 97 81 68 52 10 97 68 52 73 88 -1 52 58 57 47 22 74 32 52 8 -1 97 22 57 -1 101 65 81 52 38 
63 27 40 32 62 34 97 57 28 65 27 56 34 94 -1 27 32 80 49 27 32 94 32 64 65 32 62 -1 27 -1 55 52 -1 62 32 -1 55 65 80 100 -1 27 80 65 65 35 98 27 65 27 32 35 27 40 72 35 32 27 52 27 40 27 14 27 40 -1 80 56 32 32 98 32 45 103 63 62 49 65 34 35 40 27 97 34 52 76 49 63 32 55 79 53 62 94 32 34 32 14 65 32 40 63 55 65 64 32 65 
55 63 55 55 11 34 97 70 38 37 63 -1 34 11 75 59 34 80 20 75 11 20 20 55 55 50 63 63 97 55 -1 56 34 75 -1 55 34 13 13 55 55 36 80 55 55 50 70 34 50 75 34 55 34 55 38 -1 11 13 89 11 55 63 75 34 55 34 11 56 83 20 11 50 55 50 34 -1 93 20 34 55 75 34 97 34 52 73 75 63 50 55 57 36 13 75 13 34 13 55 70 11 55 50 36 65 83 34 38 
63 52 72 72 56 63 87 42 42 57 52 56 92 92 63 52 52 74 63 52 21 -1 99 52 52 56 63 52 52 52 56 -1 56 63 63 56 63 87 72 58 80 52 21 52 52 72 70 52 52 52 52 56 -1 58 72 63 -1 52 52 92 42 21 63 -1 61 52 72 56 63 21 56 67 -1 92 72 63 93 -1 92 94 52 52 88 63 52 88 88 63 52 58 94 80 -1 72 21 63 63 77 97 -1 58 63 63 72 64 52 96 
68 29 40 22 56 34 105 94 28 81 28 56 34 94 29 29 -1 80 22 94 22 94 -1 81 44 -1 67 29 22 -1 34 56 -1 62 16 -1 34 94 80 94 29 67 80 55 22 22 70 16 50 29 16 35 16 40 81 35 -1 94 52 56 28 94 29 29 40 16 80 56 22 22 34 25 22 47 94 80 94 22 34 35 16 22 88 34 52 73 88 28 25 55 94 47 22 94 -1 34 25 28 65 22 40 28 36 65 79 25 96 
63 62 60 57 62 63 87 57 57 57 57 62 92 57 62 58 58 57 62 57 62 62 57 39 44 71 62 62 57 62 75 63 62 -1 63 62 63 43 57 -1 100 67 80 39 43 62 70 57 57 62 57 81 58 58 66 43 67 39 39 92 39 62 -1 62 39 43 57 62 63 62 57 67 57 57 63 62 62 57 92 100 62 39 88 62 92 73 62 63 62 58 57 58 62 62 57 62 63 62 39 62 39 63 63 73 39 58 57 
63 63 50 50 30 -1 87 70 70 50 63 30 -1 30 63 63 -1 70 63 63 30 63 32 55 50 50 63 63 52 32 -1 63 16 63 -1 55 -1 55 80 55 55 36 80 55 50 50 70 5 50 50 -1 55 16 55 70 -1 30 50 52 30 50 63 63 -1 41 16 70 41 83 70 -1 50 50 50 5 30 50 50 12 55 16 12 97 -1 52 73 50 63 50 55 57 36 12 74 32 -1 63 55 70 30 55 50 36 65 83 5 91 
55 29 45 55 55 55 97 57 32 81 45 55 55 94 29 29 32 97 49 45 32 94 32 55 55 32 62 29 32 -1 55 56 -1 62 55 -1 55 55 72 100 29 45 80 55 55 -1 70 32 50 45 45 -1 29 40 72 -1 32 45 89 81 45 49 29 29 40 29 57 56 79 104 55 32 45 50 72 55 49 55 55 -1 32 51 97 55 52 73 49 32 32 55 79 55 55 72 32 55 32 55 65 32 79 50 55 65 79 32 81 
102 41 55 55 34 34 97 70 83 106 41 34 34 34 97 91 34 83 63 41 69 63 55 55 55 50 83 41 41 55 34 63 34 63 -1 55 -1 55 91 55 55 -1 91 55 55 41 70 91 50 41 34 55 34 91 105 -1 67 41 89 34 55 63 63 34 41 34 70 41 83 41 34 67 55 50 83 34 69 55 34 55 91 34 97 -1 52 73 88 63 83 55 57 -1 34 83 91 34 63 55 70 34 55 50 -1 65 83 41 91 
43 87 64 44 13 55 87 57 38 -1 57 13 81 -1 97 59 65 9 87 57 13 94 81 43 44 88 87 87 87 65 13 87 94 43 55 55 55 -1 13 43 55 64 38 -1 43 50 70 73 9 61 48 55 44 55 87 43 13 9 43 13 43 43 87 87 43 43 17 56 43 20 13 96 87 9 17 30 48 44 81 94 17 9 88 55 92 73 88 -1 87 55 57 106 13 94 13 55 13 43 43 13 43 43 43 65 43 87 9 
74 80 60 57 13 74 87 8 -1 106 28 13 81 -1 80 59 80 80 96 57 13 42 28 60 80 96 80 80 8 80 13 72 80 57 80 72 91 13 -1 57 80 105 8 37 80 72 70 80 106 72 80 81 80 80 -1 80 13 13 80 13 8 94 80 80 80 80 54 80 28 80 8 96 54 57 8 80 80 20 81 94 -1 54 88 74 80 73 88 54 80 80 57 80 13 72 13 80 8 28 60 13 80 28 74 72 81 54 -1 
43 57 60 57 62 57 97 57 57 57 57 57 81 57 62 58 58 57 62 57 57 94 57 -1 44 57 62 57 57 100 55 58 94 -1 55 100 55 43 57 -1 100 57 57 23 43 57 70 57 57 62 57 81 58 58 66 43 57 -1 -1 73 23 64 33 57 23 43 57 62 89 104 57 98 57 57 43 57 57 57 81 100 58 23 88 104 58 73 100 43 58 58 57 58 57 94 57 62 57 43 23 57 -1 43 89 73 23 58 57 
55 29 -1 55 80 55 97 57 60 80 29 55 55 80 29 53 80 80 49 80 32 64 32 64 55 32 80 29 80 -1 55 80 29 100 55 29 55 55 80 100 -1 64 80 55 55 2 70 80 65 29 45 55 80 -1 80 -1 32 55 53 53 2 64 29 29 -1 29 80 64 89 64 55 32 45 80 80 80 49 55 55 100 -1 55 97 55 80 100 100 55 80 55 100 53 55 80 32 55 32 55 64 32 -1 50 55 65 64 64 80 
63 27 64 55 67 105 105 57 28 57 -1 67 105 57 67 27 36 57 63 10 69 64 28 64 52 105 67 10 10 27 36 52 67 67 36 45 -1 64 105 57 64 -1 28 64 52 10 70 10 76 27 36 55 10 64 105 36 67 10 52 81 64 64 67 10 -1 64 57 -1 83 -1 69 67 45 47 83 19 69 69 105 104 52 10 88 36 52 76 49 28 52 105 57 36 67 76 47 36 19 28 64 69 64 28 36 65 64 -1 91 
61 80 60 22 80 74 87 8 -1 80 28 21 80 38 80 61 80 80 21 80 21 -1 21 60 80 96 80 80 8 80 80 21 80 80 80 80 91 38 8 57 80 28 -1 60 80 22 70 80 80 61 80 80 80 80 38 80 31 8 80 21 8 21 80 31 61 80 80 80 22 21 8 96 31 80 8 80 61 21 80 94 -1 94 88 74 80 80 61 28 80 80 94 80 31 74 21 80 8 28 60 21 80 28 61 72 60 80 38 
-1 52 64 44 37 55 97 57 60 37 52 37 55 37 97 61 65 97 63 52 77 61 44 -1 44 50 63 52 97 65 55 52 55 39 55 55 55 -1 37 23 55 64 60 -1 -1 55 70 65 65 61 44 55 44 55 81 -1 37 37 39 81 23 0 63 0 -1 -1 97 64 0 64 55 98 44 37 0 55 65 44 55 55 52 23 97 55 52 73 61 37 52 55 57 55 37 74 37 55 37 -1 23 37 39 0 0 65 23 52 37 
43 52 64 -1 66 105 97 57 52 43 52 77 92 43 65 52 52 80 77 52 77 52 3 43 -1 50 80 52 52 65 55 52 22 43 50 55 55 43 80 43 55 52 80 -1 -1 22 98 52 65 52 3 55 -1 58 72 3 52 3 52 92 43 43 92 43 43 -1 57 52 22 77 98 98 3 50 43 80 65 -1 92 55 52 22 88 50 52 73 88 43 52 55 57 80 3 72 57 50 43 43 65 22 43 43 43 65 43 52 43 
61 27 -1 22 62 47 87 57 28 50 -1 22 50 57 35 27 50 74 49 10 22 22 -1 60 44 50 62 10 10 35 50 72 22 62 50 -1 41 50 72 57 2 10 22 55 22 -1 70 10 50 -1 -1 35 10 40 72 35 32 10 52 73 2 49 49 10 2 35 57 41 22 22 50 50 -1 50 72 19 49 22 50 35 40 10 88 50 52 73 49 28 50 55 57 47 22 72 32 50 19 28 60 22 40 50 41 72 64 41 50 
70 70 70 70 70 70 98 70 70 70 70 70 70 70 98 70 70 70 70 70 70 70 70 98 98 70 70 70 70 98 70 70 70 70 70 70 70 70 70 70 70 70 70 70 98 70 -1 70 70 76 70 70 70 70 70 70 70 70 70 70 70 70 70 70 70 98 70 70 83 70 -1 98 70 70 70 70 70 70 70 104 70 70 98 70 70 73 76 70 70 70 70 70 70 70 70 70 70 98 70 70 70 70 70 73 70 70 70 
63 27 45 50 73 -1 105 57 28 73 -1 73 34 94 29 27 -1 73 63 10 94 94 28 81 52 32 63 10 10 27 34 52 16 57 5 32 91 73 80 57 80 10 80 65 52 10 70 -1 50 27 16 81 10 91 73 34 32 10 52 73 28 94 63 10 41 16 73 41 83 41 34 32 45 -1 5 19 85 50 34 94 16 10 88 5 52 73 85 28 52 105 94 -1 73 94 -1 34 19 28 65 73 91 28 91 73 81 5 91 
65 65 50 50 93 50 87 57 57 -1 50 37 50 37 65 65 50 9 76 57 76 76 50 65 65 50 76 65 101 65 50 52 50 57 50 50 50 9 106 57 65 76 80 65 65 50 70 50 -1 76 -1 81 50 65 81 50 50 9 52 73 50 76 76 50 65 -1 17 71 50 76 50 50 50 9 17 93 -1 50 50 50 17 9 88 50 52 76 76 37 50 55 57 106 50 76 57 50 50 17 65 50 57 50 50 65 76 50 9 
61 27 45 45 62 47 87 57 96 76 27 20 92 92 62 27 50 66 -1 27 18 61 45 64 52 50 62 -1 27 27 75 52 29 62 50 45 41 61 72 62 29 27 61 61 52 -1 76 27 76 -1 45 45 27 27 72 45 67 27 52 27 45 -1 -1 18 61 29 62 62 45 76 76 67 45 50 61 62 -1 20 92 45 52 27 88 62 52 76 -1 63 86 75 94 47 62 76 61 62 18 62 64 20 86 50 61 72 64 52 96 
101 45 45 -1 73 34 105 57 96 48 45 34 34 57 32 73 -1 48 49 45 22 22 3 44 44 -1 63 45 101 32 34 52 16 57 -1 45 34 48 80 57 45 36 80 44 3 -1 70 16 -1 45 -1 45 16 45 72 3 32 3 52 73 45 49 49 34 45 16 73 71 22 70 34 25 3 -1 34 34 48 3 34 45 16 22 88 34 52 73 49 63 25 55 57 36 3 72 32 34 25 55 65 22 45 -1 36 73 83 25 48 
55 35 45 55 55 55 97 57 81 81 81 55 81 94 35 81 35 81 49 81 81 94 81 81 55 35 63 35 81 35 55 56 35 81 55 -1 55 55 81 81 55 55 80 55 55 35 70 81 81 45 45 -1 81 55 81 -1 35 55 89 81 81 94 35 55 55 35 81 55 79 104 55 35 45 81 55 55 49 55 81 35 55 -1 97 55 81 81 49 81 35 55 79 55 55 94 81 55 35 55 81 81 55 50 55 65 81 81 81 
44 27 45 44 80 105 105 28 28 57 -1 56 105 57 29 27 -1 80 49 10 28 31 28 44 44 88 80 -1 -1 27 34 -1 16 58 16 29 34 44 80 58 80 10 80 44 -1 10 70 10 50 27 16 81 -1 58 105 34 31 10 -1 27 28 27 49 10 41 16 80 41 88 41 34 88 31 47 28 80 49 31 105 88 -1 10 88 34 -1 88 88 28 -1 58 57 80 31 72 31 34 19 28 65 31 58 28 89 65 81 -1 80 
61 27 40 55 59 91 97 58 58 106 27 59 55 58 40 -1 58 80 49 27 59 61 40 58 58 40 80 15 58 40 55 58 40 58 55 40 91 55 80 58 -1 64 80 55 58 40 70 91 65 27 45 55 58 -1 80 40 40 58 -1 15 40 15 40 27 40 40 80 64 89 64 55 106 45 59 61 80 49 55 55 100 40 59 88 91 58 100 100 58 58 58 100 -1 59 80 61 55 106 55 58 59 -1 58 89 65 64 58 91 
74 81 72 72 66 105 87 38 38 81 81 38 81 38 97 81 80 66 87 66 81 72 81 81 72 105 80 81 87 72 38 72 81 66 70 72 105 87 -1 66 80 105 38 81 72 72 70 73 81 72 72 81 105 80 -1 72 72 66 105 81 38 87 66 87 81 103 -1 105 81 70 66 105 -1 66 72 80 93 72 81 94 38 -1 88 74 105 73 88 -1 87 105 66 80 38 72 81 70 38 81 70 72 66 87 105 72 81 -1 38 
43 35 40 -1 30 34 97 57 97 43 41 30 34 30 97 53 34 97 63 57 22 22 3 43 44 35 63 35 97 35 -1 63 35 43 -1 -1 -1 43 80 43 -1 36 80 -1 3 35 70 34 50 45 3 -1 34 40 72 -1 30 3 89 30 40 43 63 34 40 43 57 41 89 41 34 98 3 50 34 30 49 3 34 35 40 51 97 34 92 73 100 43 89 -1 57 36 3 72 35 34 63 -1 97 22 40 43 36 65 43 89 91 
63 32 40 32 11 34 87 70 32 37 52 -1 92 11 32 59 32 66 20 52 11 31 32 67 52 32 67 32 32 32 11 -1 -1 67 30 32 67 13 13 57 32 67 31 37 52 32 70 32 50 67 32 35 31 40 72 30 -1 13 52 11 32 31 67 31 67 32 11 -1 32 20 11 67 31 59 72 30 67 31 92 35 32 32 88 67 52 73 67 63 32 55 94 47 31 11 32 67 13 77 70 11 40 63 63 72 67 32 38 
63 27 45 -1 66 47 87 -1 7 -1 -1 13 81 -1 29 27 47 9 63 -1 13 94 3 39 44 50 63 10 10 27 13 52 94 39 50 45 41 9 13 -1 55 10 8 37 3 10 70 10 9 27 3 55 10 58 66 3 13 -1 39 73 8 94 39 10 39 44 -1 41 22 41 7 96 3 -1 8 19 48 3 81 90 66 9 88 41 52 73 85 28 52 55 -1 47 3 94 -1 50 13 17 39 13 39 28 41 73 39 41 9 
89 52 53 52 62 105 105 57 52 57 52 56 105 57 52 53 52 80 52 52 52 52 52 39 52 88 80 52 52 52 89 52 52 39 52 89 89 43 80 -1 53 52 80 39 52 52 70 52 52 52 52 89 -1 -1 105 89 52 39 -1 53 39 53 39 52 39 52 57 52 89 52 52 88 52 57 52 89 52 52 105 89 52 39 88 89 52 73 88 52 52 -1 57 53 52 89 57 52 52 52 39 52 39 52 89 65 39 52 91 
61 27 53 92 11 73 97 70 38 73 81 -1 81 11 92 -1 73 73 20 73 11 20 81 81 92 73 92 15 81 27 11 92 56 92 30 81 34 13 13 73 53 81 21 81 92 73 70 73 73 27 73 81 27 15 81 30 11 73 53 -1 81 15 92 27 61 103 73 56 81 20 11 67 81 -1 61 30 85 20 81 94 73 -1 97 104 92 73 85 81 52 55 73 53 -1 11 81 34 13 81 70 -1 53 73 61 73 81 81 73 
43 28 -1 28 93 74 87 8 -1 81 28 38 81 38 40 53 50 74 96 96 28 42 28 -1 44 96 80 28 8 40 55 42 28 39 50 45 55 43 8 23 2 64 8 23 43 2 70 28 50 45 45 81 28 40 38 40 32 8 39 81 -1 64 39 96 2 43 54 64 28 104 8 96 45 50 8 80 49 44 81 104 38 23 97 74 52 73 49 28 52 55 57 53 38 74 81 50 8 28 23 28 39 28 43 65 23 52 38 
-1 27 64 94 62 63 87 94 42 94 63 21 63 94 62 -1 63 74 49 63 21 -1 21 64 44 94 63 15 63 27 63 21 94 62 63 49 63 43 94 64 64 64 21 0 43 49 70 94 76 -1 49 94 27 15 87 43 31 94 53 15 64 -1 49 -1 -1 43 94 62 0 21 63 96 31 59 0 62 49 21 63 94 42 94 88 63 52 76 49 63 63 68 94 53 31 94 -1 63 63 43 64 21 53 0 0 65 64 64 96 
63 49 49 92 -1 63 87 57 96 57 63 4 92 92 -1 49 63 66 49 75 11 61 49 39 92 71 -1 49 63 14 75 63 29 -1 63 29 63 87 80 33 29 67 80 63 92 49 70 63 76 -1 49 35 49 40 66 63 67 39 39 92 39 49 -1 -1 61 29 4 -1 63 26 11 67 49 66 63 -1 49 63 92 35 26 63 88 26 92 76 49 63 26 75 57 80 -1 4 61 26 63 14 71 11 39 63 63 65 69 67 96 
-1 27 45 50 62 34 87 57 96 57 -1 20 34 96 62 27 34 74 -1 10 18 31 20 43 44 96 -1 -1 10 27 34 -1 29 62 -1 29 34 87 80 57 29 10 31 0 43 10 70 10 50 18 34 55 10 27 87 34 31 10 52 27 96 -1 -1 -1 61 29 57 26 0 26 34 96 31 47 0 62 49 31 34 68 26 10 88 26 52 73 49 -1 26 55 57 36 31 62 61 26 -1 28 70 31 40 -1 0 72 64 34 96 
43 40 -1 44 62 104 97 57 60 43 41 43 81 43 40 61 65 80 61 41 61 61 45 -1 44 105 63 40 41 40 55 61 40 39 41 40 41 43 80 23 -1 -1 61 -1 43 2 70 41 65 61 45 55 41 40 81 40 67 39 39 61 2 -1 61 61 -1 43 80 41 43 41 69 67 45 43 43 80 61 44 81 104 40 23 97 104 52 76 61 43 52 55 94 41 43 94 61 41 63 43 23 45 40 43 41 65 -1 41 43 
43 29 40 44 62 34 97 98 52 48 29 98 34 43 29 29 -1 48 49 29 77 52 32 43 44 32 80 29 52 -1 34 52 16 43 16 29 34 43 80 43 29 64 80 -1 -1 35 98 16 -1 29 16 35 16 40 103 43 32 44 52 103 43 43 29 29 43 -1 80 98 43 76 98 98 103 103 43 80 48 44 34 35 16 43 97 34 52 76 49 43 52 55 57 47 44 76 32 34 98 43 -1 32 40 43 43 -1 43 52 48 
74 57 80 57 -1 70 87 57 54 17 57 4 70 57 62 73 80 -1 20 57 11 80 57 57 57 73 80 57 57 80 11 72 80 57 70 57 70 17 54 57 80 57 80 97 57 57 70 73 17 62 73 81 80 80 -1 57 11 -1 57 73 54 94 4 57 80 80 -1 62 57 70 -1 98 54 -1 17 80 70 57 70 90 -1 54 97 70 80 73 85 54 80 80 57 80 57 4 57 70 57 17 70 11 57 73 70 73 70 54 17 
63 41 64 92 62 83 105 57 96 57 41 56 92 56 62 41 56 80 62 41 56 56 56 64 52 71 -1 41 41 56 56 56 56 62 41 56 41 56 80 62 64 -1 80 64 52 41 70 41 71 62 71 55 41 64 105 41 -1 41 52 56 64 62 -1 26 41 98 62 -1 83 26 56 -1 56 47 83 62 62 56 92 56 26 41 88 26 92 76 62 63 26 75 57 41 62 62 56 26 71 62 71 56 62 63 41 72 64 41 96 
-1 63 45 22 22 83 88 28 28 81 28 22 81 94 32 61 32 74 22 89 22 22 -1 43 44 88 83 63 22 32 83 63 22 63 83 79 83 43 28 89 89 83 22 0 22 22 83 83 50 45 22 79 88 89 81 89 32 22 89 81 28 0 63 0 43 43 57 83 -1 22 83 88 22 50 0 89 49 22 81 -1 83 22 88 -1 88 88 88 88 -1 -1 79 83 22 74 79 83 63 28 43 22 79 0 0 65 79 89 81 
63 41 64 22 20 70 105 70 70 76 41 20 70 20 62 41 70 70 20 41 -1 20 20 104 77 88 -1 41 22 32 20 21 22 62 70 104 41 20 80 104 64 -1 21 64 77 22 70 41 76 76 70 104 41 64 70 41 20 41 52 20 104 21 26 26 41 76 70 26 22 -1 -1 67 93 70 83 62 -1 20 70 104 26 104 88 26 52 76 76 63 26 105 104 41 62 76 21 26 20 77 70 20 104 63 41 73 -1 41 76 
63 63 50 50 11 34 98 -1 7 57 57 -1 34 11 98 59 34 66 20 57 11 20 20 98 98 50 69 63 8 98 11 56 34 57 -1 55 34 13 8 57 55 69 8 55 98 50 -1 34 50 76 34 55 34 55 66 34 11 7 52 11 8 63 11 34 69 98 -1 56 83 -1 -1 98 66 66 8 30 69 20 34 104 66 34 98 34 52 73 76 63 69 55 57 36 13 11 13 34 8 98 -1 11 55 50 36 73 69 34 38 
96 96 50 50 67 105 98 96 96 106 67 67 105 96 67 96 32 98 96 96 96 67 32 98 98 -1 67 96 96 32 50 67 25 67 50 32 67 96 96 98 32 67 96 98 98 50 98 32 50 67 25 35 88 106 105 98 67 96 88 67 96 96 67 96 67 98 98 -1 88 67 98 -1 50 50 96 67 50 98 105 35 67 98 88 67 88 73 88 88 25 105 94 106 67 67 32 67 -1 98 -1 32 88 96 67 98 98 25 96 
74 45 45 -1 93 74 87 57 74 57 45 56 81 54 45 45 50 74 49 45 22 31 3 81 44 50 63 45 22 45 55 -1 22 57 50 45 55 87 54 57 45 45 31 44 3 -1 70 45 50 45 3 45 31 45 -1 3 31 3 52 81 45 31 49 31 45 103 54 56 22 93 66 50 -1 103 -1 93 93 3 81 45 52 54 88 74 52 93 49 54 52 55 57 47 3 -1 93 50 63 55 103 31 45 50 74 -1 81 54 54 
101 47 50 50 66 47 87 57 57 -1 47 59 50 57 66 59 47 9 50 57 59 94 50 57 50 50 80 47 47 103 50 92 47 57 50 50 50 9 57 57 80 47 80 37 50 50 70 -1 9 50 -1 81 47 59 66 50 59 -1 57 -1 50 59 66 47 43 103 -1 47 50 70 66 50 103 -1 17 57 85 50 50 90 66 9 88 47 92 -1 85 37 50 55 57 47 59 66 47 50 50 17 70 59 57 50 50 -1 81 47 9 
-1 63 60 72 93 -1 97 8 -1 17 28 93 34 38 97 61 34 -1 63 93 28 42 28 43 44 96 83 63 8 63 34 72 94 63 5 72 83 17 8 43 80 83 8 0 43 72 70 5 17 61 34 55 28 61 72 34 72 8 52 61 8 0 63 0 43 43 17 83 0 83 8 96 -1 17 -1 93 93 72 34 68 17 17 97 -1 52 93 61 28 68 68 94 47 72 -1 93 34 8 17 97 72 79 0 0 72 83 5 17 
63 27 80 55 62 34 105 57 80 57 19 30 34 30 62 27 80 80 62 -1 30 80 89 55 80 96 62 19 19 62 -1 63 80 62 30 55 34 30 80 57 80 19 80 55 80 19 70 19 93 62 34 55 80 80 80 30 30 19 89 30 80 62 -1 62 80 80 80 62 89 62 30 67 93 57 93 -1 93 30 34 89 -1 19 88 34 80 93 62 63 62 -1 57 80 62 -1 93 34 19 55 70 30 80 63 89 93 69 89 80 
61 49 49 50 93 93 105 70 93 48 49 69 50 94 62 49 50 48 49 93 69 61 49 104 65 50 69 49 49 49 93 93 94 62 50 49 69 48 80 57 49 69 61 65 65 49 70 85 -1 -1 48 49 49 49 93 49 67 48 52 85 49 49 49 49 61 48 70 62 49 -1 69 50 93 85 93 93 -1 69 50 94 69 48 88 69 52 -1 49 48 69 93 94 69 62 -1 93 69 49 48 65 69 86 50 61 65 69 69 48 
44 52 45 -1 20 50 97 57 97 57 52 20 92 20 97 52 50 97 20 57 -1 20 3 44 44 50 63 52 97 65 20 -1 22 57 50 55 55 44 20 57 55 69 21 44 -1 22 70 50 50 20 3 55 31 55 72 3 31 3 52 20 44 21 63 31 44 44 57 56 22 20 20 98 3 50 72 30 69 -1 92 55 52 97 97 50 52 73 49 63 52 55 57 55 3 72 21 50 20 -1 97 20 55 50 44 65 69 52 57 
63 63 50 92 92 34 105 70 70 81 81 34 -1 92 92 81 34 81 63 81 81 92 81 81 92 105 63 63 81 34 34 92 34 92 12 55 34 81 81 81 55 105 80 55 92 50 70 34 50 92 34 81 105 55 81 34 92 81 105 81 81 63 92 34 81 34 70 92 81 70 34 105 81 50 34 34 50 92 -1 94 34 12 97 34 92 73 92 63 105 105 94 36 12 94 81 34 63 81 70 81 55 50 36 65 81 12 81 
68 35 45 55 94 83 88 90 68 90 45 94 94 94 35 94 35 74 49 90 68 94 68 104 55 35 83 35 68 35 55 94 35 100 55 -1 55 94 94 100 100 104 94 55 55 35 104 94 50 45 45 35 88 100 94 35 35 90 89 94 104 94 35 68 104 35 90 56 -1 104 104 35 45 90 68 89 94 55 94 -1 100 94 88 68 88 100 100 88 68 68 -1 94 94 94 -1 55 94 55 104 68 -1 68 68 65 -1 89 90 
63 52 40 50 66 34 97 38 38 17 52 38 34 38 40 52 -1 -1 63 75 42 42 32 64 52 32 -1 52 52 40 75 52 16 62 16 32 91 17 -1 58 -1 52 -1 52 52 40 70 16 17 52 16 55 -1 40 38 40 32 66 52 73 38 42 26 26 40 16 -1 26 83 26 66 67 52 66 17 -1 69 52 34 100 -1 17 88 26 52 73 88 52 26 75 66 -1 38 75 32 26 38 17 65 52 40 50 89 65 64 52 38 
43 27 45 22 59 34 97 57 28 -1 -1 59 -1 94 97 59 32 9 22 10 22 94 -1 -1 44 32 63 10 10 27 34 52 22 39 12 51 34 9 54 23 55 10 94 23 22 10 70 10 9 27 22 -1 10 59 -1 51 32 9 39 -1 23 94 63 10 23 43 54 41 22 104 34 98 54 9 17 19 48 97 12 94 17 -1 97 104 52 73 49 54 52 55 94 47 12 94 -1 34 19 -1 23 22 39 28 36 72 -1 12 9 
88 88 97 97 88 88 97 97 97 97 88 97 97 88 97 88 88 97 88 88 97 88 88 97 88 88 88 88 97 97 97 88 88 88 97 97 97 88 88 88 97 88 88 97 88 88 98 88 88 88 88 97 88 88 88 97 88 88 88 97 97 88 88 88 97 97 97 88 88 88 98 88 88 88 97 88 88 97 97 88 88 97 -1 88 88 88 88 88 -1 88 88 88 88 97 97 88 88 -1 97 88 88 97 88 97 97 88 96 
68 63 104 50 62 -1 105 70 74 74 41 34 34 34 62 63 34 74 63 41 68 63 68 104 50 50 -1 63 68 34 34 63 34 62 -1 55 -1 55 74 104 55 36 74 55 50 50 70 5 50 62 34 55 34 91 74 34 67 41 89 104 74 63 26 26 104 34 70 26 -1 26 34 67 74 47 -1 34 69 50 34 68 26 104 88 -1 52 73 88 63 26 68 79 36 34 74 47 26 63 55 70 68 79 50 36 74 -1 5 91 
52 52 52 92 92 105 105 52 52 57 52 92 92 92 92 52 52 80 52 52 52 52 52 52 52 88 80 52 52 52 52 52 52 92 52 52 52 92 80 58 80 52 80 52 52 52 70 52 52 52 52 81 -1 58 105 92 52 52 52 92 52 52 92 52 52 52 80 92 88 52 52 88 52 92 52 80 52 52 92 88 52 52 88 52 -1 88 88 52 52 58 57 80 -1 72 92 52 92 52 65 52 58 52 89 65 81 52 80 
76 76 73 73 73 73 88 73 73 73 73 73 73 73 76 73 73 73 76 73 76 76 73 73 73 73 76 76 73 76 73 88 73 73 73 73 73 73 73 73 100 76 80 73 73 73 73 73 76 76 73 81 88 100 73 73 73 73 73 73 73 76 76 73 76 76 73 76 88 76 73 73 93 -1 93 93 -1 73 73 100 73 73 88 73 88 -1 -1 88 86 88 73 73 73 76 73 73 73 73 73 73 86 73 73 73 76 73 73 
61 49 49 49 62 85 88 85 88 85 49 49 92 85 62 49 88 85 49 49 49 61 49 100 88 88 88 49 88 49 75 88 88 62 50 49 88 88 88 100 100 49 61 61 88 49 76 85 76 -1 49 49 88 100 88 100 67 85 88 85 49 49 49 49 61 49 85 62 88 76 76 88 49 85 61 62 49 49 92 100 88 49 88 88 88 -1 -1 88 -1 88 100 100 62 76 61 88 49 88 88 49 -1 50 61 85 100 88 85 
63 63 45 28 63 63 -1 28 28 37 28 37 63 37 63 63 52 37 63 28 28 63 28 43 44 88 63 63 -1 63 63 63 28 63 63 32 63 -1 54 43 55 28 28 37 43 28 70 28 37 63 63 81 28 58 -1 43 63 28 52 81 28 63 63 -1 43 43 54 63 88 63 63 88 54 37 28 63 48 63 63 88 52 54 88 63 52 88 88 -1 -1 88 57 47 37 72 37 63 63 6 97 28 88 28 63 72 81 6 37 
68 52 50 50 62 83 87 52 52 87 52 56 105 87 62 52 52 80 63 52 68 52 68 52 52 -1 -1 52 52 32 50 52 25 62 50 32 83 87 80 58 80 52 80 52 52 50 70 52 50 86 25 35 -1 58 87 89 32 52 52 52 52 63 26 26 52 52 80 26 -1 26 69 25 52 50 68 62 69 52 105 68 26 52 -1 26 52 86 -1 -1 -1 68 79 80 52 62 32 26 25 82 71 52 86 50 68 65 69 25 96 
68 58 55 55 75 105 105 57 58 55 58 55 105 55 75 58 55 80 63 75 68 58 68 55 55 105 75 58 58 55 55 58 55 58 55 55 55 55 80 58 55 105 80 55 55 55 70 105 55 75 55 55 58 58 105 -1 55 55 -1 55 55 68 75 55 55 55 80 75 -1 105 55 105 55 55 68 -1 93 55 105 68 75 55 88 68 58 88 88 88 68 -1 79 55 55 75 79 55 75 55 97 68 55 68 -1 65 79 -1 80 
79 57 57 57 66 94 97 57 57 57 57 57 94 57 79 94 94 57 63 57 94 94 57 57 57 94 63 57 57 79 57 94 94 57 57 79 57 57 57 57 100 57 94 57 57 57 70 94 57 94 57 79 57 100 66 57 94 -1 57 73 57 94 57 57 94 57 57 57 79 104 57 94 57 57 94 57 94 57 94 -1 66 94 88 79 57 73 100 57 79 79 -1 94 57 94 -1 57 57 94 57 57 79 57 79 73 79 57 57 
102 47 53 55 80 47 97 57 80 106 47 36 36 80 53 53 47 80 106 47 69 80 47 55 80 106 80 47 47 53 36 80 47 58 36 55 -1 106 80 58 53 36 80 55 80 47 70 -1 106 47 36 55 80 -1 80 36 47 47 53 53 53 53 80 36 41 47 80 41 83 41 36 106 47 47 47 80 69 55 36 94 -1 47 88 36 80 73 100 47 80 55 94 -1 36 80 47 36 106 55 65 59 53 106 36 73 83 41 -1 
63 52 45 -1 62 34 105 57 38 37 52 13 -1 -1 62 59 34 37 62 57 13 31 3 81 44 50 62 52 22 62 13 -1 22 62 12 55 34 13 13 57 55 67 31 37 3 22 70 73 50 62 3 55 31 59 38 3 31 3 52 -1 38 31 -1 31 43 44 57 62 22 62 13 67 3 59 72 62 62 3 12 94 38 12 88 34 -1 73 62 37 52 55 57 36 -1 62 13 34 13 55 65 31 55 50 36 72 81 12 38 
74 76 72 72 -1 74 87 74 74 74 72 4 94 94 62 94 80 74 76 75 11 94 72 94 72 94 62 76 74 94 75 72 94 62 74 72 83 94 72 94 80 76 74 74 72 72 70 94 76 76 72 94 72 80 72 72 11 94 89 11 74 94 4 62 94 76 4 62 74 76 11 67 -1 66 -1 -1 -1 72 94 94 75 94 97 74 72 76 76 72 62 75 94 80 62 -1 -1 62 74 74 70 11 94 74 74 72 76 72 72 
61 32 64 57 93 47 97 57 38 57 47 13 81 -1 32 61 32 57 21 57 21 -1 32 81 57 32 63 32 32 32 13 21 -1 57 32 32 91 13 13 57 32 47 21 37 57 32 70 -1 57 61 32 81 31 61 81 35 32 -1 57 81 81 -1 61 61 61 32 57 56 79 21 13 32 93 47 93 93 93 21 81 -1 32 -1 97 47 92 73 61 37 32 79 -1 47 13 -1 -1 34 13 81 81 13 79 61 61 73 79 32 38 
63 63 50 50 62 34 87 70 70 50 63 34 34 34 62 63 34 80 63 63 69 63 34 55 50 50 -1 63 52 34 34 63 34 62 -1 55 34 55 80 62 55 36 80 55 50 50 70 34 50 62 34 55 34 55 70 34 67 50 52 34 50 63 26 26 41 34 70 26 83 26 34 67 50 50 34 34 69 50 34 55 26 34 88 26 52 73 88 63 26 55 57 36 34 62 34 -1 63 55 70 34 55 50 36 65 69 34 80 
63 63 60 50 13 63 87 8 -1 106 19 13 63 -1 63 63 32 74 -1 -1 18 20 20 60 44 -1 63 63 8 32 13 63 25 63 63 32 63 13 8 57 32 19 8 37 43 19 70 19 50 18 25 35 19 106 38 63 13 13 52 13 8 63 63 -1 63 98 57 71 63 20 8 -1 63 50 8 19 49 20 63 94 38 19 88 63 92 73 49 63 25 75 57 106 13 74 13 63 -1 28 71 13 57 -1 63 72 60 25 -1 
43 28 55 55 62 55 -1 28 28 17 28 55 81 43 -1 81 52 -1 77 28 77 77 28 43 44 88 62 28 -1 14 55 77 28 62 55 55 55 43 28 43 55 28 28 -1 43 28 98 28 17 62 55 55 28 55 81 -1 77 17 52 81 28 43 14 28 43 43 17 62 28 77 98 98 55 17 17 55 48 -1 81 55 17 -1 -1 55 52 73 88 6 82 55 94 55 55 74 81 55 28 -1 -1 28 55 28 43 65 81 6 17 
43 65 60 65 70 70 97 70 60 65 81 70 70 70 97 64 65 97 96 96 70 64 81 -1 65 71 70 65 97 65 70 97 65 39 70 65 70 43 60 23 64 64 60 23 65 60 70 65 65 64 65 81 65 58 70 97 70 39 39 70 23 64 71 70 23 -1 70 71 43 70 -1 -1 103 70 97 70 65 97 70 104 65 23 97 70 65 73 88 97 71 97 57 65 65 70 81 70 71 -1 -1 70 39 96 43 65 23 71 96 
63 52 45 22 11 34 87 70 28 73 28 -1 81 11 32 59 32 66 20 28 -1 20 -1 81 44 32 63 52 22 32 11 -1 22 62 30 32 34 13 13 57 32 69 21 37 22 22 70 73 50 20 22 81 31 59 72 22 11 13 52 -1 28 21 11 31 45 32 11 56 22 20 11 32 31 59 72 30 69 20 81 68 52 22 88 68 52 73 49 28 52 68 57 59 31 11 13 34 13 28 70 -1 59 28 63 72 69 52 38 
79 40 40 55 62 55 88 57 57 57 57 55 55 57 40 53 80 80 86 57 79 94 79 39 44 88 80 40 57 40 55 58 40 39 55 79 55 43 80 -1 -1 64 80 39 43 40 70 91 57 86 45 55 58 -1 66 40 40 39 39 53 39 53 39 40 40 40 57 62 79 104 55 88 45 57 79 80 86 55 55 -1 40 39 88 79 58 86 -1 88 86 55 79 53 55 94 79 55 57 55 39 59 -1 79 55 65 79 58 91 
-1 63 50 50 63 50 87 28 28 50 28 96 50 96 63 61 50 74 63 96 28 61 28 43 44 50 63 63 -1 63 50 63 28 63 50 50 50 43 28 43 50 28 28 0 43 50 70 28 50 50 -1 50 28 58 87 43 63 28 52 73 28 0 63 -1 43 43 73 63 0 63 50 96 50 50 0 63 50 50 50 68 50 28 97 50 52 73 50 28 50 68 57 106 50 74 61 50 -1 28 96 28 79 -1 0 73 43 50 96 
-1 63 55 55 63 36 105 70 74 43 41 36 36 43 63 61 36 74 63 89 61 61 68 43 44 105 63 63 101 55 36 63 36 63 36 55 -1 43 74 89 55 36 61 0 43 41 70 91 50 61 36 55 89 89 105 36 63 41 89 61 43 0 63 0 41 43 70 41 0 41 36 67 74 50 0 89 61 44 36 68 89 36 88 36 89 73 61 63 68 -1 79 36 36 74 61 36 63 43 43 63 55 0 -1 65 83 89 91 
65 65 72 72 73 73 87 73 74 73 72 73 65 73 65 73 65 73 72 73 72 72 72 65 65 73 72 65 65 65 65 72 65 73 65 65 65 65 72 73 65 65 72 65 65 72 73 73 65 72 73 65 65 65 72 65 72 73 65 73 65 65 65 72 65 -1 73 72 65 73 73 98 -1 -1 72 93 65 65 65 65 65 72 97 74 65 73 85 72 65 65 73 73 72 72 73 65 72 65 65 72 65 73 65 -1 65 72 73 
43 81 64 81 69 83 97 70 60 81 81 69 81 94 97 64 83 81 69 81 69 64 81 -1 44 79 69 81 81 64 83 64 79 39 83 79 83 43 81 23 64 64 60 23 43 64 70 81 76 64 83 81 81 64 81 43 67 39 39 81 23 64 69 64 -1 43 70 64 79 -1 69 98 81 81 83 69 69 69 81 -1 64 -1 97 -1 81 76 100 81 69 79 79 83 81 76 79 69 60 81 23 69 79 43 83 65 -1 64 81 
74 52 64 50 66 -1 -1 52 52 81 41 34 -1 54 97 52 52 66 96 41 69 52 32 64 52 -1 67 52 52 32 34 52 25 58 5 32 41 87 54 58 64 -1 80 52 52 41 70 5 50 52 25 81 -1 58 -1 89 32 41 52 81 52 64 67 34 41 52 54 41 89 41 34 25 54 47 5 89 69 52 12 89 52 12 88 5 52 73 88 6 25 -1 57 41 12 72 32 34 25 6 71 52 58 50 89 72 64 -1 54 
96 96 60 57 38 91 87 38 38 -1 57 38 81 38 96 91 80 9 96 96 96 42 81 81 44 96 80 96 38 65 38 96 96 57 91 81 91 9 -1 57 80 91 38 37 43 50 70 91 9 96 48 81 80 91 38 91 38 9 91 73 38 96 96 96 43 48 17 96 81 76 38 96 54 9 17 80 48 57 81 90 38 9 96 91 80 73 85 37 96 80 57 -1 38 72 38 80 -1 17 96 38 91 96 91 73 81 54 -1 
