86
2 85
-1 58 58 58 39 39 58 58 53 58 39 39 48 41 42 51 53 53 53 35 39 58 49 41 39 58 53 84 70 53 41 53 39 38 37 -1 53 35 37 -1 39 -1 39 53 41 53 39 39 35 35 39 39 49 -1 48 58 48 53 -1 42 39 41 58 67 49 39 39 58 39 39 35 39 35 41 53 53 48 48 39 58 37 41 50 53 39 40 
58 -1 -1 58 62 -1 58 58 -1 8 78 2 9 30 2 36 44 5 36 70 11 58 83 58 5 -1 83 2 70 78 5 8 69 2 54 58 8 38 17 24 58 24 14 25 -1 33 73 25 47 47 30 58 78 8 25 58 75 83 -1 58 24 36 -1 5 11 11 78 58 17 44 -1 11 53 5 8 5 83 82 -1 58 62 25 25 -1 25 58 
58 -1 -1 42 62 1 58 58 1 14 65 -1 14 33 -1 65 44 5 36 70 11 33 46 58 5 1 20 -1 33 78 5 8 33 -1 65 38 8 38 33 20 58 42 14 25 1 33 20 11 47 47 47 65 78 8 25 58 48 26 1 42 27 33 1 5 11 11 78 58 17 33 1 11 53 5 8 5 65 64 1 33 62 25 25 1 27 56 
58 58 42 -1 42 58 58 58 12 12 42 64 -1 79 42 51 58 42 58 48 42 58 59 58 42 58 59 65 42 58 12 12 79 42 51 48 51 51 42 42 58 42 -1 42 58 42 59 42 12 52 42 -1 12 58 48 58 48 59 -1 -1 30 58 58 42 12 51 79 58 79 79 58 31 48 79 79 65 48 48 42 -1 51 42 42 58 42 56 
39 62 62 42 -1 24 50 40 24 24 24 47 48 30 47 80 62 24 82 70 39 32 49 41 -1 47 39 62 70 40 24 24 24 62 80 39 82 51 63 24 24 24 39 24 62 71 39 24 47 47 39 39 49 24 24 82 48 39 62 42 24 63 -1 62 47 24 24 63 24 82 62 62 66 24 24 24 80 82 24 32 62 41 62 62 39 40 
39 -1 1 58 24 -1 50 58 -1 8 24 2 9 30 2 36 44 -1 36 70 39 30 73 41 -1 1 43 2 70 78 -1 8 24 2 54 75 8 38 17 24 24 24 38 17 1 36 73 17 47 47 30 39 73 8 17 58 75 43 1 73 24 63 1 -1 81 17 24 17 17 30 1 31 75 -1 8 -1 31 48 1 73 62 73 25 1 17 75 
58 58 58 58 50 50 -1 -1 58 58 40 50 48 21 50 65 58 50 58 37 50 7 76 58 50 50 83 65 70 40 50 76 21 21 -1 37 76 34 37 50 7 50 50 21 50 76 76 50 7 50 -1 37 34 58 34 58 48 59 -1 58 50 76 58 67 77 34 40 58 40 82 58 76 37 50 58 50 -1 34 52 58 34 34 50 76 7 40 
58 58 58 58 40 58 -1 -1 58 58 40 48 48 21 48 65 58 84 58 48 84 -1 76 40 40 84 43 84 33 40 21 58 21 21 6 48 61 34 84 84 -1 40 58 21 58 33 21 48 -1 48 6 58 34 58 48 58 48 59 -1 58 84 21 58 61 48 21 40 58 40 21 58 84 48 30 58 56 6 48 40 21 40 34 32 58 -1 40 
53 -1 1 12 24 -1 58 58 -1 -1 24 2 9 30 9 36 44 -1 36 70 53 61 76 58 5 1 53 2 70 44 5 -1 69 2 54 53 -1 38 17 24 61 24 14 17 -1 36 73 17 12 47 30 36 12 -1 17 44 75 53 1 12 24 36 1 5 12 17 68 17 17 44 1 31 53 5 -1 5 31 76 1 68 36 25 36 1 17 61 
58 8 14 12 24 8 58 58 -1 -1 78 14 -1 30 -1 36 58 8 36 48 60 30 76 58 8 8 53 14 33 58 -1 -1 30 14 52 48 8 38 17 42 58 30 14 17 8 36 30 14 12 47 30 12 12 8 17 58 48 53 -1 12 30 36 8 8 12 17 78 58 17 30 8 31 53 30 8 30 31 48 14 12 76 41 36 8 17 56 
39 78 65 42 24 24 40 40 24 78 -1 65 78 32 78 65 40 65 40 39 39 32 76 40 -1 47 39 65 78 40 24 76 -1 32 65 39 61 51 42 -1 -1 24 39 78 69 61 39 24 40 47 39 39 78 39 65 82 75 39 39 42 24 40 24 24 65 -1 -1 65 -1 32 78 65 66 24 68 65 65 65 -1 32 40 41 32 76 39 40 
39 2 -1 64 47 2 50 48 2 14 65 -1 64 33 2 65 78 47 65 48 -1 65 46 78 47 47 20 2 33 78 47 71 65 2 65 48 65 65 33 20 65 47 14 71 2 71 20 -1 47 47 47 65 78 26 47 58 48 26 2 46 20 65 2 5 -1 -1 78 47 47 33 2 -1 75 46 78 65 65 64 -1 33 65 64 47 2 27 56 
48 9 14 -1 48 9 48 48 9 -1 78 64 -1 30 9 51 52 9 52 48 64 48 52 58 48 48 53 14 70 52 9 9 79 14 52 48 9 48 42 42 48 30 3 73 9 36 59 48 -1 52 30 3 -1 9 48 52 48 59 3 3 30 76 9 67 -1 51 78 52 79 30 67 31 48 52 9 30 48 48 52 3 52 52 77 76 48 56 
41 30 33 79 30 30 21 21 30 30 32 33 30 -1 30 65 44 43 44 70 46 -1 46 41 30 43 43 33 33 78 -1 30 21 -1 65 38 45 38 33 46 21 30 38 -1 30 33 -1 30 21 46 30 65 73 43 43 82 75 43 21 46 30 21 82 30 30 21 78 43 79 -1 33 43 75 30 78 30 46 82 43 -1 61 41 69 43 21 40 
42 2 -1 42 47 2 50 48 9 -1 78 2 9 30 -1 36 58 47 36 48 11 30 49 78 47 47 78 2 33 78 9 9 78 2 78 48 9 42 42 42 78 42 -1 78 2 33 59 -1 47 47 47 42 78 9 47 58 48 59 9 42 27 78 2 42 11 11 78 47 47 30 2 11 78 30 78 30 31 48 -1 42 62 42 42 2 27 56 
51 36 65 51 80 36 65 65 36 36 65 65 51 65 36 -1 36 65 36 51 51 65 76 61 51 82 51 65 45 80 75 36 65 45 65 51 -1 51 51 51 80 51 51 65 36 36 51 65 76 51 51 -1 65 36 65 82 75 59 51 51 65 36 80 61 65 -1 65 65 65 82 36 45 75 36 36 65 36 65 65 51 -1 65 36 76 51 80 
53 44 44 58 62 44 58 58 44 58 40 78 52 44 58 36 -1 44 -1 52 53 58 52 58 40 44 53 44 70 -1 44 44 69 44 52 52 18 52 82 53 29 44 58 53 -1 36 73 44 52 52 44 58 -1 -1 52 -1 75 53 -1 58 44 36 44 67 52 52 72 52 40 44 44 44 53 52 44 53 36 52 29 58 40 52 55 55 58 40 
53 5 5 42 24 -1 50 84 -1 8 65 47 9 43 47 65 44 -1 36 70 43 65 49 67 5 43 43 65 38 78 5 8 65 38 54 38 8 38 -1 84 65 24 38 -1 8 36 43 -1 47 47 47 65 67 8 -1 67 48 43 67 42 24 36 5 5 47 -1 68 -1 -1 43 67 43 53 5 8 5 54 48 43 68 54 43 38 5 -1 56 
53 36 36 58 82 36 58 58 36 36 40 65 52 44 36 36 -1 36 -1 52 53 61 76 58 36 82 53 65 45 16 44 36 82 45 52 52 -1 51 82 51 29 44 58 36 16 36 73 36 76 52 82 36 16 16 76 16 75 53 16 58 44 36 82 61 52 36 72 52 36 44 36 45 53 52 36 53 36 76 29 58 36 52 36 55 36 40 
35 70 70 48 70 70 37 48 70 48 39 48 48 70 48 51 52 70 52 -1 39 48 49 41 39 70 53 70 70 78 73 70 79 70 37 -1 70 35 37 35 48 35 38 73 70 70 73 48 35 35 39 37 49 35 48 58 48 53 35 73 73 70 70 70 49 37 72 70 70 70 -1 73 35 70 70 72 48 48 70 73 37 73 38 70 39 56 
39 11 11 42 39 39 50 84 53 60 39 -1 64 46 11 51 53 43 53 39 -1 46 46 78 39 43 -1 60 33 78 60 71 39 11 65 39 51 51 42 -1 39 39 39 26 60 71 -1 11 47 46 39 39 73 26 43 83 48 26 39 46 -1 40 60 39 11 11 39 43 39 46 73 11 53 46 78 53 46 64 11 46 40 64 50 26 39 40 
58 58 33 58 32 30 7 -1 61 30 32 65 48 -1 30 65 58 65 61 48 46 -1 46 61 32 43 43 65 33 40 13 76 -1 13 65 48 61 65 33 32 7 30 38 13 30 33 13 30 7 46 7 65 65 75 48 58 48 43 7 46 30 -1 63 61 65 -1 32 58 32 13 63 43 75 30 61 65 61 48 32 13 61 65 32 76 7 40 
49 83 46 59 49 73 76 76 76 76 76 46 52 46 49 76 52 49 76 49 46 46 -1 76 49 49 46 76 46 52 46 76 46 46 52 49 76 49 46 46 76 46 59 46 46 76 -1 49 76 -1 49 76 49 46 76 83 76 59 76 46 46 76 80 76 49 76 72 52 49 46 73 76 49 46 76 76 -1 49 52 46 76 52 76 76 46 76 
41 58 58 58 41 41 58 40 58 58 40 78 58 41 78 61 58 67 58 41 78 61 76 -1 41 58 78 58 70 40 41 58 40 41 58 41 61 41 42 40 -1 -1 41 78 41 61 41 41 40 78 41 58 78 41 76 58 85 59 -1 42 41 -1 58 61 78 40 78 58 40 40 58 78 78 41 78 41 61 76 -1 58 40 41 58 58 40 40 
39 5 5 42 -1 -1 50 40 5 8 -1 47 48 30 47 51 40 5 36 39 39 32 49 41 -1 47 39 60 70 40 5 8 10 5 65 39 8 51 17 -1 10 -1 39 17 5 36 39 -1 47 47 39 39 49 8 17 58 48 39 5 42 -1 40 4 5 47 10 10 17 10 32 5 47 66 5 8 5 48 48 10 32 40 41 32 5 39 40 
58 -1 1 58 47 1 50 84 1 8 47 47 48 43 47 82 44 43 82 70 43 43 49 58 47 -1 43 84 70 78 47 8 82 2 54 48 82 43 43 84 84 81 43 -1 1 71 43 -1 47 47 47 84 81 8 -1 82 48 43 1 43 47 76 1 5 81 43 78 43 43 82 1 43 48 43 8 5 54 82 1 43 54 -1 -1 1 -1 56 
53 83 20 59 39 43 83 43 53 53 39 20 53 43 78 51 53 43 53 53 -1 43 46 78 39 43 -1 60 43 53 43 53 39 43 43 53 53 43 43 20 39 53 39 -1 53 71 20 20 83 46 39 39 53 -1 43 83 75 -1 53 57 20 83 83 43 20 20 72 43 43 43 73 43 53 43 53 53 83 83 43 43 83 43 43 -1 39 75 
84 2 -1 65 62 2 65 84 2 14 65 2 14 33 2 65 44 65 65 70 60 65 76 58 60 84 60 -1 33 65 60 71 65 2 65 65 65 65 33 84 65 60 14 71 2 71 60 11 76 47 60 65 65 75 65 82 75 60 2 42 -1 63 -1 62 11 -1 65 63 65 82 2 -1 75 60 8 65 65 65 2 33 62 65 62 2 -1 65 
70 70 33 42 70 70 70 33 70 33 78 33 70 33 33 45 70 38 45 70 33 33 46 70 70 70 43 33 -1 78 33 70 33 -1 38 70 45 38 33 42 70 33 38 33 70 33 33 33 70 70 33 38 70 70 38 70 70 43 70 42 33 70 70 70 33 33 78 70 38 33 -1 45 70 70 70 33 45 82 70 33 70 73 38 70 33 70 
53 78 78 58 40 78 40 40 44 58 40 78 52 78 78 80 -1 78 16 78 78 40 52 40 40 78 53 65 78 -1 44 44 40 78 52 48 18 52 78 40 -1 40 78 78 16 36 73 78 40 52 40 40 16 16 48 16 85 53 16 58 40 40 78 61 78 40 78 52 40 44 78 78 53 52 78 53 61 48 -1 40 40 52 55 55 40 40 
41 5 5 12 24 -1 50 21 5 -1 24 47 9 -1 9 75 44 5 44 73 60 13 46 41 5 47 43 60 33 44 -1 9 21 13 50 41 8 38 17 50 41 -1 41 13 -1 33 13 -1 47 47 -1 50 73 75 17 44 75 43 9 42 -1 21 5 5 12 75 75 17 17 13 73 31 75 -1 8 -1 31 48 5 13 41 41 50 5 17 75 
53 8 8 12 24 8 76 58 -1 -1 76 71 9 30 9 36 44 8 36 70 71 76 76 58 8 8 53 71 70 44 9 -1 69 71 76 76 8 38 17 24 76 30 14 71 8 71 76 14 76 76 30 76 12 8 76 58 76 53 9 12 30 76 8 8 12 76 68 17 17 44 8 -1 53 8 8 8 -1 76 8 12 76 25 36 76 17 76 
39 69 33 79 24 24 21 21 69 30 -1 65 79 21 78 65 69 65 82 79 39 -1 46 40 10 82 39 65 33 40 21 69 -1 21 65 39 82 82 82 10 10 24 39 21 69 82 21 24 21 82 82 39 78 39 82 82 48 79 21 79 24 21 82 61 82 10 10 58 10 -1 79 43 66 79 68 65 61 82 10 -1 40 79 -1 82 21 40 
38 2 -1 42 62 2 21 21 2 14 32 2 14 -1 2 45 44 38 45 70 11 13 46 41 5 2 43 2 -1 78 13 71 21 -1 38 38 45 38 -1 42 21 30 38 13 2 -1 13 11 21 38 30 38 38 8 38 82 75 43 2 42 27 21 2 38 11 11 68 38 38 13 28 45 38 30 8 30 45 82 2 13 38 25 38 2 27 40 
37 54 65 51 80 54 -1 6 54 52 65 65 52 65 78 65 52 54 52 37 65 65 52 58 65 54 43 65 38 52 50 76 65 38 -1 37 65 -1 37 50 80 81 38 38 52 38 73 50 54 52 6 37 -1 52 -1 52 54 43 6 42 65 80 80 38 77 -1 65 52 54 82 67 65 37 52 78 65 6 -1 52 73 -1 -1 77 76 7 80 
-1 58 38 48 39 75 37 48 53 48 39 48 48 38 48 51 52 38 52 -1 39 48 49 41 39 48 53 65 70 48 41 76 39 38 37 -1 76 -1 37 0 48 0 38 38 41 38 49 48 -1 -1 39 37 49 0 48 58 48 53 0 42 39 76 58 38 49 37 72 52 72 82 19 43 -1 52 53 72 48 48 52 48 37 37 38 76 39 56 
53 8 8 51 82 8 76 61 -1 8 61 65 9 45 9 -1 18 8 -1 70 51 61 76 61 8 82 53 65 45 18 8 8 82 45 65 76 -1 51 82 51 61 61 82 17 8 -1 76 17 76 76 82 15 18 8 76 82 76 53 8 51 24 -1 82 61 77 15 61 17 17 82 8 45 53 8 8 8 -1 76 8 82 15 82 -1 76 17 61 
35 38 38 51 51 38 34 34 38 38 51 65 48 38 42 51 52 38 51 35 51 65 49 41 51 43 43 65 38 52 38 38 82 38 -1 -1 51 -1 -1 51 80 35 38 38 38 38 38 38 35 35 34 -1 34 35 34 82 48 43 34 42 51 63 63 38 49 34 72 38 38 82 35 43 35 43 38 65 34 34 43 51 34 34 38 43 38 56 
37 17 33 42 63 17 37 84 17 17 42 33 42 33 42 51 82 -1 82 37 42 33 46 42 17 43 43 33 33 78 17 17 82 -1 37 37 82 -1 -1 42 63 42 -1 -1 17 33 33 17 37 37 82 37 37 17 17 82 48 43 42 42 24 63 63 -1 82 17 68 17 17 82 63 43 37 43 17 17 54 82 43 33 37 37 -1 43 17 63 
-1 24 20 42 24 24 50 84 24 42 -1 20 42 46 42 51 53 84 51 35 -1 32 46 40 -1 84 20 84 42 40 50 24 10 42 50 0 51 51 42 -1 10 0 -1 26 50 42 20 24 35 35 -1 -1 78 0 84 58 48 26 0 42 20 40 24 24 20 10 10 58 10 32 24 20 35 24 68 24 50 82 10 32 40 41 50 26 -1 40 
39 58 58 58 24 24 7 -1 61 58 -1 65 48 21 78 80 29 65 29 48 39 7 76 -1 10 84 39 65 70 -1 41 76 10 21 80 48 61 80 63 10 -1 23 39 78 29 61 21 24 7 47 7 39 29 29 48 29 85 39 7 42 24 -1 80 61 48 10 10 58 10 32 63 61 66 24 68 65 61 48 10 32 -1 41 32 76 7 -1 
-1 24 42 42 24 24 50 40 24 30 24 47 30 30 42 51 44 24 44 35 39 30 46 -1 -1 81 53 60 33 40 -1 30 24 30 81 0 61 35 42 0 23 -1 -1 30 30 33 30 24 35 35 30 39 81 0 81 58 75 59 0 42 24 23 24 24 81 24 24 58 24 30 73 31 35 30 78 30 61 81 23 30 40 -1 42 24 39 40 
39 14 14 -1 39 38 50 58 14 14 39 14 3 38 -1 51 58 38 58 38 39 38 59 41 39 43 39 14 38 78 41 14 39 38 38 38 82 38 -1 -1 39 -1 -1 38 41 38 59 14 12 47 39 3 12 39 38 58 48 59 3 -1 39 41 63 38 12 38 39 38 38 82 63 43 38 41 78 41 31 82 14 3 38 41 38 14 39 40 
53 25 25 42 24 17 21 21 17 17 78 71 73 -1 78 65 53 -1 36 73 26 13 46 78 17 -1 -1 71 33 78 13 71 21 13 38 38 17 38 -1 26 78 30 38 -1 17 71 13 17 47 47 30 38 73 26 17 82 48 26 25 42 26 21 25 38 71 17 78 17 17 13 73 -1 53 -1 78 17 54 82 -1 13 38 25 25 26 17 78 
41 -1 1 58 62 1 50 58 -1 8 69 2 9 30 2 36 -1 8 16 70 60 30 46 41 5 1 53 2 70 16 -1 8 69 2 52 41 8 38 17 50 29 30 41 17 -1 36 30 30 47 47 30 36 16 8 17 16 75 53 1 42 30 36 1 5 11 17 78 17 17 -1 1 31 53 30 8 30 31 82 1 30 62 25 69 1 17 40 
53 33 33 42 71 36 76 33 36 36 61 71 36 33 33 36 36 36 36 70 71 33 76 61 36 71 71 71 33 36 33 71 82 -1 38 38 -1 38 33 42 61 33 38 71 36 -1 33 71 76 71 82 36 36 36 76 82 76 71 33 42 71 36 71 38 71 36 78 36 36 33 33 -1 53 71 36 33 36 76 71 33 36 71 36 76 71 61 
39 73 20 59 39 73 76 21 73 30 39 20 59 -1 59 51 73 43 73 73 -1 13 -1 41 39 43 20 60 33 73 13 76 21 13 73 49 76 38 33 20 21 30 59 13 30 33 -1 20 76 22 30 39 73 26 76 59 75 59 59 -1 20 21 60 73 20 20 39 73 79 13 73 20 49 -1 73 30 22 49 20 13 76 73 69 26 39 40 
39 25 11 42 24 17 50 48 17 14 24 -1 48 30 -1 65 44 -1 36 48 11 30 49 41 -1 -1 20 11 33 78 -1 14 24 11 50 48 17 38 17 24 24 24 14 17 30 71 20 -1 -1 -1 -1 39 49 17 17 82 48 26 14 42 24 76 24 17 11 11 24 17 17 30 25 11 48 30 17 30 48 48 11 30 76 25 25 25 17 56 
35 47 47 12 47 47 7 -1 12 12 40 47 -1 21 47 76 52 47 76 35 47 7 76 40 47 47 83 76 70 40 47 76 21 21 54 -1 76 35 37 35 7 35 12 47 47 76 76 -1 -1 35 47 12 12 35 -1 58 -1 59 7 12 47 76 80 76 12 76 72 47 47 82 35 47 35 47 12 56 -1 -1 47 12 76 47 77 76 7 56 
35 47 47 52 47 47 50 48 47 47 47 47 52 46 47 51 52 47 52 35 46 46 -1 78 47 47 46 47 70 52 47 76 82 38 52 -1 76 35 37 35 47 35 47 47 47 71 22 -1 35 -1 47 37 -1 35 47 52 48 59 35 46 47 76 82 67 -1 47 72 52 47 82 35 47 35 52 78 47 22 -1 52 73 52 52 77 76 47 56 
39 30 47 42 39 30 -1 6 30 30 39 47 30 30 47 51 44 47 82 39 39 7 49 41 39 47 39 60 33 40 -1 30 82 30 6 39 82 34 82 -1 7 30 39 30 30 82 30 -1 47 47 -1 39 34 39 34 82 48 39 6 42 30 76 82 30 47 34 39 47 39 82 73 47 75 30 30 30 6 82 39 30 34 34 -1 76 39 40 
39 58 65 -1 39 39 37 58 36 12 39 65 3 65 42 -1 58 65 36 37 39 65 76 58 39 84 39 65 38 40 50 76 39 38 37 37 15 -1 37 -1 39 39 3 38 36 36 39 39 12 37 39 -1 12 39 37 58 75 59 3 3 39 36 65 38 12 -1 39 58 39 39 37 65 37 79 36 65 65 37 39 3 15 37 36 76 39 40 
49 78 78 12 49 73 34 34 12 12 78 78 -1 73 78 65 -1 67 16 49 73 65 49 78 49 81 53 65 70 16 73 12 78 38 -1 49 18 34 37 78 29 81 12 73 16 36 73 49 12 -1 34 12 -1 16 34 16 48 53 16 12 73 67 67 67 12 34 78 -1 67 44 67 73 49 -1 78 53 34 34 -1 73 34 -1 55 55 67 40 
-1 8 8 58 24 8 58 58 -1 8 39 26 9 43 9 36 -1 8 16 35 26 75 46 41 8 8 -1 75 70 16 75 8 39 8 52 0 8 35 17 0 29 0 39 26 8 36 26 17 35 35 39 39 16 -1 17 16 75 26 0 57 26 36 8 8 12 75 72 17 17 44 8 31 -1 8 8 -1 31 48 8 43 36 41 36 26 17 75 
48 25 25 48 24 17 34 48 17 17 65 47 48 43 47 65 52 -1 76 48 43 48 76 76 17 -1 43 65 38 48 17 76 82 38 -1 48 76 34 17 84 48 81 38 17 17 76 76 17 -1 47 34 37 34 17 -1 82 48 43 25 42 24 76 25 17 48 17 68 17 17 82 25 43 48 17 17 17 -1 34 25 68 34 25 25 76 17 56 
58 58 58 58 82 58 58 58 44 58 82 58 52 82 58 82 -1 67 16 58 83 58 83 58 58 82 83 82 70 16 44 58 82 82 52 58 82 82 82 58 29 58 58 82 16 82 59 82 58 52 82 58 16 16 82 -1 58 83 -1 58 44 58 82 67 82 83 72 58 67 82 58 58 53 52 44 53 83 82 29 58 82 52 -1 -1 58 40 
48 75 48 48 48 75 48 48 75 48 75 48 48 75 48 75 75 48 75 48 48 48 76 85 48 48 75 75 70 85 75 76 48 75 54 48 76 48 48 48 85 75 48 48 75 76 75 48 -1 48 48 75 48 75 48 58 -1 75 48 48 75 76 75 75 48 75 75 48 48 75 48 48 75 75 75 -1 48 48 48 48 76 48 77 76 48 -1 
53 83 26 59 39 43 59 59 53 53 39 26 59 43 59 59 53 43 53 53 26 43 59 59 39 43 -1 60 43 53 43 53 79 43 43 53 53 43 43 26 39 59 59 26 53 71 59 26 59 59 39 59 53 26 43 83 75 -1 59 -1 26 83 83 43 26 26 72 43 43 43 73 43 53 43 53 53 83 83 43 59 83 43 43 26 39 75 
-1 -1 1 -1 62 1 -1 -1 1 -1 39 2 3 21 9 51 -1 67 16 35 39 7 76 -1 5 1 53 2 70 16 9 9 21 2 6 0 8 34 42 0 7 0 3 25 1 33 59 14 7 35 6 3 16 0 25 -1 48 59 -1 3 30 23 1 67 12 21 78 -1 67 44 1 31 35 5 8 5 6 34 1 3 34 25 55 1 7 40 
42 58 42 -1 42 73 58 58 12 12 42 46 3 46 42 51 58 42 58 73 46 46 46 42 42 43 57 42 42 58 42 12 79 42 42 42 51 42 42 42 42 42 -1 42 42 42 -1 42 12 46 42 3 12 57 42 58 48 -1 3 -1 46 42 58 42 12 51 42 58 79 46 73 43 57 46 78 42 46 48 42 3 51 42 42 57 42 42 
39 24 27 30 24 24 50 84 24 30 24 20 30 30 27 65 44 24 44 73 -1 30 46 41 -1 47 20 -1 33 40 -1 30 24 27 65 39 24 51 24 20 24 24 39 26 30 71 20 24 47 47 30 39 73 26 24 44 75 26 30 46 -1 30 27 24 20 27 24 24 24 30 73 27 75 30 24 30 65 48 20 30 62 41 50 26 27 40 
41 36 33 58 63 63 76 21 36 36 40 65 76 21 78 36 36 36 36 70 40 -1 76 -1 40 76 83 63 70 40 21 76 21 21 80 76 -1 63 63 40 -1 23 41 21 36 36 21 76 76 76 76 36 67 36 76 58 76 83 23 42 30 -1 63 -1 77 21 40 63 40 21 63 45 53 63 36 63 -1 76 23 21 -1 41 36 76 21 40 
58 -1 1 58 -1 1 58 58 1 8 24 2 9 82 2 80 44 5 82 70 60 63 80 58 4 1 83 -1 70 78 5 8 82 2 80 58 82 63 63 24 80 24 63 25 1 71 60 24 80 82 82 65 67 8 25 82 75 83 1 58 27 63 -1 -1 82 27 78 63 17 82 1 27 53 5 8 5 80 82 1 82 -1 25 -1 1 27 80 
67 5 5 42 62 -1 67 61 5 8 24 5 67 30 42 61 67 5 61 70 39 61 76 61 5 5 43 62 70 61 5 8 61 38 38 38 61 38 -1 24 61 24 38 38 5 38 73 17 76 67 30 38 67 8 17 67 75 43 67 42 24 -1 -1 -1 67 17 24 -1 17 82 -1 43 75 5 8 5 61 76 5 73 61 67 38 5 17 61 
49 11 11 12 47 81 77 48 12 12 65 -1 -1 30 11 65 52 47 52 49 11 65 49 78 47 81 20 11 33 78 12 12 82 11 77 49 77 49 82 20 48 81 12 71 11 71 20 11 12 -1 47 12 12 12 48 82 48 26 12 12 20 77 82 67 -1 11 78 52 47 82 81 11 49 81 78 65 77 -1 11 12 77 -1 77 77 81 56 
39 11 11 51 24 17 34 21 17 17 -1 -1 51 21 11 -1 52 -1 36 37 11 -1 76 40 10 43 20 -1 33 40 75 76 10 11 -1 37 15 34 17 10 10 24 38 17 17 36 20 11 76 47 34 -1 34 75 17 83 75 26 21 51 27 21 27 17 11 -1 10 17 10 21 67 11 75 17 17 -1 -1 34 10 21 15 34 32 76 17 40 
39 78 78 79 24 24 40 40 68 78 -1 78 78 78 78 65 72 68 72 72 39 32 72 78 10 78 72 65 78 78 75 68 10 68 65 72 61 72 68 10 10 24 39 78 78 78 39 24 72 72 39 39 78 72 68 72 75 72 78 42 24 40 78 24 78 10 -1 68 -1 32 78 78 -1 78 68 72 65 65 -1 68 40 78 32 78 39 40 
58 58 58 58 63 17 58 58 17 58 65 47 52 43 47 65 52 -1 52 70 43 58 52 58 17 43 43 63 70 52 17 17 58 38 52 52 17 38 17 58 58 58 38 17 17 36 73 17 47 52 47 58 -1 17 17 58 48 43 -1 58 24 63 63 -1 52 17 68 -1 17 43 -1 43 52 52 17 17 54 52 52 58 52 52 38 58 17 58 
39 17 17 79 24 17 40 40 17 17 -1 47 79 79 47 65 40 -1 36 70 39 32 49 40 10 43 43 65 38 40 17 17 10 38 54 72 17 38 17 10 10 24 38 17 17 36 79 17 47 47 39 39 67 17 17 67 48 43 67 79 24 40 17 17 47 10 -1 17 -1 32 67 43 66 79 -1 17 54 48 10 -1 40 79 32 17 17 40 
39 44 33 79 82 30 82 21 44 30 32 33 30 -1 30 82 44 43 44 70 46 13 46 40 32 82 43 82 33 44 13 44 -1 13 82 82 82 82 82 32 32 30 82 13 -1 33 13 30 82 82 82 39 44 44 82 82 75 43 44 46 30 21 82 82 82 21 32 43 32 -1 44 43 53 30 44 30 82 82 32 13 82 82 -1 44 82 40 
35 -1 1 58 62 1 58 58 1 8 78 2 67 33 2 36 44 67 36 -1 73 63 73 58 5 1 73 2 -1 78 73 8 79 28 67 19 8 35 63 24 63 73 63 73 1 33 73 25 35 35 73 37 67 8 25 58 48 73 1 73 73 63 1 -1 81 67 78 -1 67 44 -1 73 35 -1 8 5 63 48 1 73 62 73 25 1 25 63 
39 11 11 31 62 31 76 84 31 31 65 -1 31 43 11 45 44 43 45 73 11 43 76 78 47 43 43 -1 45 78 31 -1 43 45 65 43 45 43 43 20 61 31 43 -1 31 -1 20 11 47 47 47 65 73 31 43 58 48 43 31 43 27 45 27 43 11 11 78 43 43 43 73 -1 53 43 31 65 31 64 11 43 62 43 43 43 27 56 
35 53 53 48 66 75 37 48 53 53 66 75 48 75 78 75 53 53 53 35 53 75 49 78 66 48 53 75 70 53 75 53 66 38 37 -1 53 35 37 35 66 35 38 53 53 53 49 48 35 35 75 37 49 -1 48 53 75 53 35 57 75 53 53 75 49 75 -1 52 66 53 35 53 -1 75 53 -1 48 48 66 68 37 37 38 53 39 75 
41 5 5 79 24 -1 50 30 5 30 24 46 52 30 30 36 52 5 52 70 46 30 46 41 5 43 43 60 70 52 -1 8 79 30 52 52 8 43 43 24 24 30 41 -1 30 71 -1 30 47 52 30 79 -1 8 17 52 75 43 5 46 30 63 5 5 81 17 78 52 79 30 -1 43 75 -1 8 5 46 52 43 -1 52 -1 43 5 17 75 
53 8 8 79 24 8 58 58 -1 8 68 78 9 78 78 36 44 8 36 70 78 61 76 78 8 8 53 8 70 78 8 8 68 8 78 53 8 38 17 68 68 78 78 78 8 36 73 17 12 78 30 36 78 8 17 44 75 53 8 78 24 36 8 8 78 17 68 17 -1 44 8 31 53 8 -1 8 31 76 -1 68 36 78 36 8 17 68 
53 5 5 65 24 -1 50 56 5 30 65 65 30 30 30 65 53 5 53 72 53 65 76 41 5 5 53 65 33 53 -1 8 65 30 65 72 8 65 17 24 65 30 41 17 30 33 30 30 56 47 30 65 53 -1 17 53 -1 53 5 42 30 63 5 5 65 -1 72 17 17 30 5 65 -1 5 8 -1 65 56 5 30 65 41 50 5 17 56 
48 83 65 48 80 31 -1 6 31 31 65 65 48 46 31 36 36 54 36 48 46 61 -1 61 48 54 83 65 45 61 31 -1 61 45 6 48 -1 34 54 50 61 61 31 54 31 36 22 48 -1 22 6 65 34 31 -1 83 48 83 6 46 65 -1 80 61 77 -1 65 54 54 82 63 31 48 46 31 65 -1 -1 61 46 -1 34 36 -1 7 56 
48 82 64 48 82 48 34 48 76 48 65 64 48 82 48 65 52 48 76 48 64 48 49 76 48 82 83 65 82 48 48 76 82 82 -1 48 76 34 82 82 48 81 82 82 82 76 49 48 -1 -1 82 37 34 48 34 82 48 83 34 48 48 76 82 76 -1 34 65 52 48 82 48 64 48 52 76 56 -1 -1 52 82 34 34 -1 76 48 56 
39 -1 1 42 24 1 52 40 1 14 -1 -1 52 43 -1 65 29 43 29 70 11 32 52 -1 10 1 43 2 70 -1 5 8 10 2 52 52 8 43 43 10 10 23 14 -1 1 71 20 11 47 52 39 39 -1 8 25 29 48 43 1 42 20 23 1 5 11 10 -1 52 10 32 1 11 66 43 -1 5 61 52 -1 32 40 52 25 1 25 40 
58 58 33 -1 32 73 58 21 68 12 32 33 3 -1 42 51 58 68 58 73 46 13 46 58 32 43 43 33 33 40 13 12 -1 13 73 48 82 51 33 32 32 30 3 13 30 33 13 30 12 73 30 3 73 43 68 58 48 59 3 3 30 21 82 73 12 21 68 58 -1 13 73 43 68 -1 68 30 46 82 32 -1 40 73 32 43 68 40 
37 62 62 51 62 62 34 40 36 76 40 65 52 61 62 -1 40 54 36 37 40 61 76 40 40 54 83 62 70 40 41 76 40 38 -1 37 15 34 37 40 -1 40 38 38 62 36 76 76 76 52 34 15 34 36 34 82 76 83 34 51 62 -1 -1 61 77 15 40 52 40 82 62 62 37 52 36 65 -1 34 40 40 -1 34 62 76 40 40 
41 25 25 42 41 73 34 34 25 41 41 64 52 41 42 65 52 43 52 73 64 65 52 41 41 -1 43 65 73 52 41 25 79 25 -1 37 82 34 37 41 41 -1 41 25 25 71 73 25 47 52 34 37 -1 41 25 52 48 43 25 42 41 41 25 67 -1 34 78 52 79 82 73 43 37 -1 78 41 34 34 52 73 34 -1 25 25 25 41 
50 25 25 42 62 25 50 32 36 36 32 47 77 69 42 36 55 38 36 38 50 32 76 58 32 -1 43 62 38 55 50 36 -1 38 77 38 -1 38 -1 50 32 42 38 25 69 36 69 25 77 77 -1 36 55 36 25 -1 77 43 55 42 50 36 -1 38 77 32 32 38 32 -1 25 43 38 43 36 50 36 -1 25 32 62 25 -1 55 25 40 
53 -1 1 58 62 1 76 58 1 8 76 2 76 43 2 76 55 5 55 70 26 76 76 58 5 1 -1 2 70 55 5 76 82 2 76 76 76 43 43 26 76 24 14 26 1 76 26 25 76 76 76 76 55 26 76 -1 76 26 1 57 26 76 1 5 77 76 78 58 17 44 1 43 53 5 8 5 -1 76 1 43 76 25 55 -1 25 76 
39 25 27 42 39 17 7 -1 17 17 39 27 48 21 27 51 58 -1 36 39 39 7 46 40 39 -1 39 -1 33 40 17 17 21 27 7 39 17 38 17 -1 7 39 39 17 17 71 39 17 7 47 39 39 67 17 17 58 48 39 7 42 27 21 27 17 81 17 39 17 17 82 25 27 39 17 17 17 7 48 25 68 40 25 25 25 -1 40 
40 58 56 56 40 75 40 40 61 56 40 56 56 40 56 80 40 56 40 56 40 40 76 40 40 56 75 65 70 40 75 76 40 40 80 56 61 56 63 40 -1 40 40 78 40 61 40 56 56 56 40 40 40 75 56 40 -1 75 40 42 40 40 80 61 56 40 40 58 40 40 63 56 75 75 68 56 56 56 40 40 40 41 40 76 40 -1 
