62
14 33
-1 31 56 23 32 32 23 44 57 44 31 23 61 60 44 18 53 44 -1 52 44 53 50 18 32 32 56 32 31 23 33 -1 -1 18 18 31 56 52 44 32 32 32 32 52 -1 34 18 31 18 34 32 32 32 18 18 31 -1 56 31 18 44 56 
31 -1 58 23 34 23 23 46 55 49 31 23 29 60 49 33 29 38 23 33 34 55 23 -1 34 -1 34 32 31 23 33 -1 23 -1 -1 23 34 58 34 23 25 40 23 52 23 34 23 29 33 34 32 55 23 55 25 -1 31 52 -1 58 58 40 
56 58 -1 23 28 40 11 38 47 41 28 -1 40 60 41 23 47 38 23 36 26 26 11 11 28 34 -1 38 -1 47 58 28 23 58 26 28 26 11 -1 11 28 38 38 22 38 34 58 -1 52 34 22 40 28 23 60 47 26 22 -1 58 11 47 
23 23 23 -1 32 -1 23 42 35 49 35 23 29 60 43 23 29 42 23 42 35 35 23 -1 39 23 36 42 35 -1 42 23 5 23 23 -1 35 -1 42 35 5 29 -1 37 23 52 23 29 52 29 32 40 23 23 23 23 57 35 37 23 5 29 
32 34 28 32 -1 32 39 32 59 49 28 60 24 60 49 32 39 60 34 24 34 60 50 32 -1 32 34 32 -1 32 24 28 -1 34 -1 28 24 60 28 24 28 59 24 52 60 34 32 28 52 34 32 59 28 24 60 34 32 52 59 -1 -1 60 
32 23 40 -1 32 -1 39 32 35 41 35 60 40 60 41 32 29 42 23 42 35 60 50 3 32 32 36 32 40 3 42 32 -1 23 32 -1 35 3 42 35 -1 40 -1 37 60 52 23 29 52 35 32 40 32 32 60 35 32 35 60 32 -1 40 
23 23 11 23 39 39 -1 22 39 41 39 -1 39 60 41 23 39 38 23 39 22 39 11 11 39 23 11 41 11 23 39 23 23 23 23 39 37 11 11 -1 39 39 23 22 60 52 23 11 52 39 22 40 23 39 60 23 26 22 11 41 11 39 
44 46 38 42 32 32 22 -1 20 44 35 22 20 60 44 27 57 38 44 42 -1 20 20 46 32 32 20 -1 38 46 58 44 27 27 26 20 26 52 -1 21 41 27 27 22 -1 52 -1 20 27 46 46 27 27 21 44 20 -1 56 46 41 27 56 
57 55 47 35 59 35 39 20 -1 41 35 22 -1 60 57 27 12 38 53 12 -1 -1 20 29 19 40 20 20 35 12 58 35 35 55 26 -1 35 57 20 12 12 12 19 57 20 61 58 -1 55 35 22 55 55 21 19 -1 57 -1 -1 58 21 -1 
44 49 41 49 49 41 41 44 41 -1 49 60 41 60 -1 41 41 44 44 41 44 41 43 44 41 41 41 41 41 49 41 44 41 41 49 49 49 43 41 41 41 -1 41 14 -1 49 44 49 41 -1 46 41 41 44 44 41 44 43 46 41 44 41 
31 31 28 35 28 35 39 35 35 49 -1 28 35 52 49 31 39 38 31 36 35 35 57 31 28 31 28 52 -1 47 33 -1 28 31 28 -1 35 35 28 35 28 39 35 52 31 52 49 -1 52 35 32 40 28 28 31 31 31 35 28 28 28 47 
23 23 -1 23 60 60 -1 22 22 60 28 -1 29 60 43 23 29 38 23 37 22 60 -1 -1 39 23 2 60 2 23 58 23 23 23 23 23 37 -1 2 6 28 38 23 22 60 52 23 2 52 29 22 60 23 23 60 23 26 22 2 23 -1 60 
61 29 40 29 24 40 39 20 -1 41 35 29 -1 61 41 41 -1 41 29 -1 8 8 20 29 19 40 20 41 40 -1 19 29 29 30 40 8 19 29 41 -1 -1 -1 19 37 41 61 29 8 52 29 61 40 19 16 19 8 61 8 8 41 61 -1 
60 60 60 60 60 60 60 60 60 60 52 60 61 -1 52 48 57 60 48 52 60 60 60 52 60 60 60 60 52 60 60 60 52 48 60 60 60 60 52 60 60 60 52 52 60 52 60 61 -1 60 60 60 48 60 60 52 61 52 60 60 -1 60 
44 49 41 43 49 41 41 44 57 -1 49 43 41 52 -1 41 57 44 44 52 43 41 43 52 41 41 41 41 52 43 52 44 52 41 49 49 43 43 41 41 41 9 52 -1 9 52 44 43 52 9 43 41 43 44 44 52 57 43 43 41 43 41 
18 33 23 23 32 32 23 27 27 41 31 23 41 48 41 -1 53 44 -1 33 27 53 23 18 53 32 34 -1 52 23 33 18 27 -1 18 23 33 52 27 41 41 27 27 52 18 34 18 29 -1 34 32 27 27 18 18 33 18 52 33 18 27 60 
53 29 47 29 39 29 39 57 12 41 39 29 -1 57 57 53 -1 41 53 12 12 39 57 29 39 40 57 41 40 -1 19 29 53 29 49 39 19 29 41 -1 12 12 19 57 53 57 29 29 57 29 53 40 57 -1 19 53 57 -1 12 41 37 12 
44 38 38 42 60 42 38 38 38 44 38 38 41 60 44 44 41 -1 44 42 38 60 38 44 41 38 38 38 38 41 42 44 44 44 38 38 38 60 -1 41 41 38 38 44 -1 38 44 38 44 44 46 38 42 44 44 52 38 52 38 41 44 60 
-1 23 23 23 34 23 23 44 53 44 31 23 29 48 44 -1 53 44 -1 54 34 53 23 -1 53 34 34 15 34 23 33 0 0 15 -1 23 34 23 34 53 34 59 23 52 -1 34 -1 29 15 34 46 59 23 -1 -1 53 0 52 46 -1 44 45 
52 33 36 42 24 42 39 42 12 41 36 37 -1 52 52 33 12 42 54 -1 12 12 52 52 -1 54 36 42 52 12 -1 33 52 30 24 36 -1 36 42 12 12 12 -1 52 54 52 52 36 52 29 52 40 -1 24 -1 52 36 52 30 24 54 12 
44 34 26 35 34 35 22 -1 -1 44 35 22 8 60 43 27 12 38 34 12 -1 -1 -1 22 39 34 -1 7 26 12 58 34 27 27 26 8 26 22 7 21 12 12 27 22 7 34 7 8 27 34 22 27 27 21 60 8 7 8 8 58 21 8 
53 55 26 35 60 60 39 20 -1 41 35 60 8 60 41 53 39 60 53 12 -1 -1 20 53 39 53 20 60 60 12 58 35 53 53 26 8 26 60 20 -1 12 39 60 22 60 61 20 8 60 35 60 55 53 -1 60 8 20 8 8 41 -1 8 
50 23 11 23 50 50 11 20 20 43 57 -1 20 60 43 23 57 38 23 52 -1 20 -1 11 39 50 20 20 11 23 52 23 50 23 26 57 26 11 11 11 20 20 52 -1 20 52 50 11 52 50 -1 27 43 21 60 20 57 -1 11 23 11 20 
18 -1 11 -1 32 3 11 46 29 44 31 -1 29 52 52 18 29 44 -1 52 22 53 11 -1 32 1 11 32 52 -1 33 1 -1 1 1 3 35 3 11 11 5 29 3 52 18 52 -1 29 52 29 32 32 -1 18 18 1 18 52 1 18 11 29 
32 34 28 39 -1 32 39 32 19 41 28 39 19 60 41 53 39 41 53 -1 39 39 39 32 -1 32 34 32 4 19 19 28 4 30 4 39 19 36 41 -1 19 39 19 52 53 34 53 36 52 34 32 55 19 -1 19 53 32 39 30 4 4 19 
32 -1 34 23 32 32 23 32 40 41 31 23 40 60 41 32 40 38 34 54 34 53 50 1 32 -1 34 32 40 23 33 1 -1 1 -1 32 34 52 34 40 -1 40 32 52 32 34 23 61 52 34 32 40 32 32 -1 1 32 52 1 32 54 40 
56 34 -1 36 34 36 11 20 20 41 28 2 20 60 41 34 57 38 34 36 -1 20 20 11 34 34 -1 20 2 37 36 34 34 34 -1 36 -1 36 -1 21 28 38 38 22 20 34 20 2 34 34 22 27 28 21 34 20 -1 56 2 34 11 56 
32 32 38 42 32 32 41 -1 20 41 52 60 41 60 41 -1 41 38 15 42 7 60 20 32 32 32 20 -1 52 32 33 32 -1 15 18 32 42 52 7 41 41 -1 -1 52 7 52 7 61 15 41 32 -1 -1 32 60 51 7 52 60 41 -1 60 
31 31 -1 35 -1 40 11 38 35 41 -1 2 40 52 52 52 40 38 34 52 26 60 11 52 4 40 2 52 -1 40 52 10 4 31 4 10 26 52 2 24 -1 40 52 52 60 52 52 2 52 34 32 40 -1 24 40 52 26 52 2 4 4 40 
23 23 47 -1 32 3 23 46 12 49 47 23 -1 60 43 23 -1 41 23 12 12 12 23 -1 19 23 37 32 40 -1 19 23 23 23 49 3 37 -1 41 12 12 12 3 37 23 49 23 -1 52 -1 32 40 23 16 19 12 57 16 37 23 37 12 
33 33 58 42 24 42 39 58 58 41 33 58 19 60 52 33 19 42 33 -1 58 58 52 33 19 33 36 33 52 19 -1 33 52 -1 33 36 19 58 42 19 19 19 19 52 58 52 58 36 33 58 58 59 19 24 19 33 36 52 -1 58 58 19 
-1 -1 28 23 28 32 23 44 35 44 -1 23 29 60 44 18 29 44 0 33 34 35 23 1 28 1 34 32 10 23 33 -1 0 1 1 10 35 58 28 35 25 32 23 52 0 34 18 10 18 34 32 55 23 18 18 1 0 35 1 18 44 47 
-1 23 23 5 -1 -1 23 27 35 41 28 23 29 52 52 27 53 44 0 52 27 53 50 -1 4 -1 34 -1 4 23 52 0 -1 23 4 5 35 52 27 24 5 27 5 52 0 52 23 29 52 29 -1 27 -1 -1 25 52 0 52 23 4 4 40 
18 -1 58 23 34 23 23 27 55 41 31 23 30 48 41 -1 29 44 15 30 27 53 23 1 30 1 34 15 31 23 -1 1 23 -1 1 23 30 58 27 30 25 27 27 52 18 34 18 29 15 34 32 27 23 18 18 1 18 52 1 18 27 30 
18 -1 26 23 -1 32 23 26 26 49 28 23 40 60 49 18 49 38 -1 24 26 26 26 1 4 -1 -1 18 4 49 33 1 4 1 -1 49 26 36 26 24 25 38 38 52 18 -1 18 26 18 -1 32 40 45 18 18 1 26 49 1 4 4 45 
31 23 28 -1 28 -1 39 20 -1 49 -1 23 8 60 49 23 39 38 23 36 8 8 57 3 39 32 36 32 10 3 36 10 5 23 49 -1 -1 3 36 -1 5 39 3 57 49 49 49 8 57 -1 32 40 57 21 36 8 57 -1 8 41 5 8 
56 34 26 35 24 35 37 26 35 49 35 37 19 60 43 33 19 38 34 -1 26 26 26 35 19 34 -1 42 26 37 19 35 35 30 26 -1 -1 -1 26 35 19 19 19 37 60 34 49 -1 52 35 60 40 19 24 19 35 26 35 37 58 37 47 
52 58 11 -1 60 3 11 52 57 43 35 -1 29 60 43 52 29 60 23 36 22 60 11 3 36 52 36 52 52 -1 58 58 52 58 36 3 -1 -1 11 11 5 29 3 -1 60 52 58 29 52 29 60 52 -1 29 60 52 57 -1 -1 58 -1 60 
44 34 -1 42 28 42 11 -1 20 41 28 2 41 52 41 27 41 -1 34 42 7 20 11 11 41 34 -1 7 2 41 42 28 27 27 26 36 26 11 -1 41 41 -1 -1 52 7 34 7 2 52 34 46 27 42 21 42 52 7 52 2 41 11 41 
32 23 11 35 24 35 -1 21 12 41 35 6 -1 60 41 41 -1 41 53 12 21 -1 11 11 -1 40 21 41 24 12 19 35 24 30 24 -1 35 11 41 -1 12 -1 19 57 41 61 49 12 41 35 60 40 19 16 19 12 57 16 12 41 21 12 
32 25 28 5 28 -1 39 41 12 41 28 28 -1 60 41 41 12 41 34 12 12 12 20 5 19 -1 28 41 -1 12 19 25 5 25 25 5 19 5 41 12 -1 -1 5 52 41 61 23 61 52 29 32 -1 28 16 25 51 61 12 12 41 5 -1 
32 40 38 29 59 40 39 27 12 -1 39 38 -1 60 9 27 12 38 59 12 12 39 20 29 39 40 38 -1 40 12 19 32 27 27 38 39 19 29 -1 -1 -1 -1 27 14 9 52 27 12 27 9 32 27 27 16 19 12 27 12 59 -1 27 12 
32 23 38 -1 24 -1 23 27 19 41 35 23 19 52 52 27 19 38 23 -1 27 60 52 3 19 32 38 -1 52 3 19 23 5 27 38 3 19 3 -1 19 5 27 -1 52 27 52 23 29 52 29 32 27 -1 24 19 52 27 52 30 41 5 19 
52 52 22 37 52 37 22 22 57 14 52 22 37 52 -1 52 57 44 52 52 22 22 -1 52 52 52 22 52 52 37 52 52 52 52 52 57 37 -1 52 57 52 14 52 -1 14 52 50 37 52 14 22 52 -1 52 52 52 57 -1 37 58 37 52 
-1 23 38 23 60 60 60 -1 20 -1 31 60 41 60 9 18 53 -1 -1 54 7 60 20 18 53 32 20 7 60 23 58 0 0 18 18 49 60 60 7 41 41 9 27 14 -1 34 -1 61 18 9 46 27 23 18 18 53 0 56 46 18 -1 60 
34 34 34 52 34 52 52 52 61 49 52 52 61 52 52 34 57 38 34 52 34 61 52 52 34 34 34 52 52 49 52 34 52 34 -1 49 34 52 34 61 61 52 52 52 34 -1 34 61 52 34 52 52 -1 34 34 52 61 52 34 34 61 -1 
18 23 58 23 32 23 23 -1 58 44 49 23 29 60 44 18 29 44 -1 52 7 20 50 -1 53 23 20 7 52 23 58 18 23 18 18 49 49 58 7 49 23 27 23 50 -1 34 -1 29 18 -1 -1 27 23 18 18 23 7 49 -1 18 44 56 
31 29 -1 29 28 29 11 20 -1 49 -1 2 8 61 43 29 29 38 29 36 8 8 11 29 36 61 2 61 2 -1 36 10 29 29 26 8 -1 29 2 12 61 12 29 37 61 61 29 -1 52 29 61 55 28 21 36 8 61 8 2 58 61 -1 
18 33 52 52 52 52 52 27 55 41 52 52 52 -1 52 -1 57 44 15 52 27 60 52 52 52 52 34 15 52 52 33 18 52 15 18 57 52 52 52 41 52 27 52 52 18 52 18 52 -1 34 52 27 -1 18 18 52 57 52 52 18 13 52 
34 34 34 29 34 35 39 46 35 -1 35 29 29 60 9 34 29 44 34 29 34 35 50 29 34 34 34 41 34 -1 58 34 29 34 -1 -1 35 29 34 35 29 9 29 14 9 34 -1 29 34 -1 46 40 29 29 34 34 34 35 46 34 34 29 
32 32 22 32 32 32 22 46 22 46 32 22 61 60 43 32 53 46 46 52 22 60 -1 32 32 32 22 32 32 32 58 32 -1 32 32 32 60 60 46 60 32 32 32 22 46 52 -1 61 52 46 -1 32 32 32 60 52 32 22 46 32 -1 60 
32 55 40 40 59 40 40 27 55 41 40 60 40 60 41 27 40 38 59 40 27 55 27 32 55 40 27 -1 40 40 59 55 27 27 40 40 40 52 27 40 -1 27 27 52 27 52 27 55 27 40 32 -1 27 55 40 -1 27 52 59 -1 27 40 
32 23 28 23 28 32 23 27 55 41 28 23 19 48 43 27 57 42 23 -1 27 53 43 -1 19 32 28 -1 -1 23 19 23 -1 23 45 57 19 -1 42 19 28 27 -1 -1 23 -1 23 28 -1 29 32 27 -1 32 19 -1 57 -1 37 23 27 45 
18 55 23 23 24 32 39 21 21 44 28 23 16 60 44 18 -1 44 -1 24 21 -1 21 18 -1 32 21 32 24 16 24 18 -1 18 18 21 24 29 21 16 16 16 24 52 18 34 18 21 18 29 32 55 32 -1 18 -1 18 16 21 18 21 16 
18 25 60 23 60 60 60 44 19 44 31 60 19 60 44 18 19 44 -1 -1 60 60 60 18 19 -1 34 60 40 19 19 18 25 18 18 36 19 60 42 19 25 19 19 52 18 34 18 36 18 34 60 40 19 18 -1 25 18 52 60 18 -1 60 
31 -1 47 23 34 35 23 20 -1 41 31 23 8 52 52 33 53 52 53 52 8 8 20 1 53 1 20 51 52 12 33 1 52 1 1 8 35 52 52 12 51 12 52 52 53 52 23 8 52 34 52 -1 -1 -1 25 -1 57 8 1 51 21 8 
-1 31 26 57 32 32 26 -1 57 44 31 26 61 61 57 18 57 38 0 36 7 20 57 18 32 32 -1 7 26 57 36 0 0 18 26 57 26 57 7 57 61 27 27 57 0 61 7 61 57 34 32 27 57 18 18 57 -1 -1 26 18 61 -1 
56 52 22 35 52 35 22 56 -1 43 35 22 8 52 43 52 -1 52 52 52 8 8 -1 52 39 52 56 52 52 16 52 35 52 52 49 -1 35 -1 52 16 12 12 52 -1 56 52 49 8 52 35 22 52 -1 16 52 8 -1 -1 8 58 37 8 
31 -1 -1 37 59 60 11 46 -1 46 28 2 8 60 43 33 12 38 46 30 8 8 11 1 30 1 2 60 2 37 -1 1 23 1 1 8 37 -1 2 12 12 59 30 37 46 34 -1 2 52 46 46 59 37 21 60 1 26 8 -1 -1 -1 8 
18 58 58 23 -1 32 41 41 58 41 28 23 41 60 41 18 41 41 -1 24 58 41 23 18 4 32 34 41 4 23 58 18 4 18 4 41 58 58 41 41 41 -1 41 58 18 34 18 58 18 34 32 -1 23 18 18 51 18 58 -1 -1 4 41 
44 58 11 5 -1 -1 11 27 21 44 28 -1 61 -1 43 27 37 44 44 54 21 -1 11 11 4 54 11 -1 4 37 58 44 4 27 4 5 37 -1 11 21 5 27 5 37 -1 61 44 61 13 34 -1 27 27 21 -1 21 61 37 -1 4 -1 -1 
56 40 47 29 60 40 39 56 -1 41 47 60 -1 60 41 60 12 60 45 12 8 8 20 29 19 40 56 60 40 12 19 47 40 30 45 8 47 60 41 12 -1 12 19 52 60 -1 56 -1 52 29 60 40 45 16 60 8 -1 8 8 41 -1 -1 
