96
11 27
-1 59 39 86 39 39 -1 49 59 59 38 6 39 38 59 69 36 49 56 49 49 86 56 39 59 -1 52 78 38 96 49 36 59 39 -1 49 -1 59 25 -1 56 49 49 86 86 34 95 95 39 -1 59 62 6 86 39 6 -1 34 59 -1 57 -1 49 85 61 49 59 59 56 34 34 59 49 39 49 49 59 59 34 59 6 86 85 36 6 59 -1 36 86 61 39 38 36 64 45 -1 
59 -1 40 59 71 59 52 53 59 59 40 52 53 40 59 53 59 59 -1 59 59 59 56 40 59 59 52 53 52 96 59 56 59 40 59 71 59 59 40 59 18 53 66 66 86 56 40 59 89 59 53 71 18 18 66 52 18 52 59 -1 53 52 90 53 59 59 59 59 56 59 85 59 59 71 59 66 -1 59 90 59 52 59 85 52 59 59 53 40 76 18 76 40 59 40 52 59 
39 40 -1 87 5 -1 52 46 52 5 40 52 24 40 52 93 31 93 40 81 66 86 87 5 5 39 52 81 52 96 46 5 24 23 81 86 31 40 40 5 -1 43 93 -1 55 87 -1 40 39 43 81 81 -1 40 5 43 40 87 40 24 85 52 81 85 93 43 43 40 40 81 39 5 5 82 87 66 90 52 90 54 5 -1 43 87 24 40 43 -1 5 40 5 23 87 -1 52 46 
86 59 87 -1 68 31 55 86 59 57 38 87 86 40 20 60 -1 68 40 31 16 86 87 40 59 86 57 50 57 96 20 16 59 55 57 86 31 -1 20 86 37 87 68 86 86 68 87 16 62 20 37 62 57 86 68 16 68 -1 37 37 57 86 47 16 68 58 86 37 -1 57 57 59 87 55 20 67 86 67 47 47 67 37 68 87 68 40 -1 -1 86 40 58 40 16 68 55 47 
39 71 5 68 -1 -1 80 30 9 -1 9 72 24 88 9 69 31 71 40 31 66 88 31 5 5 38 28 10 9 96 9 5 24 23 39 71 31 68 10 5 5 71 71 5 88 64 5 71 39 71 79 71 5 88 -1 68 68 28 71 71 57 64 71 30 9 71 54 80 54 24 39 -1 5 71 14 80 88 54 10 54 -1 5 54 28 24 71 88 5 -1 64 5 10 9 5 24 39 
39 59 -1 31 -1 -1 39 46 9 4 9 72 24 40 59 69 31 32 40 31 31 47 31 -1 -1 39 52 90 9 96 9 -1 24 23 39 71 31 40 84 -1 2 43 66 2 72 31 2 31 39 72 79 71 2 24 -1 72 31 87 90 24 53 39 72 31 9 31 54 77 54 24 39 4 -1 33 31 31 90 54 90 54 4 2 54 36 24 32 39 2 4 48 -1 23 9 2 24 39 
-1 52 52 55 80 39 -1 84 52 52 84 -1 39 84 52 84 55 84 52 49 49 55 56 52 84 0 52 78 52 96 52 36 84 55 0 49 0 55 84 0 52 49 84 55 55 34 52 55 39 0 53 84 -1 52 68 -1 0 34 59 0 84 0 84 55 61 49 55 80 55 34 34 59 11 55 84 80 52 52 34 55 -1 52 55 36 -1 59 0 52 52 52 84 52 36 52 52 0 
49 53 46 86 30 46 84 -1 30 30 84 84 53 84 30 53 30 42 53 49 30 86 65 46 84 84 30 53 30 96 -1 87 84 49 69 49 49 53 84 53 46 -1 41 41 86 65 -1 42 84 41 53 84 30 -1 46 43 53 30 65 30 53 49 84 30 30 41 30 30 42 41 53 42 49 49 30 84 53 30 42 53 84 46 43 30 -1 60 53 41 76 53 76 84 30 42 84 46 
59 59 52 59 9 9 52 30 -1 -1 9 52 59 10 -1 53 20 59 52 49 14 59 74 52 59 59 52 10 9 96 -1 9 59 52 59 71 59 59 10 59 52 30 66 52 55 64 30 59 89 20 59 64 -1 30 77 52 52 20 59 -1 85 52 49 30 9 59 59 77 59 59 85 9 9 71 14 66 59 -1 10 14 9 52 77 28 30 59 59 52 9 77 59 10 9 52 52 59 
59 59 5 57 -1 4 52 30 -1 -1 -1 52 24 10 8 93 92 71 52 31 14 71 64 5 5 38 28 10 -1 96 8 5 91 73 57 71 92 59 10 5 13 71 71 5 86 64 5 71 89 71 27 64 8 30 4 92 52 28 59 8 57 64 64 30 -1 71 54 28 54 89 39 -1 5 71 14 71 88 8 10 14 4 5 54 28 38 59 71 57 4 64 5 10 -1 64 52 59 
38 40 40 38 9 9 84 84 9 -1 -1 84 53 -1 9 84 38 78 40 49 38 78 64 91 84 38 28 -1 9 96 9 9 91 91 78 71 92 40 -1 9 13 78 78 40 78 64 40 78 78 38 27 64 9 50 9 78 38 28 90 9 53 64 78 30 9 71 38 88 78 78 78 9 9 71 38 91 88 9 -1 91 9 50 54 28 38 40 88 40 13 64 78 -1 9 64 52 78 
6 52 52 87 72 72 -1 84 52 52 84 -1 39 84 52 72 55 84 52 72 72 55 87 52 72 6 52 78 52 96 52 72 84 55 6 72 6 55 84 6 52 72 84 55 55 34 52 55 72 72 81 72 6 52 72 6 6 87 59 6 72 6 72 55 61 72 55 80 55 72 34 59 -1 55 72 72 90 52 34 55 6 72 55 87 6 59 6 72 52 72 72 52 36 52 52 6 
39 53 24 86 24 24 39 53 59 24 53 39 -1 53 59 53 63 32 53 31 49 86 31 24 -1 39 53 53 53 96 53 24 24 39 39 86 39 53 84 -1 53 53 53 53 86 94 53 53 39 39 53 62 53 -1 24 39 39 60 59 24 53 39 48 53 59 53 59 53 53 24 39 59 24 39 32 32 53 54 39 53 24 53 53 39 24 32 53 53 76 48 24 32 39 53 24 39 
38 40 40 40 88 40 84 84 10 10 -1 84 53 -1 38 84 38 78 40 49 38 88 56 40 84 38 38 10 38 96 38 38 84 40 78 88 38 40 -1 38 -1 43 78 40 88 64 40 40 84 38 27 64 38 40 88 38 40 38 40 40 85 38 84 85 10 58 38 88 40 78 85 10 40 40 38 88 88 88 10 88 88 40 85 38 38 40 88 40 -1 40 78 10 10 40 52 38 
59 59 52 20 9 59 52 30 -1 8 9 52 59 38 -1 93 20 74 52 49 -1 79 74 52 59 38 52 79 9 96 8 20 74 49 57 49 59 59 20 59 59 49 66 66 55 64 30 79 89 20 79 64 8 79 79 20 59 20 59 -1 57 64 49 20 -1 59 20 79 59 59 85 59 49 71 -1 66 59 8 79 -1 79 59 79 28 38 59 59 57 79 64 59 79 9 64 52 49 
69 53 93 60 69 69 84 53 53 93 84 72 53 84 93 -1 63 84 53 81 60 86 56 53 69 84 53 53 60 96 53 63 84 53 69 86 69 53 84 53 53 53 84 53 86 69 53 84 84 53 53 84 53 -1 69 72 53 60 53 69 -1 89 84 53 93 53 84 53 84 -1 69 84 69 84 84 84 53 89 69 53 72 69 85 60 -1 60 53 53 76 69 76 84 60 -1 69 53 
36 59 31 -1 31 31 55 30 20 92 38 55 63 38 20 63 -1 47 63 31 -1 47 31 31 31 38 30 78 30 96 20 -1 74 55 57 49 31 3 20 31 37 47 47 55 55 31 95 -1 62 20 37 62 55 63 31 -1 31 3 37 20 57 36 47 -1 20 31 20 37 3 72 85 47 55 55 20 31 63 20 47 47 55 31 55 36 38 63 3 3 86 62 31 79 -1 47 55 47 
49 59 93 68 71 32 84 42 59 71 78 84 32 78 74 84 47 -1 53 49 66 47 74 91 32 84 75 78 71 96 42 32 -1 49 78 71 32 47 84 32 85 42 -1 42 55 68 42 42 62 42 47 71 84 42 66 47 68 66 47 32 85 93 47 85 93 42 42 75 42 32 85 42 32 71 32 32 53 66 42 47 75 47 85 87 32 32 66 42 71 69 78 32 47 42 32 47 
56 -1 40 40 40 40 52 53 52 52 40 52 53 40 52 53 63 53 -1 53 40 86 56 40 53 56 52 53 52 96 52 56 85 40 56 86 56 40 40 53 -1 53 53 40 86 56 40 40 89 53 53 89 -1 -1 68 52 -1 52 40 1 53 52 89 53 89 53 59 40 56 89 85 59 89 40 56 56 1 89 40 53 52 40 85 52 52 40 53 40 40 -1 76 40 52 40 52 56 
49 59 81 31 31 31 49 49 49 31 49 72 31 49 49 81 31 49 53 -1 49 86 31 31 31 49 81 81 49 96 49 -1 31 49 49 49 31 81 49 31 81 49 49 49 86 31 81 31 62 -1 81 62 81 49 31 31 31 49 81 49 53 49 49 31 45 31 49 81 81 81 39 49 49 49 31 31 53 54 47 81 72 -1 49 36 62 59 81 31 49 81 31 31 31 81 31 49 
49 59 66 16 66 31 49 30 14 14 38 72 49 38 -1 60 -1 66 40 49 -1 47 74 49 59 38 30 38 30 96 -1 16 74 49 57 49 31 16 -1 49 38 49 66 66 55 57 30 16 62 -1 79 62 14 30 66 16 49 -1 59 14 57 49 49 16 14 49 -1 75 16 49 57 49 49 49 -1 66 53 14 38 14 72 49 66 30 38 59 66 57 38 64 62 38 16 64 55 49 
86 59 86 86 88 47 55 86 59 71 78 55 86 88 79 86 47 47 86 86 47 -1 47 88 59 86 67 78 86 96 47 47 47 55 78 86 86 47 47 86 47 47 47 86 86 68 95 -1 62 62 47 62 55 86 79 47 86 86 47 47 86 86 47 47 62 47 86 47 47 86 78 47 55 55 47 62 86 67 47 47 55 86 86 86 47 47 -1 86 86 62 62 79 47 47 55 47 
56 56 87 87 31 31 56 65 74 64 64 87 31 56 74 56 31 74 56 31 74 47 -1 31 31 56 75 78 87 96 74 -1 74 75 45 75 31 65 74 31 56 65 65 65 55 -1 87 31 75 31 56 64 56 56 31 31 -1 87 65 56 87 56 75 31 45 -1 75 75 45 45 45 65 87 75 -1 -1 56 64 45 74 75 31 75 87 74 74 56 -1 75 56 31 74 31 64 45 56 
39 40 5 40 5 -1 52 46 52 5 91 52 24 40 52 53 31 91 40 31 49 88 31 -1 5 39 52 91 52 96 52 5 91 -1 39 88 31 40 40 5 -1 49 47 5 55 94 5 40 39 33 40 62 -1 40 5 33 40 52 40 24 85 52 49 85 61 31 54 88 40 24 39 5 5 33 91 73 88 52 90 91 5 5 54 52 24 40 88 5 -1 40 5 -1 9 5 52 49 
59 59 5 59 5 -1 84 84 59 5 84 72 -1 84 59 69 31 32 53 31 59 59 31 5 -1 84 94 53 84 96 59 5 -1 23 69 71 31 59 84 5 5 69 84 5 94 94 5 59 39 59 53 71 94 12 5 94 59 69 59 -1 53 59 84 53 59 59 59 59 54 -1 39 59 5 71 32 32 53 54 69 54 5 69 54 36 -1 32 53 5 5 69 5 32 9 5 -1 59 
-1 59 39 86 38 39 0 84 59 38 38 6 39 38 38 84 38 84 56 49 38 86 56 39 84 -1 38 38 38 96 38 36 84 39 0 49 0 59 -1 0 38 49 84 86 86 34 84 84 39 0 38 84 6 84 39 6 0 34 59 0 84 0 84 38 61 49 38 38 56 34 34 59 49 39 38 84 59 59 34 38 6 84 85 36 -1 59 0 36 38 61 84 38 36 84 84 0 
52 52 52 57 28 52 52 30 52 28 28 52 53 38 52 53 30 75 52 81 30 67 75 52 94 38 -1 28 -1 96 28 52 75 52 57 75 83 67 28 52 52 30 67 52 55 94 52 67 75 30 67 64 -1 52 77 52 52 28 67 52 57 52 75 30 28 67 75 -1 67 57 57 28 80 75 30 67 88 67 28 67 67 52 52 28 38 52 88 52 67 52 52 52 28 52 52 52 
78 53 81 50 10 90 78 53 10 10 -1 78 53 10 79 53 78 78 53 81 38 78 78 91 53 38 28 -1 10 96 10 78 91 78 78 71 78 50 10 53 13 53 78 53 78 78 53 78 78 38 -1 64 10 50 79 78 53 78 50 50 53 64 78 53 10 53 78 50 50 78 78 10 78 71 38 67 53 10 -1 50 10 50 79 28 38 40 53 50 13 53 78 10 10 78 78 78 
38 52 52 57 9 9 52 30 9 -1 9 52 53 38 9 60 30 71 52 49 30 86 87 52 84 38 -1 10 -1 96 -1 83 84 52 57 71 83 57 -1 9 38 30 71 52 55 57 30 30 84 30 27 64 -1 30 9 52 52 -1 57 9 57 52 84 30 9 71 30 26 57 57 57 9 87 71 30 67 52 9 10 67 9 52 52 -1 38 60 57 57 9 52 9 10 9 52 52 38 
96 96 96 96 96 96 96 96 96 96 96 96 96 96 96 96 96 96 96 96 96 96 96 96 96 96 96 96 96 -1 96 96 96 96 96 96 96 96 96 96 96 96 96 96 96 96 96 96 96 96 96 96 96 96 96 96 96 96 96 96 96 96 96 96 96 96 96 96 96 96 96 96 96 96 96 96 96 96 96 96 96 96 96 96 96 96 96 96 96 96 96 96 96 96 96 96 
49 59 46 20 9 9 52 -1 -1 8 9 52 53 38 8 53 20 42 52 49 -1 47 74 52 59 38 28 10 -1 96 -1 20 74 49 57 49 83 59 20 49 85 7 41 41 55 57 7 20 62 20 53 62 8 7 66 20 49 20 59 8 53 52 49 -1 9 41 20 28 20 41 85 9 49 49 20 66 53 8 10 14 9 46 85 28 7 63 53 41 9 77 59 10 9 42 52 46 
36 56 5 16 5 -1 36 87 9 5 9 72 24 38 20 63 -1 32 56 -1 16 47 -1 5 5 36 52 78 83 96 20 -1 24 23 36 49 -1 16 20 5 5 87 47 5 55 22 5 16 39 19 81 62 5 63 5 16 22 87 65 24 87 36 47 16 45 22 20 75 16 24 39 5 5 75 22 22 90 54 47 47 5 19 54 36 24 63 16 -1 5 48 5 23 16 5 24 36 
59 59 24 59 24 24 84 84 59 91 91 84 24 84 74 84 74 -1 85 31 74 47 74 91 -1 84 75 91 84 96 74 24 -1 75 69 75 31 59 84 24 85 42 17 75 84 74 84 42 75 74 91 75 84 24 24 84 74 74 59 24 85 59 75 85 74 74 75 75 42 24 85 42 24 75 -1 -1 53 75 42 91 75 69 85 84 -1 -1 75 74 75 69 24 -1 74 42 24 47 
39 40 23 55 23 23 55 49 52 73 91 55 39 40 49 53 55 49 40 49 49 55 75 -1 23 39 52 78 52 96 49 23 75 -1 39 49 39 40 49 -1 23 49 49 55 55 68 95 55 39 -1 40 62 23 39 23 -1 39 49 40 39 53 39 49 55 49 49 49 75 55 49 39 73 49 -1 49 73 88 52 55 55 55 49 73 39 55 40 39 49 23 48 23 23 55 23 55 49 
-1 59 81 57 39 39 0 69 59 57 78 6 39 78 57 69 57 78 56 49 57 78 45 39 69 0 57 78 57 96 57 36 69 39 -1 49 0 57 25 0 85 69 78 69 86 -1 95 78 39 0 78 64 6 60 68 6 0 -1 59 0 57 0 49 85 45 45 57 57 45 -1 -1 59 69 39 45 45 90 64 -1 78 6 69 85 36 6 70 0 57 86 69 70 78 57 64 45 0 
49 71 86 86 71 71 49 49 71 71 71 72 86 88 49 86 49 71 86 49 49 86 75 88 71 49 75 71 71 96 49 49 75 49 49 -1 49 71 49 49 88 49 71 86 86 75 95 62 62 -1 86 71 88 86 71 49 49 49 71 71 86 49 49 86 71 71 75 75 71 49 49 -1 49 71 49 -1 88 75 71 75 75 86 73 49 62 71 -1 49 -1 61 62 75 71 71 55 49 
-1 59 31 31 31 31 0 49 59 92 92 6 39 38 59 69 31 32 56 31 31 86 31 31 31 0 83 78 83 96 83 -1 31 39 0 49 -1 59 25 0 31 49 47 86 86 31 95 31 39 0 59 62 6 86 31 6 0 92 59 0 92 0 49 31 61 31 59 59 56 34 34 59 31 39 31 31 59 54 34 47 6 31 54 -1 6 59 0 31 86 61 31 31 -1 31 31 0 
59 59 40 -1 68 40 55 53 59 59 40 55 53 40 59 53 3 47 40 81 16 47 65 40 59 59 67 50 57 96 59 16 59 40 57 71 59 -1 40 59 -1 47 47 40 55 68 40 -1 62 59 -1 62 40 50 68 47 68 3 -1 -1 53 59 47 16 59 58 59 -1 -1 81 85 59 55 71 59 67 53 67 47 47 67 -1 68 87 47 40 3 3 67 40 58 40 16 40 55 47 
25 40 40 20 10 84 84 84 10 10 -1 84 84 -1 20 84 20 84 40 49 -1 47 74 40 84 -1 28 10 -1 96 20 20 84 49 25 49 25 40 -1 25 13 49 84 66 55 34 84 20 84 20 27 84 28 84 66 20 25 20 40 20 57 25 84 20 10 49 20 28 84 84 34 10 49 49 20 66 88 10 10 20 84 84 66 28 -1 40 25 57 13 40 78 10 10 84 52 25 
-1 59 5 86 5 -1 0 53 59 5 9 6 -1 38 59 53 31 32 53 31 49 86 31 5 5 0 52 53 9 96 49 5 24 -1 0 49 0 59 25 -1 5 49 49 5 55 34 5 55 -1 0 53 62 5 12 5 33 0 34 59 0 53 0 48 53 61 31 54 59 54 24 -1 5 5 33 31 62 53 54 34 54 5 5 54 36 6 70 0 5 5 48 5 23 36 5 24 0 
56 18 -1 37 5 2 52 46 52 13 13 52 53 -1 59 53 37 85 -1 81 38 47 56 -1 5 38 52 13 38 96 85 5 85 23 85 88 31 -1 13 5 -1 43 47 2 55 68 2 37 89 33 37 62 2 18 5 33 18 37 37 37 85 52 47 85 89 58 43 37 37 81 85 59 5 33 85 67 18 67 13 47 67 2 85 87 38 -1 37 2 13 18 5 23 13 2 52 46 
49 53 43 87 71 43 49 -1 30 71 78 72 53 43 49 53 47 42 53 49 49 47 65 49 69 49 30 53 30 96 7 87 42 49 69 49 49 47 49 49 43 -1 -1 -1 55 65 7 42 62 -1 53 62 43 -1 66 43 49 87 65 49 53 49 49 53 89 -1 42 47 42 -1 69 42 49 49 49 49 53 89 42 47 72 69 43 87 7 60 43 -1 49 69 62 42 87 42 55 49 
49 66 93 68 71 66 84 41 66 71 78 84 53 78 66 84 47 -1 53 49 66 47 65 47 84 84 67 78 71 96 41 47 17 49 78 71 47 47 84 49 47 -1 -1 41 55 68 41 -1 62 41 47 71 84 41 66 47 68 66 47 66 53 93 47 47 93 41 -1 47 -1 41 78 -1 49 71 32 66 53 66 -1 47 71 47 43 87 -1 32 66 41 71 69 78 32 47 -1 55 47 
86 66 -1 86 5 2 55 41 52 5 40 55 53 40 66 53 55 42 40 49 66 86 65 5 5 86 52 53 52 96 41 5 75 55 69 86 86 40 66 5 2 -1 41 -1 55 68 2 55 39 41 53 62 2 41 66 -1 68 66 65 66 53 52 49 53 93 41 -1 75 55 41 85 42 55 82 66 66 53 66 42 55 55 2 -1 87 41 82 -1 2 86 69 5 23 55 2 55 46 
86 86 55 86 88 72 55 86 55 86 78 55 86 88 55 86 55 55 86 86 55 86 55 55 94 86 55 78 55 96 55 55 84 55 86 86 86 55 55 55 55 55 55 55 -1 68 55 55 55 55 86 62 55 86 68 -1 68 86 55 86 86 86 55 55 68 55 86 88 55 72 55 86 55 55 55 86 86 68 55 55 55 86 55 86 55 63 -1 72 86 72 62 55 55 55 55 55 
34 56 87 68 64 31 34 65 64 64 64 34 94 64 64 69 31 68 56 31 57 68 -1 94 94 34 94 78 57 96 57 22 74 68 -1 75 31 68 34 34 68 65 68 68 68 -1 87 68 89 34 68 64 94 56 68 68 22 34 65 34 57 64 64 31 -1 22 68 68 -1 34 34 64 68 75 22 22 90 64 34 64 75 68 68 87 68 70 34 22 64 64 70 64 57 64 -1 34 
95 40 -1 87 5 2 52 -1 30 5 40 52 53 40 30 53 95 42 40 81 30 95 87 5 5 84 52 53 30 96 7 5 84 95 95 95 95 40 84 5 2 7 41 2 55 87 -1 95 39 95 53 81 2 7 5 43 95 87 40 95 53 52 81 30 93 41 43 40 40 41 39 5 5 82 30 66 53 30 95 95 5 2 43 87 7 40 43 2 5 40 5 23 87 2 52 -1 
95 59 40 16 71 31 55 42 59 71 78 55 53 40 79 84 -1 42 40 31 16 -1 31 40 59 84 67 78 30 96 20 16 42 55 78 62 31 -1 20 55 37 42 -1 55 55 68 95 -1 62 62 37 62 55 42 79 -1 68 16 37 37 53 95 -1 16 62 42 42 37 37 42 78 42 55 55 20 62 90 67 -1 -1 55 37 55 36 42 40 21 16 67 62 62 79 16 42 55 -1 
39 89 39 62 39 39 39 84 89 89 78 72 39 84 89 84 62 62 89 62 62 62 75 39 39 39 75 78 84 96 62 39 75 39 39 62 39 62 84 -1 89 62 62 39 55 89 39 62 -1 62 81 62 89 39 39 39 39 39 90 39 53 89 -1 53 89 62 75 75 54 89 39 62 62 39 62 62 90 89 62 62 72 62 54 39 62 70 39 72 39 -1 62 39 39 89 39 39 
-1 59 43 20 71 72 0 41 20 71 38 72 39 38 20 53 20 42 53 -1 -1 62 31 33 59 0 30 38 30 96 20 19 74 -1 0 -1 0 59 20 0 33 -1 41 41 55 34 95 62 62 -1 53 62 6 41 66 33 0 20 59 0 53 0 -1 20 20 41 20 75 42 41 34 35 -1 33 20 35 53 20 34 20 72 19 43 36 62 59 0 41 35 61 62 33 20 42 55 -1 
59 53 81 37 79 79 53 53 59 27 27 81 53 27 79 53 37 47 53 81 79 47 56 40 53 38 67 -1 27 96 53 81 91 40 78 86 59 -1 27 53 37 53 47 53 86 68 53 37 81 53 -1 81 53 -1 79 47 53 37 37 37 53 53 81 53 79 53 59 37 37 81 53 59 81 71 79 67 53 67 27 -1 67 -1 79 87 53 40 53 37 67 53 58 79 27 53 53 47 
62 71 81 62 71 71 84 84 64 64 64 72 62 64 64 84 62 71 89 62 62 62 64 62 71 84 64 64 64 96 62 62 75 62 64 71 62 62 84 62 62 62 71 62 62 64 81 62 62 62 81 -1 64 62 71 62 62 62 71 71 84 64 -1 62 -1 71 71 75 64 72 90 -1 62 71 64 62 90 64 62 62 71 62 73 64 62 71 71 72 71 64 62 64 64 64 64 62 
6 18 -1 57 5 2 -1 30 -1 8 9 6 53 38 8 53 55 84 -1 81 14 55 56 -1 94 6 -1 10 -1 96 8 5 84 23 6 88 6 40 28 5 2 43 84 2 55 94 2 55 89 6 53 64 -1 18 5 6 18 28 59 8 53 -1 81 30 61 43 43 26 55 81 34 9 5 33 14 67 18 8 10 14 6 2 43 28 6 40 6 2 23 18 5 23 9 2 -1 6 
86 18 40 86 88 24 52 -1 30 30 50 52 -1 40 79 -1 63 42 -1 49 30 86 56 40 12 84 52 50 30 96 7 63 24 39 60 86 86 50 84 12 18 -1 41 41 86 56 7 42 39 41 -1 62 18 -1 79 43 18 60 50 18 -1 52 49 -1 89 41 86 50 42 15 39 42 49 39 30 86 -1 89 42 50 52 50 43 87 7 60 -1 41 76 18 76 79 60 15 24 46 
39 66 5 68 -1 -1 68 46 77 4 9 72 24 88 79 69 31 66 68 31 66 79 31 5 5 39 77 79 9 96 66 5 24 23 68 71 31 68 66 5 5 66 66 66 68 68 5 79 39 66 79 71 5 79 -1 68 68 66 66 66 85 77 72 85 77 71 -1 77 -1 24 39 4 5 82 66 66 88 -1 66 -1 4 5 -1 28 24 82 66 5 4 77 5 79 9 5 24 79 
6 52 43 16 68 72 -1 43 52 92 78 6 39 38 20 72 -1 47 52 31 16 47 31 33 94 6 52 78 52 96 20 16 84 -1 6 49 6 47 20 33 33 43 47 -1 -1 68 43 -1 39 33 47 62 6 43 68 -1 68 16 47 6 53 6 47 16 68 43 43 47 -1 72 39 47 -1 33 20 62 53 68 47 47 6 43 43 87 6 63 43 72 33 72 62 33 16 43 -1 47 
-1 18 40 68 68 31 0 53 52 52 38 6 39 40 59 53 31 68 -1 31 49 86 -1 40 59 0 52 53 52 96 49 22 74 39 0 49 0 68 25 0 18 49 68 68 68 22 95 68 39 0 53 62 18 18 68 68 -1 34 59 0 53 0 49 53 45 22 59 68 -1 34 34 59 49 75 22 22 18 68 34 68 6 68 68 36 6 40 0 22 86 18 31 40 36 68 45 0 
34 52 87 -1 28 87 34 30 20 28 28 87 60 38 20 60 3 66 52 49 -1 86 87 52 69 34 28 78 -1 96 20 87 74 49 -1 49 92 3 20 34 37 87 66 66 86 34 87 16 39 20 37 62 28 60 66 16 34 -1 37 20 -1 34 49 16 20 87 20 28 3 34 34 28 87 49 20 66 60 20 34 20 87 37 85 28 38 60 3 -1 86 69 70 28 -1 60 45 34 
59 59 40 37 71 90 59 65 59 59 90 59 59 40 59 53 37 47 40 81 59 47 65 40 59 59 67 50 57 96 59 65 59 40 59 71 59 -1 40 59 37 65 47 65 55 65 40 37 90 59 37 71 59 50 66 47 59 37 -1 -1 85 59 90 85 59 -1 59 37 37 59 90 59 90 71 59 65 90 59 90 47 67 37 85 59 59 59 37 37 67 40 -1 40 37 40 59 47 
-1 -1 24 37 71 24 0 30 -1 8 9 6 24 40 -1 69 20 32 1 49 14 47 56 24 -1 0 52 50 9 96 8 24 24 39 0 71 0 -1 20 0 37 49 66 66 86 34 95 37 39 0 37 71 8 18 66 6 0 20 -1 -1 85 0 47 85 14 58 -1 37 37 24 85 -1 24 71 14 66 1 8 34 14 6 37 85 36 24 -1 0 37 67 18 58 32 9 64 24 0 
57 53 85 57 57 53 84 53 85 57 53 72 53 85 57 -1 57 85 53 53 57 86 87 85 53 84 57 53 57 96 53 87 85 53 57 86 92 53 57 53 85 53 53 53 86 57 53 53 53 53 53 84 53 -1 85 53 53 -1 85 85 -1 53 84 53 93 53 57 53 57 15 85 85 69 85 57 85 53 85 57 53 72 53 85 57 15 -1 53 57 76 53 76 85 57 15 53 53 
-1 52 52 86 64 39 0 49 52 64 64 6 39 38 64 89 36 93 52 49 49 86 56 52 59 0 52 64 52 96 52 36 59 39 0 49 0 59 25 0 52 49 93 52 86 64 52 95 89 0 53 64 -1 52 77 6 0 34 59 0 53 -1 49 52 -1 49 59 52 56 89 34 59 49 39 64 49 52 64 34 64 6 52 52 36 6 59 0 52 52 -1 39 52 36 64 52 0 
49 90 81 47 71 72 84 84 49 64 78 72 48 84 49 84 47 47 89 49 49 47 75 49 84 84 75 78 84 96 49 47 75 49 49 49 49 47 84 48 47 49 47 49 55 64 81 -1 -1 -1 81 -1 81 49 72 47 49 49 90 47 84 49 -1 47 51 49 75 75 47 72 90 51 -1 75 49 -1 90 64 47 47 72 -1 75 87 -1 75 81 72 49 48 -1 75 47 47 55 47 
85 53 85 16 30 31 55 30 30 30 30 55 53 85 20 53 -1 85 53 31 16 47 31 85 53 38 30 53 30 96 -1 16 85 55 85 86 31 16 20 53 85 53 47 53 55 31 30 16 53 20 53 62 30 -1 85 16 53 16 85 85 53 52 47 -1 20 53 20 30 16 53 85 85 55 85 20 85 53 30 47 47 55 53 85 30 30 -1 53 16 76 53 76 85 16 53 55 47 
61 59 93 68 9 9 61 30 9 -1 9 61 59 10 -1 93 20 93 89 45 14 62 45 61 59 61 28 10 9 96 9 45 74 49 45 71 61 59 10 61 89 89 93 93 68 -1 93 62 89 20 79 -1 61 89 77 68 45 20 59 14 93 -1 51 20 -1 45 20 77 45 89 45 9 62 71 14 45 59 -1 10 14 9 62 77 28 62 59 61 45 9 -1 62 10 9 -1 45 61 
49 59 43 58 71 31 49 41 59 71 71 72 53 58 59 53 31 42 53 31 49 47 -1 31 59 49 67 53 71 96 41 22 74 49 45 71 31 58 49 31 58 -1 41 41 55 22 41 42 62 41 53 71 43 41 71 43 22 87 -1 58 53 49 49 53 45 -1 42 58 42 41 90 -1 49 71 22 22 53 59 42 47 71 58 43 87 41 59 43 22 71 69 58 71 71 42 45 49 
59 59 43 86 54 54 55 30 59 54 38 55 59 38 20 84 20 42 59 49 -1 86 75 54 59 38 75 78 30 96 20 20 75 49 57 75 59 59 20 54 43 42 -1 -1 86 68 43 42 75 20 59 71 43 86 -1 43 59 20 59 -1 57 59 75 20 20 42 -1 75 42 42 85 42 49 75 20 -1 59 54 42 54 75 86 43 30 42 59 -1 42 86 77 54 75 20 42 55 47 
59 59 40 37 80 77 80 30 77 28 88 80 53 88 79 53 37 75 40 81 75 47 75 88 59 38 -1 50 26 96 28 75 75 75 57 75 59 -1 28 59 37 47 47 75 88 68 40 37 75 75 37 75 26 50 77 47 68 28 37 37 53 52 75 30 77 58 75 -1 37 80 85 59 80 75 75 -1 88 -1 47 -1 -1 37 75 28 75 40 88 37 -1 77 58 79 28 77 52 47 
56 56 40 -1 54 54 55 42 59 54 78 55 53 40 59 84 3 42 56 81 16 47 45 40 54 56 67 50 57 96 20 16 42 55 45 71 56 -1 84 54 37 42 -1 55 55 -1 40 37 54 42 37 64 55 42 -1 -1 -1 3 37 37 57 56 47 16 45 42 42 37 -1 42 45 42 55 55 45 45 53 54 42 54 54 37 54 87 42 40 3 3 54 56 54 79 16 42 45 47 
34 59 81 57 24 24 34 41 59 89 78 72 24 78 59 -1 72 32 89 81 49 86 45 24 -1 34 57 78 57 96 41 24 24 49 -1 49 34 81 84 24 81 -1 41 41 72 34 41 42 89 41 81 72 81 15 24 72 34 34 59 24 15 89 72 53 89 41 42 80 42 -1 34 42 -1 49 32 32 53 89 34 81 72 -1 43 87 15 32 81 41 86 -1 24 32 57 15 24 34 
34 85 39 57 39 39 34 53 85 39 78 34 39 85 85 69 85 85 85 39 57 78 45 39 39 34 57 78 57 96 85 39 85 39 -1 49 34 85 34 -1 85 69 78 85 55 34 39 78 39 34 53 90 34 39 39 39 34 34 90 85 85 34 90 85 45 90 85 85 45 34 -1 85 39 39 85 85 90 54 34 54 34 69 85 36 85 -1 34 57 90 48 -1 85 57 39 45 34 
59 59 5 59 -1 4 59 42 9 -1 9 59 59 10 59 84 47 42 59 49 49 47 65 5 59 59 28 10 9 96 9 5 42 73 59 -1 59 59 10 5 59 42 -1 42 86 64 5 42 62 35 59 -1 9 42 4 47 59 28 59 -1 85 59 51 85 9 -1 42 59 42 42 85 -1 5 -1 59 35 59 9 42 47 4 59 73 28 42 59 35 42 4 64 5 10 9 42 59 47 
49 59 5 87 5 -1 11 49 9 5 9 -1 24 40 49 69 55 32 89 49 49 55 87 5 5 49 80 78 87 96 49 5 24 49 69 49 31 55 49 5 5 49 49 55 55 68 5 55 62 -1 81 62 5 49 5 -1 49 87 90 24 69 49 -1 55 62 49 49 80 55 -1 39 5 -1 49 49 62 90 54 55 54 -1 62 54 87 62 32 49 -1 5 69 5 23 55 5 55 49 
39 71 82 55 71 33 55 49 71 71 71 55 39 40 71 84 55 71 40 49 49 55 75 33 71 39 75 71 71 96 49 75 75 -1 39 71 39 71 49 33 33 49 71 82 55 75 82 55 39 33 71 71 33 39 82 33 75 49 71 71 85 39 75 85 71 71 75 75 55 49 39 -1 49 -1 75 -1 71 75 71 75 75 75 -1 71 71 82 71 75 33 48 75 33 71 71 55 49 
49 59 87 20 14 31 84 30 14 14 38 72 32 38 -1 84 20 32 56 31 -1 47 -1 91 32 38 30 38 30 96 20 22 -1 49 45 49 31 59 20 31 85 49 32 66 55 22 30 20 62 20 79 64 14 30 66 20 22 20 59 14 57 64 49 20 14 22 20 75 45 32 85 59 49 75 -1 22 59 14 38 14 75 31 85 87 32 32 66 22 38 64 31 32 20 64 32 49 
49 66 66 67 80 31 80 84 66 71 91 72 32 88 66 84 31 32 56 31 66 62 -1 73 32 84 67 67 67 96 66 22 -1 73 45 -1 31 67 66 62 67 49 66 66 86 22 66 62 62 35 67 62 67 86 66 62 22 66 65 66 85 49 -1 85 45 22 -1 -1 45 32 85 35 62 -1 22 -1 88 67 62 67 -1 62 73 87 32 32 35 22 35 62 62 32 31 66 32 49 
59 -1 90 86 88 90 52 53 59 88 88 90 53 88 59 53 63 53 1 53 53 86 56 88 53 59 88 53 52 96 53 90 53 88 90 88 59 53 88 53 18 53 53 53 86 90 53 90 90 53 53 90 18 -1 88 53 18 60 90 1 53 52 90 53 59 53 59 88 53 53 90 59 90 71 59 88 -1 88 90 53 88 53 53 87 53 59 53 53 -1 18 -1 88 60 53 52 53 
59 59 52 67 54 54 52 30 -1 8 9 52 54 88 8 89 20 66 89 54 14 67 64 52 54 59 67 10 9 96 8 54 75 52 64 75 54 67 10 54 67 89 66 66 68 64 30 67 89 20 67 64 8 89 -1 68 68 20 59 8 85 64 64 30 -1 59 54 -1 54 89 54 9 54 75 14 67 88 -1 10 54 67 67 54 28 30 59 66 52 67 -1 54 79 9 64 52 59 
34 90 90 47 10 90 34 42 10 10 -1 34 39 10 79 69 47 42 40 47 38 47 45 90 69 34 28 -1 10 96 10 47 42 55 -1 71 34 47 10 34 13 42 -1 42 55 34 95 -1 62 34 27 62 10 42 66 47 34 34 90 34 57 34 47 47 10 42 42 47 42 34 34 42 55 71 38 62 90 10 -1 47 10 47 43 28 42 70 34 42 13 69 -1 10 10 42 45 47 
59 59 54 47 54 54 55 53 14 14 91 55 53 88 -1 53 47 47 53 81 14 47 74 91 54 38 67 50 67 96 14 47 91 55 78 75 47 47 20 54 47 47 47 55 55 64 95 -1 62 20 -1 62 14 50 -1 47 68 20 47 14 53 64 47 47 14 47 54 -1 54 81 54 47 54 75 14 67 53 54 47 -1 67 50 54 67 47 59 47 47 67 64 54 -1 47 47 55 47 
6 52 5 67 -1 4 -1 84 9 4 9 6 24 88 79 72 55 75 52 72 72 55 75 5 5 6 67 10 9 96 9 5 75 55 6 75 6 67 84 5 67 72 71 55 55 75 5 55 72 72 67 71 6 52 4 6 6 87 67 6 72 6 72 55 9 71 75 -1 54 72 34 4 -1 75 75 -1 88 67 10 67 -1 67 54 87 6 75 6 72 4 72 5 75 9 5 52 6 
86 59 -1 37 5 2 52 46 52 5 50 72 53 40 59 69 31 47 40 -1 49 86 31 5 69 84 52 50 52 96 46 19 69 49 69 86 31 -1 84 5 2 69 47 2 86 68 2 37 62 19 -1 62 2 50 5 43 68 37 37 37 53 52 -1 53 62 58 86 37 37 -1 69 59 62 75 31 62 53 67 47 50 67 -1 43 87 62 40 -1 2 86 69 62 79 31 2 52 46 
85 85 43 68 54 54 55 43 77 54 54 55 53 85 79 85 55 85 85 49 66 86 75 54 54 85 52 79 52 96 85 54 85 73 85 73 54 68 66 54 85 43 43 -1 55 68 43 55 54 43 79 73 43 43 -1 43 68 85 85 85 85 52 75 85 77 43 43 75 54 43 85 73 54 -1 85 73 53 54 43 54 54 43 -1 87 85 -1 43 43 54 77 54 79 54 43 55 46 
36 52 87 87 28 36 36 30 28 28 28 87 39 38 28 60 36 87 52 36 30 86 87 52 36 36 28 28 -1 96 28 36 84 39 36 49 -1 87 28 36 87 87 87 87 86 87 87 36 39 36 87 64 28 87 28 87 36 28 59 36 57 36 87 30 28 87 30 28 87 87 36 28 87 71 87 87 87 28 28 67 87 87 87 -1 38 59 36 -1 28 52 36 28 36 87 52 36 
6 59 24 68 24 24 -1 -1 30 38 38 6 24 38 38 -1 38 32 52 62 38 47 74 24 -1 -1 38 38 38 96 7 24 -1 55 6 62 6 47 -1 6 38 7 -1 41 55 68 7 42 62 62 53 62 6 7 24 6 6 38 59 24 15 6 -1 30 62 41 42 75 42 15 85 42 62 71 32 32 53 30 42 47 6 62 85 38 -1 32 6 41 38 62 62 32 36 15 24 6 
59 59 40 40 71 32 59 60 59 59 40 59 32 40 59 60 63 32 40 59 59 47 74 40 32 59 52 40 60 96 63 63 -1 40 70 71 59 40 40 70 -1 60 32 82 63 70 40 40 70 59 40 71 40 60 82 63 40 60 59 -1 -1 59 75 -1 59 59 59 40 40 32 -1 59 32 82 32 32 59 59 70 59 75 40 -1 59 32 -1 59 40 40 40 70 32 60 40 32 59 
-1 53 43 -1 88 39 0 53 59 71 88 6 53 88 59 53 3 66 53 81 66 -1 56 88 53 0 88 53 57 96 53 16 75 39 0 -1 0 3 25 0 37 43 66 -1 -1 34 43 21 39 0 53 71 6 -1 66 43 0 3 37 0 53 0 81 53 61 43 -1 88 3 81 34 35 49 71 66 35 53 66 34 47 6 -1 43 36 6 59 -1 3 -1 53 76 88 16 43 55 0 
36 40 -1 -1 5 2 52 41 52 57 40 72 53 40 57 53 3 42 40 31 57 86 -1 5 5 36 52 50 57 96 41 -1 74 49 57 49 31 3 57 5 2 -1 41 2 72 22 2 16 72 41 37 72 2 41 5 72 22 -1 37 37 57 52 72 16 45 22 42 37 3 41 57 42 -1 75 22 22 53 52 42 47 72 2 43 -1 41 40 3 -1 86 69 5 23 57 2 45 46 
86 76 5 86 -1 4 52 76 9 4 13 52 76 -1 79 76 86 71 40 49 38 86 75 -1 5 38 67 13 9 96 9 5 75 23 86 -1 86 67 13 5 13 49 71 86 86 64 5 67 39 35 67 71 23 76 4 33 86 86 67 67 76 52 49 76 9 71 86 -1 54 86 90 4 5 33 38 35 -1 67 13 67 4 86 54 28 38 40 -1 86 -1 77 76 23 9 5 52 49 
61 18 40 40 64 48 52 53 77 64 64 72 48 40 64 69 62 69 -1 81 64 62 56 40 69 61 52 53 52 96 77 48 69 48 69 61 61 40 40 48 18 69 69 69 72 64 40 62 -1 61 53 64 18 18 77 72 18 69 40 18 53 -1 48 53 -1 69 77 77 56 -1 48 64 69 48 64 62 18 -1 69 64 72 69 77 52 62 40 53 69 77 -1 62 40 64 64 52 61 
39 76 5 58 5 -1 84 76 59 5 78 72 24 78 59 76 31 78 76 31 62 62 31 5 5 84 52 78 9 96 59 5 24 23 70 62 31 58 78 5 5 62 78 5 62 70 5 62 62 62 58 62 5 76 5 62 31 70 -1 58 76 39 -1 76 62 58 54 58 54 24 -1 5 5 75 31 62 -1 54 -1 54 5 62 54 36 62 70 76 5 76 62 -1 23 9 5 24 62 
38 40 23 40 10 23 52 84 10 10 -1 52 32 10 79 84 79 32 40 31 38 79 74 -1 32 38 52 10 10 96 10 23 -1 23 78 75 31 40 10 23 23 42 32 23 55 64 23 79 39 33 79 64 23 79 79 33 40 28 40 32 85 52 75 85 10 71 75 79 79 32 85 10 23 33 32 32 88 79 10 -1 75 79 79 28 32 32 88 23 23 40 23 -1 10 23 32 79 
36 59 87 16 9 9 36 30 9 -1 9 36 39 10 9 60 -1 47 52 31 16 47 31 9 9 36 28 10 9 96 9 16 74 55 57 71 -1 16 10 36 13 87 47 55 55 57 87 16 39 20 27 64 9 60 9 16 36 -1 37 9 57 36 47 16 9 71 20 28 16 57 57 9 55 71 20 31 60 9 10 47 9 31 54 36 36 60 16 57 9 64 9 10 -1 64 55 36 
64 40 -1 68 5 2 52 42 52 64 64 52 53 40 64 -1 47 42 40 81 64 47 64 5 5 84 52 78 52 96 42 5 42 23 64 71 31 40 84 5 2 42 -1 2 55 64 2 42 89 42 53 64 2 15 5 43 68 60 40 64 15 64 47 53 -1 42 42 77 42 15 39 42 5 71 64 66 53 64 42 47 5 2 43 87 15 40 43 2 5 64 5 23 64 -1 52 46 
45 52 52 55 24 24 52 84 52 52 52 52 24 52 52 69 55 32 52 31 55 55 45 52 -1 84 52 78 52 96 52 24 24 55 45 55 31 55 52 24 52 55 55 55 55 -1 52 55 39 55 53 64 -1 24 24 -1 45 45 59 24 53 52 55 55 45 45 55 52 45 24 45 59 55 55 32 32 52 52 45 55 52 52 55 52 24 32 55 45 52 52 24 32 55 52 -1 55 
-1 59 46 47 39 39 0 46 59 59 78 6 39 38 49 53 47 47 56 49 49 47 56 49 59 0 52 78 38 96 46 36 47 49 0 49 0 47 25 0 46 49 47 46 55 34 -1 -1 39 -1 47 62 6 46 79 47 0 34 47 0 53 0 47 47 61 49 47 47 47 34 34 47 49 49 49 49 53 59 47 47 6 46 46 36 6 59 0 46 49 61 62 79 36 46 55 -1 
