101
6 21
-1 10 38 -1 42 -1 38 10 32 34 -1 73 56 34 32 10 38 32 32 32 3 86 -1 73 55 10 78 39 54 56 32 38 -1 42 3 32 65 65 -1 3 3 88 32 32 38 32 38 10 43 10 99 72 3 34 34 22 3 10 43 34 22 74 40 32 5 -1 5 22 32 70 55 38 65 32 38 32 20 52 22 34 74 44 38 52 3 10 32 25 32 96 10 22 60 10 32 3 65 32 42 10 39 
10 -1 15 56 47 56 49 -1 15 49 -1 30 15 56 58 -1 47 30 7 18 56 86 10 30 47 10 30 47 30 15 15 15 10 42 56 47 30 15 10 42 56 68 7 58 15 47 47 -1 72 7 90 7 56 56 51 93 -1 7 15 47 7 90 15 47 56 10 47 15 15 75 30 56 56 18 67 7 51 15 47 29 51 90 90 37 56 10 18 25 99 47 -1 75 60 -1 47 56 56 32 42 7 15 
38 15 -1 20 37 38 31 42 -1 44 15 44 15 38 8 -1 38 14 15 30 8 44 38 44 35 15 30 39 44 15 15 -1 8 42 20 8 30 -1 -1 31 8 88 -1 32 -1 37 37 15 43 31 74 42 83 44 39 35 15 42 15 35 25 74 15 31 38 37 31 15 14 75 30 38 65 32 37 31 20 15 58 44 74 44 38 37 35 14 94 25 31 37 15 75 35 15 8 37 20 32 42 20 15 
-1 56 20 -1 42 0 39 42 20 34 0 98 56 34 20 56 95 35 56 32 -1 95 0 44 35 10 39 39 54 56 32 39 0 42 -1 34 55 95 0 -1 -1 68 39 32 34 32 39 56 72 34 99 54 -1 34 34 34 -1 42 54 34 22 35 40 84 5 0 5 22 56 100 55 20 56 32 38 39 20 52 22 34 54 84 62 52 -1 10 95 71 32 96 34 22 35 55 20 -1 20 32 52 20 39 
42 47 37 42 -1 66 42 42 94 44 47 89 77 46 66 37 46 63 42 63 94 94 66 89 47 66 46 46 89 77 63 42 42 42 66 47 65 -1 37 42 94 68 -1 42 37 37 -1 -1 89 42 63 42 77 89 42 66 47 42 66 89 66 63 66 -1 66 37 -1 46 66 75 66 63 65 42 37 47 46 63 47 80 74 63 46 37 63 66 94 46 42 -1 47 94 89 47 -1 37 89 42 42 42 42 
-1 56 38 0 66 -1 39 42 32 34 0 98 56 56 66 56 38 39 56 32 3 86 0 73 66 10 39 39 54 56 32 39 0 42 3 66 65 65 0 -1 3 68 39 32 38 32 39 56 72 39 99 54 3 56 39 66 -1 42 54 56 66 39 66 39 -1 0 -1 22 56 75 66 56 56 64 38 66 39 56 22 56 54 63 98 42 3 10 64 66 32 66 56 22 66 56 66 3 65 32 66 10 39 
38 49 31 39 42 39 -1 49 31 49 49 81 31 49 66 31 82 63 49 63 31 54 60 44 66 31 39 39 54 79 70 -1 42 42 49 31 65 31 31 31 31 88 31 42 31 37 39 75 43 -1 88 49 39 44 39 66 39 49 31 49 49 63 82 31 39 39 31 31 66 70 49 38 51 42 37 31 39 63 39 49 51 63 49 88 63 66 49 57 31 42 75 75 60 49 31 37 65 42 42 49 39 
10 -1 42 42 42 42 49 -1 42 49 1 98 18 56 51 1 82 51 -1 18 99 86 60 73 47 60 30 42 54 18 15 42 42 42 49 99 99 42 42 42 42 99 -1 42 42 42 42 1 72 -1 99 -1 77 56 51 54 1 -1 15 47 -1 51 15 19 73 42 60 18 18 75 49 99 51 18 42 -1 51 60 60 49 51 92 49 42 99 10 18 57 99 42 1 75 60 1 19 86 99 42 42 -1 51 
32 15 -1 20 94 32 31 42 -1 34 32 44 15 34 -1 2 38 14 32 32 -1 94 32 44 35 15 27 17 44 15 15 2 -1 42 20 -1 55 2 2 20 -1 68 2 32 2 32 45 35 43 31 99 17 20 34 34 35 20 42 14 35 32 17 14 17 73 32 14 15 14 68 55 20 48 32 37 31 20 60 35 34 48 44 62 37 35 14 94 60 32 92 62 94 35 55 -1 20 20 32 42 20 43 
34 49 44 34 44 34 49 49 34 -1 34 44 79 34 34 44 34 35 49 35 34 44 55 44 35 44 44 35 44 79 44 44 34 44 -1 34 55 44 44 34 34 70 44 58 -1 44 34 35 80 -1 81 49 34 34 34 34 34 49 54 34 49 81 82 81 73 34 55 34 70 70 49 34 51 44 80 49 34 52 35 -1 79 44 49 44 34 93 49 57 44 44 34 54 35 55 55 34 34 34 82 34 39 
-1 -1 15 0 47 0 49 1 32 34 -1 30 15 56 85 1 38 85 99 32 99 99 0 30 47 -1 30 67 30 15 15 99 0 42 3 99 99 65 0 3 3 99 7 32 15 32 47 1 43 7 99 7 3 56 34 22 1 7 15 47 25 90 15 32 5 0 5 25 85 75 30 99 56 32 38 7 99 60 22 29 51 90 90 99 3 -1 99 25 99 47 1 22 60 1 32 3 65 32 42 -1 15 
73 30 44 98 89 98 81 98 44 44 30 -1 30 53 98 30 53 27 73 30 96 28 78 -1 78 30 -1 26 23 30 23 81 73 98 53 92 30 89 44 27 98 81 98 89 23 73 27 89 89 98 81 27 98 -1 28 53 53 90 78 89 92 81 98 81 73 96 98 27 98 98 30 78 89 23 81 98 27 81 26 44 89 -1 98 98 81 98 28 46 73 -1 53 98 23 55 89 53 89 53 -1 36 39 
56 15 15 56 77 56 31 18 15 79 15 30 -1 56 68 -1 56 19 -1 18 56 86 67 30 47 15 30 67 30 -1 15 15 19 42 56 99 30 15 15 100 56 68 15 100 15 73 47 15 72 18 68 100 77 56 58 56 -1 18 15 56 77 19 15 77 56 72 56 15 -1 68 30 56 56 18 67 18 86 -1 58 29 69 77 62 77 56 68 18 25 77 30 15 19 77 15 19 56 56 32 77 18 -1 
34 56 38 34 46 56 49 56 34 34 56 53 56 -1 66 67 -1 35 67 67 34 95 55 53 55 67 53 67 53 56 53 66 38 74 -1 34 55 95 16 34 34 68 38 38 34 46 16 46 72 34 90 54 34 -1 34 -1 -1 90 54 -1 55 90 90 35 56 55 55 -1 56 70 55 56 56 53 67 90 34 56 55 34 74 53 16 95 34 93 95 46 38 53 -1 54 35 55 55 -1 34 16 53 34 56 
32 58 8 20 66 66 66 51 -1 34 85 98 68 66 -1 58 82 -1 19 17 8 58 66 30 35 58 27 17 58 68 17 66 8 42 20 8 30 8 8 27 8 68 8 58 8 32 27 66 58 82 61 17 98 30 58 66 66 90 -1 35 66 17 -1 17 66 58 -1 27 -1 68 30 17 51 32 61 66 20 63 58 68 51 61 62 37 35 -1 19 66 32 66 62 17 35 85 8 71 20 32 66 20 51 
10 -1 -1 56 37 56 31 1 2 44 1 30 -1 67 58 -1 38 30 12 30 8 30 67 30 47 -1 30 67 30 12 -1 2 8 42 58 8 30 2 2 31 62 68 2 58 2 37 47 1 58 7 61 7 77 30 58 36 1 7 -1 67 25 30 -1 30 56 36 31 -1 12 68 30 30 67 18 67 7 67 12 58 29 74 44 62 37 35 10 18 25 31 30 1 30 30 1 8 37 20 32 42 7 12 
38 47 38 95 46 38 82 82 38 34 38 53 56 -1 82 38 -1 46 67 38 34 95 38 53 47 67 46 46 53 56 38 38 38 74 13 34 55 95 -1 46 82 88 38 38 38 46 -1 46 43 82 74 46 95 13 34 13 13 87 38 13 38 74 82 46 95 38 46 13 56 70 55 38 56 38 38 47 46 56 71 34 74 44 -1 95 95 38 95 46 38 46 13 38 35 55 46 -1 34 -1 82 71 43 
32 30 14 35 63 39 63 51 14 35 85 27 19 35 -1 30 46 -1 19 -1 71 86 91 30 35 30 27 -1 30 19 -1 63 19 74 35 -1 30 63 71 27 14 61 32 32 30 32 27 35 72 51 61 -1 77 30 51 35 71 51 14 35 32 -1 14 -1 86 36 14 27 14 68 30 -1 51 19 61 19 27 63 71 80 51 61 62 63 35 14 19 71 32 30 61 -1 35 55 -1 71 71 32 66 35 51 
32 7 15 56 42 56 49 -1 32 49 99 73 -1 67 19 12 67 19 -1 -1 99 86 67 73 99 67 30 67 73 12 19 42 19 42 67 99 99 73 32 42 32 68 7 32 73 73 67 7 72 7 99 7 77 67 51 67 12 7 15 67 7 19 15 19 73 72 60 -1 12 68 30 99 67 -1 67 7 86 12 67 29 51 63 49 99 63 99 -1 57 99 73 7 19 60 7 19 86 99 32 42 -1 12 
32 18 30 32 63 32 63 18 32 35 32 30 18 67 17 30 38 -1 -1 -1 32 86 32 30 35 30 30 17 30 18 -1 63 -1 42 35 17 30 45 32 27 32 88 32 32 30 32 27 75 43 18 61 17 77 30 51 94 18 18 17 35 32 17 17 -1 86 32 75 18 17 75 30 17 51 18 38 -1 86 63 30 29 51 63 90 88 63 17 -1 60 32 30 75 17 30 60 -1 86 32 32 75 18 18 
3 56 8 -1 94 3 31 99 -1 34 99 96 56 34 8 8 34 71 99 32 -1 86 3 96 35 87 76 76 54 56 71 8 8 42 -1 8 99 8 71 3 3 99 8 32 8 32 76 35 96 34 99 76 3 34 34 34 3 87 14 34 32 71 14 71 86 96 14 34 14 68 55 -1 56 32 71 99 -1 52 71 34 76 44 34 52 3 14 76 71 99 96 34 54 35 55 8 3 -1 32 52 -1 39 
86 86 44 95 94 86 54 86 94 44 99 28 86 95 58 30 95 86 86 86 86 -1 55 28 55 86 28 86 -1 86 28 54 86 54 54 86 30 95 95 54 94 86 54 58 28 73 86 86 89 86 99 54 95 28 28 54 86 86 54 89 86 86 30 86 86 54 55 86 86 86 30 95 54 28 86 86 86 86 58 44 54 28 95 95 86 58 -1 95 86 28 86 54 28 55 86 86 86 86 28 86 54 
-1 10 38 0 66 0 60 60 32 55 0 78 67 55 66 67 38 91 67 32 3 55 -1 92 55 60 78 67 55 67 55 66 0 74 55 55 55 65 0 3 3 88 32 32 38 32 67 55 72 60 74 55 3 55 55 -1 3 60 78 55 -1 74 67 77 5 0 55 -1 66 70 55 78 67 32 67 91 55 60 -1 55 74 92 38 52 3 10 67 60 32 92 55 -1 60 55 55 3 65 32 66 10 39 
73 30 44 44 89 73 44 73 44 44 30 -1 30 53 30 30 53 30 73 30 96 28 92 -1 89 30 11 26 -1 30 -1 44 73 44 44 92 30 44 44 54 44 88 44 73 -1 73 73 89 89 44 61 30 98 -1 28 36 53 73 30 89 92 30 30 30 73 36 89 30 30 70 30 30 89 -1 44 30 92 92 26 44 89 11 98 44 92 30 28 92 73 -1 53 30 -1 92 30 53 89 73 11 36 30 
55 47 35 35 47 66 66 47 35 35 47 78 47 55 35 47 47 35 99 35 35 55 55 89 -1 47 78 35 55 47 35 66 35 47 35 -1 55 47 78 55 35 99 47 78 35 47 47 -1 89 70 99 35 35 55 55 -1 47 47 78 -1 55 35 35 35 66 55 55 55 35 70 55 78 51 35 47 47 35 60 -1 35 51 92 47 47 35 93 76 47 99 59 47 35 35 55 55 55 89 35 66 35 51 
10 10 15 10 66 10 31 60 15 44 -1 30 15 67 58 -1 67 30 67 30 87 86 60 30 47 -1 30 67 30 15 15 15 60 74 67 92 30 15 10 67 62 68 15 58 15 60 87 10 72 60 90 60 77 67 58 60 10 87 15 67 -1 90 15 77 10 10 60 -1 15 90 30 87 67 60 67 90 67 60 58 29 74 90 90 37 10 10 67 -1 60 92 -1 60 60 60 15 67 65 60 66 10 15 
78 30 30 39 46 39 39 30 27 44 30 -1 30 53 27 30 46 27 30 30 76 28 78 11 78 30 -1 -1 23 30 -1 39 30 42 35 27 30 30 78 27 39 61 39 78 23 46 27 46 89 70 61 27 98 11 39 36 78 87 78 78 78 27 30 27 39 36 98 27 27 70 30 78 67 23 67 30 27 30 -1 30 51 11 98 98 35 27 30 46 32 11 30 27 23 30 27 78 89 32 11 36 39 
39 47 39 39 46 39 39 42 17 35 67 26 67 67 17 67 46 -1 67 17 76 86 67 26 35 67 -1 -1 54 67 17 39 19 42 35 17 30 46 46 -1 39 61 39 65 26 46 -1 46 72 39 61 17 39 26 39 35 39 87 17 67 67 17 17 17 39 39 17 -1 17 100 30 17 67 46 67 19 -1 63 26 80 51 26 46 42 35 17 76 46 39 26 61 17 35 47 17 39 65 46 26 35 39 
54 30 44 54 89 54 54 54 44 44 30 23 30 53 58 30 53 30 73 30 54 -1 55 -1 55 30 23 54 -1 30 23 54 73 54 54 54 30 44 44 54 54 68 54 58 23 73 54 55 89 44 61 54 54 23 -1 54 53 54 54 89 92 30 30 30 73 54 55 30 58 70 30 30 54 23 80 91 54 92 58 44 54 23 98 44 54 58 21 92 54 23 53 54 23 55 55 86 89 73 23 36 54 
56 15 15 56 77 56 79 18 15 79 15 30 -1 56 68 12 56 19 12 18 56 86 67 30 47 15 30 67 30 -1 15 15 19 80 79 79 30 15 15 100 56 68 15 100 79 73 47 15 80 79 68 80 77 56 58 56 12 18 15 56 77 80 15 77 56 72 56 15 12 68 30 56 56 18 80 18 80 12 58 -1 79 77 62 77 56 68 18 25 77 80 15 19 77 15 19 56 56 32 77 18 12 
32 15 15 32 63 32 70 15 15 44 15 23 15 53 17 -1 38 -1 19 -1 71 28 55 -1 35 15 -1 17 23 15 -1 15 19 42 35 17 -1 15 15 27 62 61 15 32 23 32 27 15 89 70 61 17 77 23 28 36 15 15 15 89 25 17 15 17 73 36 17 15 15 70 -1 17 51 23 61 19 27 15 26 29 51 23 62 37 35 17 19 25 32 23 15 17 23 15 17 71 65 32 23 36 15 
38 15 -1 39 42 39 -1 42 2 44 99 81 15 66 66 2 38 63 42 63 8 54 66 44 66 15 39 39 54 15 15 -1 42 42 39 8 65 2 2 -1 8 88 -1 42 2 37 39 75 43 6 88 42 39 44 39 66 39 42 15 66 66 63 15 -1 39 39 -1 15 66 75 75 38 65 42 37 -1 39 63 39 44 75 63 49 88 63 66 63 66 -1 42 75 75 66 66 8 37 65 42 42 88 39 
-1 10 8 0 42 0 42 42 -1 34 0 73 19 38 8 8 38 19 19 -1 8 86 0 73 35 60 30 19 73 19 19 42 -1 42 3 8 30 45 -1 42 8 88 -1 -1 8 -1 45 42 43 42 88 19 3 73 42 22 3 42 43 35 -1 19 14 19 73 0 60 19 14 75 30 38 48 -1 38 19 20 60 22 80 48 63 38 88 3 10 19 60 -1 42 60 19 60 60 8 38 20 -1 42 88 43 
42 42 42 42 42 42 42 42 42 44 42 98 42 74 42 42 74 74 42 42 42 54 74 44 47 74 42 42 54 80 42 42 42 -1 42 42 65 74 74 42 42 88 -1 42 42 42 42 42 80 42 74 42 83 74 42 54 42 42 42 74 42 74 42 42 42 42 42 74 80 80 49 74 74 42 -1 42 42 83 74 80 74 74 98 -1 42 42 42 46 83 42 74 54 60 42 42 74 65 42 42 42 42 
3 56 20 -1 66 3 49 49 20 -1 3 53 56 -1 20 58 13 35 67 35 -1 54 55 44 35 67 35 35 54 79 35 39 3 42 -1 -1 55 95 3 3 3 99 39 58 9 32 16 35 58 9 99 54 3 13 -1 -1 3 90 54 13 55 35 40 35 5 3 55 13 20 70 55 20 54 32 67 66 20 52 35 9 54 44 16 52 3 93 76 71 99 53 13 54 35 55 55 3 20 16 52 20 39 
32 47 8 34 47 66 31 99 -1 34 99 92 99 34 8 8 34 -1 99 17 8 86 55 92 -1 92 27 17 54 79 17 8 8 42 -1 -1 55 8 8 27 8 99 8 32 8 32 27 24 92 34 99 17 34 34 34 -1 34 99 14 24 92 17 14 17 86 55 55 27 14 70 55 17 51 32 61 19 -1 63 24 34 51 92 34 99 -1 14 76 71 99 92 34 17 -1 55 8 34 20 32 66 -1 51 
65 30 30 55 65 65 65 99 55 55 99 30 30 55 30 30 55 30 99 30 99 30 55 30 55 30 30 30 30 30 -1 65 30 65 55 55 -1 65 65 65 55 99 65 65 30 65 30 55 65 70 99 30 55 30 55 -1 55 99 30 55 55 30 30 30 65 -1 55 30 30 70 30 99 65 30 65 30 55 99 30 55 51 30 55 65 55 93 30 99 99 30 55 30 30 55 55 55 65 32 66 -1 65 
65 15 -1 95 -1 65 31 42 2 44 65 89 15 95 8 2 95 63 73 45 8 95 65 44 47 15 30 46 44 15 15 2 45 74 95 8 65 -1 2 65 8 88 2 65 2 -1 4 4 65 31 74 72 83 89 65 65 72 42 15 89 45 74 15 4 73 -1 4 74 14 80 30 95 65 45 -1 31 95 63 95 80 74 44 95 -1 63 14 95 46 83 4 74 94 89 15 4 -1 65 45 42 65 65 
-1 10 -1 0 37 0 31 42 2 44 0 44 15 16 8 2 -1 71 32 32 71 95 0 44 78 10 78 46 44 15 15 2 -1 74 3 8 65 2 -1 3 3 88 2 32 2 32 16 46 43 82 74 71 3 16 34 16 71 87 15 16 32 74 15 31 5 0 5 74 14 80 30 -1 65 32 -1 31 71 60 71 80 74 44 16 37 3 10 95 71 32 37 16 22 60 60 8 -1 65 16 42 71 43 
3 42 31 -1 42 -1 31 42 20 34 3 27 100 34 27 31 46 27 42 27 3 54 3 54 55 67 27 -1 54 100 27 -1 42 42 3 27 65 65 3 -1 3 88 -1 65 31 42 27 42 65 31 61 54 3 27 -1 54 3 42 54 34 42 27 40 31 5 -1 5 27 100 100 55 20 65 42 42 31 27 52 27 34 54 63 98 42 3 10 64 46 31 42 75 54 35 55 27 3 65 42 42 20 -1 
3 56 8 -1 94 3 31 42 -1 34 3 98 56 34 8 62 82 14 32 32 3 94 3 44 35 62 39 39 54 56 62 8 8 42 3 8 55 8 3 3 -1 68 8 32 8 32 39 35 43 82 90 17 3 34 34 34 3 90 14 34 32 90 -1 84 5 3 14 62 14 68 55 20 56 32 37 90 20 52 22 34 48 44 62 52 3 14 94 60 32 92 62 94 35 55 8 3 20 32 52 20 39 
88 68 88 68 68 68 88 99 68 70 99 81 68 68 68 68 88 61 68 88 99 86 88 88 99 68 61 61 68 68 61 88 88 88 99 99 99 88 88 88 68 -1 88 88 81 88 88 75 80 70 -1 61 88 68 68 68 68 90 68 68 88 50 68 88 88 88 68 68 -1 68 69 99 68 88 61 69 99 88 68 68 69 61 68 88 88 68 68 88 -1 68 61 61 81 85 61 88 99 88 68 50 68 
32 7 -1 39 -1 39 31 -1 2 44 7 98 15 38 8 2 38 32 7 32 8 54 32 44 47 15 39 39 54 15 15 -1 -1 -1 39 8 65 2 2 -1 8 88 -1 32 2 32 4 4 43 7 99 7 98 89 39 54 7 7 15 89 7 74 15 4 39 39 4 15 14 75 49 38 51 32 33 7 39 60 32 44 51 44 98 33 39 10 18 46 31 4 7 54 60 7 4 37 65 32 -1 7 39 
32 58 32 32 42 32 42 42 32 58 32 89 100 38 58 58 38 32 32 32 32 58 32 73 78 58 78 65 58 100 32 42 -1 42 58 32 65 65 32 65 32 88 32 -1 32 32 45 42 -1 42 88 100 32 89 58 58 72 42 -1 89 32 32 58 32 73 -1 58 58 58 100 100 38 48 32 38 32 100 60 58 80 48 63 38 65 32 58 32 60 32 48 58 58 60 60 32 38 65 32 42 65 -1 
38 15 -1 34 37 38 31 42 2 -1 15 23 15 34 8 2 38 30 73 30 8 28 38 -1 35 15 23 26 23 79 23 2 8 42 9 8 30 2 2 31 8 81 2 32 -1 37 37 15 89 9 81 30 34 23 28 34 15 42 15 89 92 81 15 81 73 37 31 15 14 70 30 38 65 23 37 31 20 81 26 9 79 -1 49 37 81 14 28 25 31 23 81 30 23 15 8 37 89 32 23 20 15 
32 47 37 32 37 32 37 42 32 44 32 73 73 46 32 37 46 32 73 32 32 73 32 73 47 60 46 46 73 73 32 37 -1 42 32 32 65 -1 32 42 32 88 32 32 37 -1 -1 46 43 42 74 32 83 73 42 32 32 87 43 46 32 74 32 32 73 37 37 46 32 75 32 38 65 -1 37 32 46 60 32 80 74 44 46 37 32 32 32 46 32 37 46 32 60 60 32 37 65 32 42 73 43 
38 47 37 39 -1 39 39 42 45 34 47 27 47 16 27 47 -1 27 67 27 76 86 67 73 47 87 27 -1 54 47 27 39 45 42 16 27 30 4 16 27 39 88 4 45 37 -1 -1 -1 89 82 61 27 39 16 39 16 16 87 27 16 87 27 82 4 73 37 4 27 27 75 75 87 67 45 37 47 27 63 27 34 51 63 16 37 63 27 76 -1 45 4 16 27 87 47 4 16 89 16 42 87 39 
10 -1 15 56 -1 56 75 1 35 35 1 89 15 46 66 1 46 35 7 75 35 86 55 89 -1 10 46 46 55 15 15 75 42 42 35 24 55 4 46 42 35 75 4 42 15 46 -1 -1 89 7 90 7 98 89 55 24 1 7 15 24 7 90 15 4 56 37 4 15 75 75 75 56 56 46 37 -1 35 63 24 80 75 63 46 37 35 10 75 46 75 4 1 75 35 1 4 37 89 46 75 7 75 
43 72 43 72 89 72 43 72 43 80 43 89 72 72 58 58 43 72 72 43 96 89 72 89 89 72 89 72 89 80 89 43 43 80 58 92 65 65 43 65 43 80 43 -1 89 43 89 89 -1 72 80 72 72 89 58 58 72 72 43 89 43 80 58 89 72 43 89 72 80 80 80 72 -1 43 80 80 72 60 58 80 -1 89 98 65 72 58 43 60 43 -1 72 58 89 60 89 43 89 43 89 65 43 
10 7 31 34 42 39 -1 -1 31 -1 7 98 18 34 82 7 82 51 7 18 34 86 60 44 70 60 70 39 44 79 70 6 42 42 9 34 70 31 82 31 82 70 7 42 9 42 82 7 72 -1 99 7 98 34 34 70 7 7 15 34 7 90 82 31 73 39 31 18 70 70 -1 99 51 18 42 7 51 60 60 9 51 44 -1 42 34 10 18 57 31 42 82 75 60 7 70 82 34 82 82 7 51 
99 90 74 99 63 99 88 99 99 81 99 81 68 90 61 61 74 61 99 61 99 99 74 61 99 90 61 61 61 68 61 88 88 74 99 99 99 74 74 61 90 -1 99 88 81 74 61 90 80 99 -1 61 88 81 61 99 99 90 61 90 99 -1 90 61 99 99 61 74 41 68 61 99 61 99 61 90 99 88 99 80 74 61 90 88 99 99 99 99 41 81 61 61 81 90 61 99 99 88 81 -1 61 
72 7 42 54 42 54 49 -1 17 49 7 27 100 54 17 7 46 -1 7 17 76 54 55 30 35 60 27 17 54 80 17 42 19 42 54 17 30 72 71 54 17 61 7 100 30 32 27 7 72 7 61 -1 54 30 -1 54 72 7 54 35 7 17 17 17 86 72 17 72 17 80 30 17 -1 18 80 7 -1 60 58 80 -1 61 49 42 35 17 76 57 99 72 7 17 35 7 17 71 72 32 42 7 -1 
3 56 83 -1 77 3 39 77 20 34 3 98 77 34 98 77 95 77 77 77 3 95 3 98 35 77 98 39 54 77 77 39 3 83 3 34 55 83 3 3 3 88 98 32 34 83 39 98 72 98 88 54 -1 98 34 34 3 77 54 34 77 77 40 77 5 3 98 22 77 98 98 20 56 32 83 98 20 -1 22 34 83 77 98 -1 3 10 95 77 77 98 98 98 77 77 20 3 20 32 -1 20 39 
34 56 44 34 89 56 44 56 34 34 56 -1 56 -1 30 30 13 30 67 30 34 28 55 -1 55 67 11 26 23 56 23 44 73 74 13 34 30 89 16 27 34 68 89 89 23 73 16 89 89 34 81 30 98 -1 28 13 13 90 30 13 92 81 90 81 73 96 55 13 56 70 30 56 56 23 67 90 27 56 26 34 89 11 16 89 34 93 95 46 73 -1 13 30 23 55 55 13 89 16 11 34 56 
34 51 39 34 42 39 39 51 34 34 34 28 58 34 58 58 34 51 51 51 34 28 55 28 55 58 39 39 -1 58 28 39 42 42 -1 34 55 65 34 -1 34 68 39 58 28 42 39 55 58 34 61 -1 34 28 -1 -1 34 51 -1 34 51 51 58 39 39 39 55 34 58 70 55 34 51 28 80 91 51 52 58 34 51 28 34 42 34 58 28 46 39 28 34 -1 28 55 55 34 34 34 42 34 39 
22 93 35 34 66 66 66 54 35 34 22 53 56 -1 66 36 13 35 67 94 34 54 -1 36 -1 60 36 35 54 56 36 66 22 54 -1 -1 -1 65 16 54 34 68 54 58 34 32 16 24 58 70 99 54 34 13 -1 -1 13 90 54 13 22 35 66 35 66 36 -1 13 66 70 -1 34 54 32 67 66 35 60 22 34 54 92 16 52 35 93 94 60 66 53 13 22 35 -1 -1 13 34 16 66 35 54 
3 -1 15 -1 47 -1 39 1 20 34 1 53 -1 -1 66 1 13 71 12 18 3 86 3 53 47 10 78 39 53 12 15 39 3 42 3 34 55 72 71 3 3 68 7 72 15 32 16 1 72 7 99 72 3 13 34 13 -1 7 15 13 7 71 15 71 5 72 5 13 12 68 55 -1 -1 18 67 7 20 12 71 29 72 53 16 52 3 10 18 71 77 53 1 71 35 1 55 3 20 16 52 71 12 
10 7 42 42 42 42 49 -1 42 49 7 90 18 90 90 7 87 51 7 18 87 86 60 73 47 87 87 87 54 18 15 42 42 42 90 99 99 42 87 42 90 90 7 42 42 87 87 7 72 7 90 7 77 90 51 90 7 -1 15 90 7 90 90 19 73 42 60 18 18 75 49 87 51 18 90 7 51 60 87 49 51 90 90 42 99 10 18 -1 99 42 -1 75 60 7 19 87 87 42 42 7 51 
43 15 15 54 66 54 31 15 14 54 15 78 15 54 -1 -1 38 14 15 17 14 54 78 30 78 15 78 17 54 15 15 15 43 42 54 14 30 15 15 54 14 68 15 -1 15 43 27 15 43 15 61 54 54 30 -1 54 15 15 -1 78 25 17 14 17 54 43 14 15 14 68 30 78 48 43 67 66 54 15 -1 29 48 44 62 37 35 14 18 25 43 48 15 54 30 15 14 78 65 43 66 78 43 
34 47 35 34 89 56 49 47 35 34 47 89 56 -1 35 67 13 35 67 35 34 89 55 89 -1 67 78 67 89 56 89 66 35 74 13 24 55 89 16 34 34 68 89 89 89 46 16 24 89 34 90 35 34 13 34 13 13 90 78 -1 92 90 90 89 56 96 55 13 56 70 55 56 56 89 67 47 35 56 24 34 89 89 16 89 35 93 95 46 99 -1 13 35 89 55 55 13 89 16 89 35 56 
22 7 25 22 66 66 49 -1 32 49 25 92 77 55 66 25 38 32 7 32 32 86 -1 92 55 -1 78 67 92 77 25 66 -1 42 55 92 55 45 32 42 32 88 7 32 92 32 87 7 43 7 99 7 77 92 51 22 7 7 25 92 -1 90 25 77 66 22 -1 22 66 75 49 87 51 32 38 7 51 -1 22 49 51 92 49 77 77 93 18 -1 32 92 25 22 -1 -1 32 38 92 32 66 7 43 
74 90 74 35 63 39 63 51 17 81 90 81 19 90 17 30 74 -1 19 17 71 86 74 30 35 90 27 17 30 80 17 63 19 74 35 17 30 74 74 27 90 50 74 32 81 74 27 90 80 90 -1 17 77 81 51 35 71 90 17 90 90 -1 90 17 86 74 17 74 17 80 30 17 51 19 -1 90 27 63 71 80 74 -1 90 74 35 17 19 71 50 81 -1 17 81 90 17 71 71 32 81 50 51 
40 15 15 40 66 66 82 15 14 82 15 98 15 90 -1 -1 82 14 15 17 14 30 67 30 35 15 30 17 30 15 15 15 14 42 40 14 30 15 15 40 -1 68 15 58 15 32 82 15 58 82 90 17 40 90 58 66 15 90 14 90 25 90 -1 17 66 36 14 15 14 68 30 17 67 18 67 90 20 15 58 29 51 90 -1 37 40 14 18 25 31 30 -1 17 30 15 14 40 20 82 82 15 15 
32 47 31 84 -1 39 31 19 17 81 32 81 77 35 17 30 46 -1 19 -1 71 86 77 30 35 77 27 17 30 77 17 -1 19 42 35 17 30 4 31 31 84 88 4 32 81 32 4 4 89 31 61 17 77 81 39 35 71 19 17 89 77 17 17 -1 86 37 4 19 17 75 30 17 51 19 37 19 27 -1 71 77 51 -1 46 37 -1 17 19 46 31 4 61 17 81 77 4 37 89 32 42 19 39 
5 56 38 5 66 -1 39 73 73 73 5 73 56 56 66 56 95 86 73 86 86 86 5 73 66 10 39 39 73 56 73 39 73 42 5 86 65 73 5 5 5 88 39 73 73 73 73 56 72 73 99 86 5 73 39 66 5 73 54 56 66 86 66 86 -1 5 5 73 56 75 66 56 56 -1 38 66 86 56 22 56 86 73 95 73 5 10 -1 66 73 73 56 94 73 56 86 86 65 73 66 73 39 
-1 10 37 0 37 0 39 42 32 34 0 96 72 55 58 36 38 36 72 32 96 54 0 36 55 10 36 39 54 72 36 39 0 42 3 55 -1 -1 0 -1 3 88 39 -1 37 37 37 37 43 39 99 72 3 96 39 36 72 42 43 96 22 74 36 37 5 -1 5 72 58 100 36 38 -1 32 37 39 39 52 22 80 48 44 38 37 3 10 95 25 32 96 10 22 96 55 37 37 -1 32 42 36 39 
5 47 31 5 -1 -1 31 60 14 55 5 98 56 55 -1 31 46 14 60 75 14 55 55 89 55 60 98 17 55 56 17 -1 60 42 55 55 55 4 5 5 14 68 4 58 31 37 4 4 89 31 61 17 98 55 55 -1 5 60 14 55 -1 17 14 4 5 5 -1 55 14 75 55 17 56 60 37 -1 55 60 55 55 75 63 98 37 55 14 64 60 31 4 75 75 60 55 4 37 89 60 -1 55 39 
22 15 15 22 46 22 31 18 15 34 25 27 15 -1 27 -1 13 27 -1 18 34 86 -1 30 55 -1 27 -1 30 15 15 15 19 74 13 27 30 74 74 27 62 68 15 58 15 46 27 15 72 18 74 72 22 13 34 13 13 18 15 13 22 74 15 19 73 72 55 -1 15 80 30 27 -1 18 -1 18 27 15 22 80 74 74 16 74 22 25 18 25 99 53 13 22 60 15 19 13 72 16 27 18 15 
32 15 14 56 66 56 66 18 14 70 85 98 -1 56 -1 12 56 14 12 17 14 86 66 30 35 15 27 17 58 12 15 66 14 80 20 14 30 14 14 100 14 -1 14 58 14 32 27 75 80 70 41 17 77 56 58 66 12 18 14 56 66 17 14 17 56 58 14 15 -1 -1 69 17 56 18 80 69 20 12 58 29 69 61 62 88 35 14 18 25 41 66 62 17 35 85 14 56 20 32 66 18 12 
70 75 75 100 75 75 70 75 68 70 75 98 68 70 68 68 70 68 68 75 68 86 70 70 70 90 70 100 70 68 70 75 75 80 70 70 70 80 80 100 68 68 75 100 70 75 75 75 80 70 68 80 98 70 70 70 68 75 68 70 75 80 68 75 75 100 75 80 -1 -1 -1 68 80 68 80 -1 80 68 68 80 -1 75 70 80 70 68 75 75 68 80 75 75 70 70 70 70 89 75 75 75 -1 
55 30 30 55 66 66 49 49 55 49 30 30 30 55 30 30 55 30 30 30 55 30 55 30 55 30 30 30 30 30 -1 75 30 49 55 55 30 30 30 55 55 69 49 100 30 32 75 75 80 -1 61 30 98 30 55 -1 55 49 30 55 49 30 30 30 66 36 55 30 69 -1 -1 30 51 30 80 -1 55 30 30 49 69 30 49 88 55 93 30 30 75 30 75 75 30 55 55 55 55 32 75 36 69 
38 56 38 20 63 56 38 99 20 34 99 78 56 56 17 30 38 -1 99 17 -1 95 78 30 78 87 78 17 30 56 17 38 38 74 20 17 99 95 -1 20 20 99 38 38 38 38 87 56 72 99 99 17 20 56 34 34 -1 87 78 56 87 17 17 17 56 38 17 27 17 68 30 -1 56 38 38 19 20 56 -1 34 51 61 38 95 20 17 95 -1 99 96 56 17 35 56 17 -1 20 38 42 -1 51 
65 56 65 56 65 56 51 51 48 51 56 89 56 56 51 67 56 51 67 51 56 54 67 89 51 67 67 67 54 56 51 65 48 74 54 51 65 65 65 65 56 68 51 48 65 65 67 56 -1 51 61 -1 56 56 51 54 -1 51 48 56 51 51 67 51 56 -1 56 -1 56 80 51 56 -1 67 67 51 51 56 67 80 48 61 51 65 56 51 67 67 48 48 56 51 89 56 51 56 65 48 51 51 51 
32 18 32 32 42 64 42 18 32 44 32 23 18 53 32 18 38 19 -1 18 32 28 32 -1 35 60 23 46 23 18 23 42 -1 42 32 32 30 45 32 42 32 88 32 32 23 -1 45 46 43 18 99 18 32 23 28 32 18 18 43 89 32 19 18 19 -1 32 60 18 18 68 30 38 67 -1 38 18 86 18 26 29 48 23 38 45 32 32 18 46 32 23 18 19 23 60 19 38 89 32 23 18 18 
38 67 37 38 37 38 37 42 37 80 38 81 67 67 61 67 38 61 67 38 71 86 67 44 47 67 67 67 80 80 61 37 38 -1 67 61 65 -1 -1 42 37 61 33 38 37 37 37 37 80 42 61 80 83 67 80 67 67 90 67 67 38 -1 67 37 38 37 37 -1 80 80 80 38 67 38 -1 80 67 60 67 80 -1 61 38 33 38 38 67 67 38 37 61 61 81 60 37 37 65 38 42 61 80 
32 7 31 39 47 66 31 -1 31 49 7 98 18 90 66 7 47 19 7 -1 99 86 91 30 47 90 30 19 91 18 19 -1 19 42 66 19 30 31 31 31 90 69 7 32 31 32 47 -1 80 7 90 7 98 90 91 66 7 7 66 47 7 90 90 19 66 39 -1 18 69 -1 -1 19 51 18 80 -1 51 60 47 80 69 63 90 88 63 66 19 47 31 47 -1 -1 60 7 19 86 65 32 -1 7 69 
20 51 20 20 46 39 39 51 20 34 99 27 86 34 20 67 46 27 86 86 -1 86 55 92 35 67 27 -1 54 80 27 39 20 42 20 -1 55 95 71 27 20 99 39 100 20 46 27 35 72 51 99 -1 20 27 51 35 20 51 54 35 51 27 20 27 86 39 55 27 20 80 55 20 51 86 67 51 -1 52 27 80 51 92 46 52 35 20 -1 46 99 92 34 27 35 55 86 86 20 32 27 20 51 
52 15 15 52 63 56 63 60 60 52 60 81 -1 56 63 12 56 63 12 63 52 86 60 92 60 60 30 63 92 12 15 63 60 83 52 63 99 63 60 52 52 88 60 60 81 60 63 63 60 60 88 60 -1 56 52 60 12 60 15 56 -1 63 15 -1 56 52 60 15 12 68 30 56 56 18 60 60 52 -1 60 29 60 63 98 52 63 93 18 60 -1 63 60 60 60 60 63 52 52 60 52 88 12 
22 47 58 22 47 22 39 60 35 35 22 26 58 55 58 58 71 71 67 30 71 58 -1 26 -1 58 -1 26 58 58 26 39 22 74 35 24 30 95 71 27 22 68 32 58 26 32 27 24 58 60 99 58 22 26 58 22 71 87 -1 24 22 71 58 71 22 22 55 22 58 68 30 -1 67 26 67 47 27 60 -1 35 58 26 62 95 35 58 95 71 99 26 47 22 35 55 55 71 71 32 26 71 58 
34 29 44 34 80 56 49 49 34 -1 29 44 29 34 68 29 34 80 29 29 34 44 55 44 35 29 30 80 44 -1 29 44 80 80 9 34 55 80 80 34 34 68 44 80 9 80 34 80 80 9 80 80 34 34 34 34 29 49 29 34 49 80 29 77 56 80 55 80 29 80 49 34 80 29 80 80 80 29 35 -1 -1 44 49 80 34 68 29 29 77 80 34 54 35 55 55 34 34 34 80 29 29 
74 51 74 54 74 54 51 51 48 79 51 89 69 74 51 74 74 51 51 51 76 54 74 89 51 74 51 51 54 79 51 75 48 74 54 51 51 74 74 54 48 69 51 48 79 74 51 75 -1 51 74 -1 83 89 51 54 72 51 48 89 51 74 51 51 86 48 75 74 69 -1 69 51 48 48 -1 69 51 60 58 -1 -1 74 51 74 51 51 76 57 48 48 74 51 89 51 51 74 89 48 75 51 51 
44 90 44 84 63 63 63 92 44 44 90 -1 77 53 61 44 44 61 63 63 44 28 92 11 92 90 11 26 23 77 23 63 63 74 44 92 30 44 44 63 44 61 44 63 -1 44 63 63 89 44 61 61 77 11 28 92 53 90 44 89 92 -1 90 -1 73 44 63 74 61 75 30 61 61 23 61 63 92 63 26 44 74 -1 90 44 63 61 63 92 63 11 61 61 -1 92 61 44 89 63 11 61 61 
38 90 38 62 46 98 49 49 62 49 90 98 62 16 62 62 -1 62 49 90 34 95 38 98 47 90 98 46 98 62 62 49 38 98 16 34 55 95 16 98 62 68 98 38 49 46 16 46 98 -1 90 49 98 16 34 16 16 90 62 16 49 90 -1 46 95 38 98 16 62 70 49 38 51 38 38 90 46 98 62 49 51 90 -1 98 62 62 95 46 38 98 -1 90 60 90 46 16 98 16 -1 49 51 
52 37 37 52 37 42 88 42 37 44 99 98 77 95 37 37 95 63 99 88 52 95 52 44 47 37 98 42 44 77 37 88 88 -1 52 99 65 -1 37 42 52 88 33 65 37 37 37 37 65 42 88 42 -1 89 42 52 52 42 37 89 77 74 37 37 73 37 37 74 88 80 88 95 65 45 33 88 52 52 95 80 74 44 98 -1 52 99 95 46 -1 37 74 88 77 77 37 37 65 88 52 88 42 
3 56 35 -1 63 3 63 99 35 34 3 81 56 34 35 35 95 35 63 63 3 86 3 92 35 10 35 35 54 56 35 63 3 42 3 -1 55 63 3 3 3 88 39 32 81 32 63 35 72 34 99 35 3 34 34 35 3 99 35 35 77 35 40 -1 5 3 55 22 35 70 55 20 56 32 38 63 35 63 35 34 51 63 62 52 -1 10 63 63 63 63 34 35 35 55 35 3 20 32 52 35 39 
10 10 14 10 66 10 66 10 14 93 -1 98 68 93 -1 10 38 14 99 17 14 58 10 30 93 10 27 17 58 68 17 66 10 42 93 14 93 14 10 10 14 68 10 58 14 32 27 10 58 10 99 17 10 93 58 93 10 10 14 93 93 17 14 17 10 10 14 25 14 68 93 17 51 32 38 66 20 93 58 68 51 61 62 99 10 -1 19 25 99 66 10 17 93 -1 14 10 20 32 66 10 51 
32 18 94 95 94 64 49 18 94 49 99 28 18 95 19 18 95 19 -1 -1 76 -1 67 28 76 67 30 76 21 18 19 63 19 42 76 76 30 95 95 64 94 68 18 32 28 32 76 75 43 18 99 76 95 95 28 94 18 18 18 95 18 19 18 19 -1 95 64 18 18 75 30 95 67 18 67 19 -1 18 95 29 76 63 95 95 63 19 -1 95 32 94 75 94 76 94 -1 -1 76 32 75 18 18 
25 25 25 71 46 66 57 57 60 57 25 46 25 46 66 25 46 71 57 60 71 95 60 92 47 -1 46 46 92 25 25 66 60 46 71 71 99 46 71 46 60 88 46 60 25 46 -1 46 60 57 99 57 77 46 46 60 71 -1 25 46 -1 71 25 46 66 25 60 25 25 75 30 -1 67 46 67 47 46 60 71 29 57 92 46 46 63 25 95 -1 60 46 25 60 60 60 46 71 71 46 66 71 25 
32 99 31 32 42 32 31 99 32 44 99 73 77 38 32 31 38 32 99 32 99 86 32 73 99 60 32 39 54 77 32 -1 -1 83 99 99 99 83 32 31 32 -1 31 32 31 32 45 75 43 31 41 99 77 73 39 66 77 99 43 99 32 50 31 31 73 32 31 99 41 68 75 99 48 32 38 31 99 -1 99 77 48 63 38 -1 63 99 32 60 -1 42 75 75 60 60 32 38 99 32 42 -1 39 
96 47 37 96 -1 66 42 42 92 44 47 -1 30 53 66 30 46 30 73 30 96 28 92 -1 59 92 11 26 23 80 23 42 42 42 53 92 30 4 37 42 92 68 4 48 23 37 4 4 -1 42 81 72 98 -1 28 53 53 42 48 -1 92 81 30 4 73 96 4 53 66 80 30 96 48 23 37 47 92 63 26 80 48 11 98 37 63 66 94 46 42 -1 53 94 -1 92 4 37 -1 42 11 92 48 
10 -1 15 34 47 56 75 1 62 34 1 53 15 -1 62 1 13 61 7 75 34 86 55 53 47 -1 30 61 53 15 15 75 60 74 13 34 55 74 16 75 62 61 7 58 81 46 16 1 72 82 61 7 98 13 34 13 1 -1 15 13 25 -1 -1 61 56 10 75 13 62 75 75 56 56 18 61 -1 34 60 47 34 74 61 -1 74 34 10 75 25 75 53 -1 75 60 1 55 13 34 16 75 7 75 
22 75 75 22 94 22 75 75 94 54 22 98 19 54 17 30 38 -1 19 17 54 54 -1 30 35 60 27 17 54 19 17 75 19 54 54 17 30 94 22 54 94 61 54 58 30 32 27 75 58 75 61 17 98 30 -1 22 71 75 54 35 22 17 17 17 94 22 75 22 17 75 75 17 51 19 61 -1 27 60 22 54 51 61 90 88 35 17 94 60 75 94 75 -1 35 55 -1 71 54 32 75 35 51 
60 60 35 35 89 66 60 60 35 35 60 23 77 35 35 30 35 35 60 30 35 28 60 -1 35 60 23 35 23 77 23 66 60 60 35 -1 30 89 60 35 35 81 60 60 23 60 87 35 89 60 81 35 77 23 28 35 35 60 30 89 -1 81 30 81 73 96 60 60 35 70 30 35 89 23 81 60 35 60 35 35 89 -1 60 77 35 93 76 60 60 -1 60 35 -1 60 35 35 89 60 23 35 51 
10 -1 15 55 47 56 49 1 55 55 1 55 15 55 85 1 55 55 7 60 55 55 55 92 55 60 30 47 55 15 15 66 60 42 55 55 55 15 60 55 55 85 7 60 15 60 47 1 60 7 90 7 77 55 55 -1 1 7 15 55 -1 90 15 77 56 55 55 15 85 70 55 56 56 60 60 7 55 60 55 55 51 92 90 77 55 -1 94 60 60 92 1 55 60 -1 55 55 55 60 66 7 15 
32 47 8 20 -1 66 31 19 -1 55 32 89 19 55 8 8 46 -1 19 -1 8 86 55 30 55 15 27 17 55 19 17 8 8 42 55 8 55 4 8 27 8 61 4 32 8 32 4 4 89 70 61 17 20 55 55 -1 55 19 14 55 32 17 14 4 86 37 4 19 14 70 55 17 51 19 37 19 86 63 55 55 51 61 46 37 35 14 -1 46 32 4 55 -1 35 55 -1 86 20 32 42 19 51 
3 56 37 -1 37 3 37 86 20 34 3 53 56 -1 71 37 -1 71 86 86 3 86 3 53 55 67 78 39 86 56 71 37 38 74 3 34 55 -1 -1 3 3 88 37 38 37 37 16 37 43 82 99 71 3 13 34 13 3 87 78 13 38 71 40 37 86 37 37 13 56 70 55 -1 56 38 37 86 86 52 71 34 74 44 16 37 3 10 -1 71 38 37 13 71 35 55 86 -1 20 16 52 71 39 
65 56 20 20 89 65 65 99 20 34 65 89 56 34 20 20 34 71 99 32 -1 86 65 89 89 65 89 65 89 56 65 65 20 65 20 20 65 65 65 65 20 99 65 65 89 65 89 89 89 34 99 72 20 89 34 34 20 87 65 89 92 71 20 89 65 -1 89 72 20 89 55 20 65 89 65 65 20 52 71 34 89 89 98 65 20 20 76 71 99 -1 34 54 89 55 20 20 -1 32 89 20 65 
32 32 32 32 42 32 42 42 32 34 32 53 32 16 32 32 -1 32 32 32 32 86 32 73 35 60 32 46 73 32 32 42 -1 42 16 32 32 45 16 42 32 88 32 32 32 32 16 46 43 82 88 32 32 16 34 16 16 42 43 16 32 32 82 32 73 32 60 16 32 75 32 38 48 32 38 32 32 60 32 34 48 63 16 88 32 32 32 46 32 42 16 32 60 60 32 16 32 -1 42 88 43 
42 42 42 52 42 66 42 42 42 82 42 -1 77 53 66 42 82 66 42 75 52 28 66 11 66 66 11 26 23 77 23 42 42 42 52 66 66 42 42 42 52 68 -1 42 23 42 42 75 89 82 81 42 -1 11 42 66 52 42 66 89 66 81 82 42 66 42 -1 27 66 75 75 42 51 23 42 -1 27 52 26 80 75 11 -1 52 52 66 75 66 42 11 75 75 23 66 42 52 89 42 -1 42 42 
10 7 20 20 42 10 49 -1 20 34 -1 36 18 34 20 7 71 35 -1 18 -1 86 10 36 35 10 36 35 36 18 36 88 88 42 20 -1 -1 65 71 20 20 50 7 65 20 73 87 7 65 7 -1 7 20 34 34 35 71 7 78 35 7 50 15 19 73 36 55 18 18 75 36 -1 51 18 61 7 20 88 71 29 51 61 49 88 35 10 18 71 -1 92 7 35 35 7 19 71 20 88 42 -1 18 
39 15 15 39 42 39 39 51 43 39 15 39 -1 56 51 12 43 51 12 18 39 54 39 30 51 15 39 39 54 12 15 39 43 42 39 51 65 65 43 -1 39 68 39 -1 15 43 39 75 43 51 61 -1 39 56 39 54 12 51 43 56 43 51 15 39 39 39 39 15 12 -1 69 51 51 18 80 69 51 12 58 29 51 61 51 42 39 51 18 25 39 48 75 51 51 15 51 39 65 43 42 18 -1 
