34
0 33
-1 28 4 4 -1 11 4 11 17 28 4 -1 30 15 15 11 31 11 17 4 4 11 11 11 4 4 20 11 11 21 4 11 11 4 
28 -1 8 10 30 10 8 28 -1 12 -1 28 -1 28 10 30 -1 8 16 28 10 22 10 17 8 10 10 10 -1 12 -1 16 8 16 
4 8 -1 -1 3 26 -1 25 -1 25 3 15 25 15 33 6 33 8 25 3 26 24 10 17 8 -1 -1 10 8 19 4 33 8 -1 
4 10 -1 -1 -1 10 -1 25 2 25 -1 4 25 15 10 6 10 25 25 -1 4 22 10 25 4 -1 2 10 19 19 4 29 19 2 
-1 30 3 -1 -1 10 -1 11 24 25 3 0 30 15 15 6 24 24 24 3 -1 24 10 11 -1 3 20 10 11 19 -1 11 30 3 
11 10 26 10 10 -1 10 -1 10 12 -1 7 -1 22 -1 7 10 11 22 10 10 22 -1 11 22 7 -1 7 7 12 10 11 7 14 
4 8 -1 -1 -1 10 -1 15 2 25 3 15 25 15 15 -1 25 25 25 3 4 15 15 15 4 -1 2 10 15 19 4 15 8 2 
11 28 25 25 11 -1 15 -1 32 25 5 -1 5 15 5 -1 22 11 22 28 11 11 -1 11 17 -1 5 -1 -1 21 15 11 -1 14 
17 -1 -1 2 24 10 2 32 -1 32 1 17 1 32 33 6 1 -1 17 32 10 24 10 17 -1 2 2 32 1 18 1 16 -1 2 
28 12 25 25 25 12 25 25 32 -1 25 28 -1 28 12 25 12 25 25 28 25 29 12 25 25 -1 12 32 -1 -1 12 29 -1 25 
4 -1 3 -1 3 -1 3 5 1 25 -1 20 1 22 5 22 1 25 22 3 -1 22 -1 20 30 -1 -1 -1 1 19 -1 16 27 3 
-1 28 15 4 0 7 15 -1 17 28 20 -1 7 15 15 -1 31 -1 17 28 -1 -1 7 -1 17 7 20 7 -1 21 15 -1 7 15 
30 -1 25 25 30 -1 25 5 1 -1 1 7 -1 22 5 30 1 25 25 25 10 22 5 25 30 -1 5 7 1 9 -1 16 9 14 
15 28 15 15 15 22 15 15 32 28 22 15 22 -1 15 -1 31 15 22 28 15 22 -1 15 22 15 22 22 -1 31 15 -1 -1 15 
15 10 33 10 15 -1 15 5 33 12 5 15 5 15 -1 -1 33 15 33 10 10 15 5 15 30 7 5 7 7 33 15 15 7 -1 
11 30 6 6 6 7 -1 -1 6 25 22 -1 30 -1 -1 -1 22 11 22 6 11 11 -1 11 30 6 6 7 7 21 -1 11 7 14 
31 -1 33 10 24 10 25 22 1 12 1 31 1 31 33 22 -1 18 -1 28 10 22 18 18 18 18 18 10 1 18 1 -1 8 -1 
11 8 8 25 24 11 25 11 -1 25 25 -1 25 15 15 11 18 -1 -1 25 11 11 18 -1 -1 -1 18 11 11 18 -1 11 8 18 
17 16 25 25 24 22 25 22 17 25 22 17 25 22 33 22 -1 -1 -1 29 26 22 -1 17 -1 -1 -1 22 16 -1 -1 16 30 -1 
4 28 3 -1 3 10 3 28 32 28 3 28 25 28 10 6 28 25 29 -1 4 29 10 28 4 3 3 32 -1 -1 32 29 -1 3 
4 10 26 4 -1 10 4 11 10 25 -1 -1 10 15 10 11 10 11 26 4 -1 11 10 11 4 10 -1 10 11 21 4 11 11 26 
11 22 24 22 24 22 15 11 24 29 22 -1 22 22 15 11 22 11 22 29 11 -1 -1 11 -1 11 20 22 11 -1 24 11 11 22 
11 10 10 10 10 -1 15 -1 10 12 -1 7 5 -1 5 -1 18 18 -1 10 10 -1 -1 11 18 7 5 -1 7 18 10 13 7 18 
11 17 17 25 11 11 15 11 17 25 20 -1 25 15 15 11 18 -1 17 28 11 11 11 -1 17 17 18 11 11 18 17 11 11 18 
4 8 8 4 -1 22 4 17 -1 25 30 17 30 22 30 30 18 -1 -1 4 4 -1 18 17 -1 17 18 22 8 18 -1 17 8 18 
4 10 -1 -1 3 7 -1 -1 2 -1 -1 7 -1 15 7 6 18 -1 -1 3 10 11 7 17 17 -1 2 7 7 9 10 11 7 2 
20 10 -1 2 20 -1 2 5 2 12 -1 20 5 22 5 6 18 18 -1 3 -1 20 5 18 18 2 -1 10 7 18 10 18 7 2 
11 10 10 10 10 7 10 -1 32 32 -1 7 7 22 7 7 10 11 22 32 10 22 -1 11 22 7 10 -1 7 22 10 11 -1 22 
11 -1 8 19 11 7 15 -1 1 -1 1 -1 1 -1 7 7 1 11 16 -1 11 11 7 11 8 7 7 7 -1 9 1 11 7 16 
21 12 19 19 19 12 19 21 18 -1 19 21 9 31 33 21 18 18 -1 -1 21 -1 18 18 18 9 18 22 9 -1 18 -1 9 18 
4 -1 4 4 -1 10 4 15 1 12 -1 15 -1 15 15 -1 1 -1 -1 32 4 24 10 17 -1 10 10 10 1 18 -1 15 -1 18 
11 16 33 29 11 11 15 11 16 29 16 -1 16 -1 15 11 -1 11 16 29 11 11 13 11 17 11 18 11 11 -1 15 -1 13 16 
11 8 8 19 30 7 8 -1 -1 -1 27 7 9 -1 7 7 8 8 30 -1 11 11 7 11 8 7 7 -1 7 9 -1 13 -1 8 
4 16 -1 2 3 14 2 14 2 25 3 15 14 15 -1 14 -1 18 -1 3 26 22 18 18 18 2 2 22 16 18 18 16 8 -1 
