55
0 49
-1 19 18 37 18 18 19 18 18 18 18 18 18 21 43 34 43 18 -1 18 43 18 18 34 43 18 22 18 32 18 18 22 18 43 18 21 29 18 18 43 18 18 41 18 18 18 18 34 18 26 18 46 18 18 19 
19 -1 16 31 25 25 19 19 21 14 19 19 14 21 -1 14 14 14 19 -1 31 19 19 14 25 -1 30 31 33 19 -1 30 48 23 14 21 29 21 21 19 25 19 19 14 14 31 19 48 25 30 14 38 19 19 19 
18 16 -1 22 16 16 22 17 32 17 17 17 16 -1 16 47 -1 -1 17 17 22 13 -1 33 -1 16 22 17 32 32 16 22 -1 -1 17 13 41 32 17 13 17 13 22 16 17 31 17 -1 32 47 17 47 17 13 13 
37 31 22 -1 24 37 22 45 37 22 27 22 22 39 43 49 22 27 37 22 -1 37 20 45 20 24 49 20 37 37 31 20 37 39 37 39 41 -1 20 20 20 20 45 20 45 -1 22 49 39 -1 37 38 37 38 27 
18 25 16 24 -1 25 -1 11 21 -1 11 9 16 16 9 16 -1 9 11 6 24 16 6 14 -1 -1 6 24 32 19 9 24 16 16 9 21 50 39 21 6 17 11 6 16 9 31 11 16 9 26 9 38 11 11 6 
18 25 16 37 25 -1 25 53 -1 14 38 53 -1 53 12 -1 12 40 8 14 38 8 40 15 25 -1 38 38 32 8 12 30 8 23 15 21 29 8 -1 37 -1 38 23 14 14 31 51 15 25 38 8 38 8 -1 38 
19 19 22 22 -1 25 -1 19 21 4 19 19 16 39 19 21 4 9 19 -1 22 19 -1 42 4 4 -1 42 39 19 26 22 22 39 9 39 29 39 26 -1 22 39 -1 39 42 42 19 22 39 26 26 38 19 19 -1 
18 19 17 45 11 53 19 -1 18 11 11 -1 14 41 11 52 22 11 11 11 22 19 11 45 45 11 22 11 32 19 11 45 17 17 11 21 41 45 11 41 17 11 45 18 11 -1 11 49 11 45 11 46 11 11 19 
18 21 32 37 21 -1 21 18 -1 50 18 18 5 21 12 5 21 18 -1 21 37 -1 18 15 32 5 50 52 32 -1 12 52 -1 32 18 21 29 -1 5 37 5 18 48 18 50 37 18 15 32 37 -1 38 -1 5 21 
18 14 17 22 -1 14 4 11 50 -1 11 -1 14 17 -1 34 4 -1 11 11 22 16 11 14 4 4 30 17 48 19 -1 30 48 17 -1 48 50 48 11 48 17 11 44 14 -1 11 11 48 -1 30 -1 46 11 11 6 
18 19 17 27 11 38 19 11 18 11 -1 -1 38 17 11 38 17 -1 11 11 27 38 11 42 27 48 38 -1 48 19 11 27 48 17 11 48 41 48 -1 48 17 11 27 18 11 11 11 48 -1 38 11 38 11 11 27 
18 19 17 22 9 53 19 -1 18 -1 -1 -1 14 41 9 52 22 -1 -1 -1 22 19 -1 14 9 9 22 10 32 19 9 22 17 17 9 21 41 52 10 41 17 -1 41 18 9 7 -1 17 9 26 9 46 -1 -1 19 
18 14 16 22 16 -1 16 14 5 14 38 14 -1 16 -1 -1 -1 14 8 14 22 15 16 14 16 5 30 31 32 8 -1 30 8 16 15 21 50 8 5 31 5 43 23 14 14 31 14 15 14 30 15 38 15 5 38 
21 21 -1 39 16 53 39 41 21 17 17 41 16 -1 21 21 2 2 21 21 39 -1 2 21 2 48 22 54 32 21 39 39 -1 2 21 -1 41 39 21 -1 17 -1 41 39 42 39 41 2 32 47 21 38 21 -1 -1 
43 -1 16 43 9 12 19 11 12 -1 11 9 -1 21 -1 12 12 9 43 -1 43 19 11 -1 9 -1 19 17 33 19 1 30 48 23 9 21 29 43 12 43 12 43 23 -1 9 42 11 15 9 26 9 38 11 11 19 
34 14 47 49 16 -1 21 52 5 34 38 52 -1 21 12 -1 12 34 34 21 38 -1 16 -1 47 5 50 52 33 8 12 52 8 23 -1 21 50 52 5 21 5 21 23 14 34 42 51 -1 47 47 -1 47 -1 5 21 
43 14 -1 22 -1 12 4 22 21 4 17 22 -1 2 12 12 -1 2 43 21 22 -1 -1 14 2 4 22 17 32 21 12 22 2 2 9 21 43 21 21 43 22 43 6 -1 9 31 22 2 9 26 9 38 15 12 6 
18 14 -1 27 9 40 9 11 18 -1 -1 -1 14 2 9 34 2 -1 11 11 27 13 2 14 2 9 22 -1 32 19 9 27 2 2 9 13 41 52 10 13 -1 11 27 14 9 11 11 2 9 47 9 38 11 11 27 
-1 19 17 37 11 8 19 11 -1 11 11 -1 8 21 43 34 43 11 -1 11 43 8 11 34 43 8 22 11 32 8 11 22 8 43 -1 21 29 8 8 43 8 11 41 -1 11 11 11 34 11 26 8 46 8 11 19 
18 -1 17 22 6 14 -1 11 21 11 11 -1 14 21 -1 21 21 11 11 -1 22 -1 6 14 6 1 6 11 32 -1 1 22 21 23 11 21 29 21 21 6 17 11 6 14 11 11 11 21 11 26 11 38 11 11 6 
43 31 22 -1 24 38 22 22 37 22 27 22 22 39 43 38 22 27 43 22 -1 38 -1 39 -1 24 22 -1 39 41 31 -1 22 39 43 39 41 3 -1 -1 -1 -1 27 -1 42 3 22 22 39 3 26 38 27 38 27 
18 19 13 37 16 8 19 19 -1 16 38 19 15 -1 19 -1 -1 13 8 -1 38 -1 16 15 13 8 38 38 32 8 15 22 8 13 15 -1 29 8 -1 13 8 13 19 16 16 19 19 15 35 38 8 38 8 13 13 
18 19 -1 20 6 40 -1 11 18 11 11 -1 16 2 11 16 -1 2 11 6 -1 16 -1 33 2 6 -1 20 32 19 26 -1 2 2 11 13 41 20 20 6 -1 11 6 16 11 31 11 2 11 26 26 38 11 11 6 
34 14 33 45 14 15 42 45 15 14 42 14 14 21 -1 -1 14 14 34 14 39 15 33 -1 33 14 42 42 33 19 14 39 33 -1 15 21 42 39 15 33 15 42 -1 14 42 42 44 15 42 42 15 47 15 15 42 
43 25 -1 20 -1 25 4 45 32 4 27 9 16 2 9 47 2 2 43 6 -1 13 2 33 -1 4 6 -1 32 19 31 -1 2 2 9 13 41 20 20 20 20 20 27 20 9 31 11 2 9 20 9 38 27 13 27 
18 -1 16 24 -1 -1 4 11 5 4 48 9 5 48 -1 5 4 9 8 1 24 8 6 14 4 -1 6 24 48 8 1 24 48 23 9 48 29 8 5 48 5 43 48 14 9 48 11 48 -1 48 8 38 8 5 6 
22 30 22 49 6 38 -1 22 50 30 38 22 30 22 19 50 22 22 22 6 22 38 -1 42 6 6 -1 42 32 19 -1 22 22 22 30 38 50 39 -1 6 22 42 -1 22 42 42 22 49 42 -1 -1 38 22 38 6 
18 31 17 20 24 38 42 11 52 17 -1 10 31 54 17 52 17 -1 11 11 -1 38 20 42 -1 24 42 -1 32 52 31 -1 17 17 17 39 41 52 10 20 17 20 -1 20 42 31 11 17 10 20 17 38 -1 11 -1 
32 33 32 37 32 32 39 32 32 48 48 32 32 32 33 33 32 32 32 32 39 32 32 33 32 48 32 32 -1 32 39 39 -1 -1 32 32 32 32 32 33 32 32 33 39 42 39 32 32 32 47 32 47 32 32 32 
18 19 32 37 19 8 19 19 -1 19 19 19 8 21 19 8 21 19 8 -1 41 8 19 19 19 8 19 52 32 -1 19 52 8 23 18 21 -1 8 8 19 8 36 19 18 19 19 19 15 32 26 8 38 8 8 19 
18 -1 16 31 9 12 26 11 12 -1 11 9 -1 39 1 12 12 9 11 1 31 15 26 14 31 1 -1 31 39 19 -1 -1 48 39 9 39 50 39 26 31 12 11 26 14 9 31 11 15 9 26 9 38 31 11 26 
22 30 22 20 24 30 22 45 52 30 27 22 30 39 30 52 22 27 22 22 -1 22 -1 39 -1 24 22 -1 39 52 -1 -1 22 39 30 39 41 39 20 -1 20 20 27 20 30 -1 22 22 39 45 26 38 -1 22 27 
18 48 -1 37 16 8 22 17 -1 48 48 17 8 -1 48 8 2 2 8 21 22 8 2 33 2 48 22 17 -1 8 48 22 -1 2 18 13 29 8 8 13 8 13 48 16 48 48 17 2 -1 47 8 47 8 13 13 
43 23 -1 39 16 23 39 17 32 17 17 17 16 2 23 23 2 2 43 23 39 13 2 -1 2 23 22 17 -1 23 39 39 2 -1 23 39 41 39 39 -1 17 39 23 39 42 39 17 2 39 47 23 47 23 13 13 
18 14 17 37 9 15 9 11 18 -1 11 9 15 21 9 -1 9 9 -1 11 43 15 11 15 9 9 30 17 32 18 9 30 18 23 -1 21 50 18 15 43 15 11 23 18 9 11 11 15 9 47 9 47 15 11 9 
21 21 13 39 21 21 39 21 21 48 48 21 21 -1 21 21 21 13 21 21 39 -1 13 21 13 48 38 39 32 21 39 39 13 39 21 -1 41 39 21 -1 39 13 48 39 48 39 21 48 -1 48 21 38 21 13 13 
29 29 41 41 50 29 29 41 29 50 41 41 50 41 29 50 43 41 29 29 41 29 41 42 41 29 50 41 32 -1 50 41 29 41 50 41 -1 29 41 41 41 -1 41 41 42 42 41 50 41 50 -1 41 29 41 41 
18 21 32 -1 39 8 39 45 -1 48 48 52 8 39 43 52 21 52 8 21 3 8 20 39 20 8 39 52 32 8 39 39 8 39 18 39 29 -1 8 -1 8 39 39 39 42 3 52 48 39 3 8 38 -1 8 39 
18 21 17 20 21 -1 26 11 5 11 -1 10 5 21 12 5 21 10 8 21 -1 -1 20 15 20 5 -1 10 32 8 26 20 8 39 15 21 41 8 -1 20 5 20 26 20 42 20 51 51 10 26 26 -1 8 -1 -1 
43 19 13 20 6 37 -1 41 37 48 48 41 31 -1 43 21 43 13 43 6 -1 13 6 33 20 48 6 20 33 19 31 -1 13 -1 43 -1 41 -1 20 -1 20 -1 6 -1 42 31 41 48 -1 20 26 38 31 13 6 
18 25 17 20 17 -1 22 17 5 17 17 17 5 17 12 5 22 -1 8 17 -1 8 -1 15 20 5 22 17 32 8 12 20 8 17 15 39 41 8 5 20 -1 20 22 20 17 20 17 15 17 20 8 38 8 5 22 
18 19 13 20 11 38 39 11 18 11 11 -1 43 -1 43 21 43 11 11 11 -1 13 11 42 20 43 42 20 32 36 11 20 13 39 11 13 -1 39 20 -1 20 -1 -1 -1 42 42 11 13 39 20 36 38 11 11 13 
41 19 22 45 6 23 -1 45 48 44 27 41 23 41 23 23 6 27 41 6 27 19 6 -1 27 48 -1 -1 33 19 26 27 48 23 23 48 41 39 26 6 22 -1 -1 41 -1 -1 44 48 -1 26 26 38 27 38 6 
18 14 16 20 16 14 39 18 18 14 18 18 14 39 -1 14 -1 14 -1 14 -1 16 16 14 20 14 22 20 39 18 14 20 16 39 18 39 41 39 20 -1 20 -1 41 -1 14 20 18 16 39 20 14 38 18 18 27 
18 14 17 45 9 14 42 11 50 -1 11 9 14 42 9 34 9 9 11 11 42 16 11 42 9 9 42 42 42 19 9 30 48 42 9 48 42 42 42 42 17 42 -1 14 -1 42 -1 48 9 42 9 46 11 11 42 
18 31 31 -1 31 31 42 -1 37 11 11 7 31 39 42 42 31 11 11 11 3 19 31 42 31 48 42 31 39 19 31 -1 48 39 11 39 42 3 20 31 20 42 -1 20 42 -1 11 49 42 -1 42 49 31 11 31 
18 19 17 22 11 51 19 11 18 11 11 -1 14 41 11 51 22 11 11 11 22 19 11 44 11 11 22 11 32 19 11 22 17 17 11 21 41 52 51 41 17 11 44 18 -1 11 -1 51 11 51 11 -1 11 11 51 
34 48 -1 49 16 15 22 49 15 48 48 17 15 2 15 -1 2 2 34 21 22 15 2 15 2 48 49 17 32 15 15 22 2 2 15 48 50 48 51 48 15 13 48 16 48 49 51 -1 -1 -1 15 -1 15 13 13 
18 25 32 39 9 25 39 11 32 -1 -1 9 14 32 9 47 9 9 11 11 39 35 11 42 9 -1 42 10 32 32 9 39 -1 39 9 -1 41 39 10 -1 17 39 -1 39 9 42 11 -1 -1 47 9 47 11 11 27 
26 30 47 -1 26 38 26 45 37 30 38 26 30 47 26 47 26 47 26 26 3 38 26 42 20 48 -1 20 47 26 26 45 47 47 47 48 50 3 26 20 20 20 26 20 42 -1 51 -1 47 -1 26 47 37 38 26 
18 14 17 37 9 8 26 11 -1 -1 11 9 15 21 9 -1 9 9 8 11 26 8 26 15 9 8 -1 17 32 8 9 26 8 23 9 21 -1 8 26 26 8 36 26 14 9 42 11 15 9 26 -1 38 8 8 26 
46 38 47 38 38 38 38 46 38 46 38 46 38 38 38 47 38 38 46 38 38 38 38 47 38 38 38 38 47 38 38 38 47 47 47 38 41 38 -1 38 38 38 38 38 46 49 -1 -1 47 47 38 -1 46 38 38 
18 19 17 37 11 8 19 11 -1 11 11 -1 15 21 11 -1 15 11 8 11 27 8 11 15 27 8 22 -1 32 8 31 -1 8 23 15 21 29 -1 8 31 8 11 27 18 11 31 11 15 11 37 8 46 -1 11 27 
18 19 13 38 11 -1 19 11 5 11 11 -1 5 -1 11 5 12 11 11 11 38 13 11 15 13 5 38 11 32 8 11 22 13 13 11 13 41 8 -1 13 5 11 38 18 11 11 11 13 11 38 8 38 11 -1 13 
19 19 13 27 6 38 -1 19 21 6 27 19 38 -1 19 21 6 27 19 6 27 13 6 42 27 6 6 -1 32 19 26 27 13 13 9 13 41 39 -1 6 22 13 6 27 42 31 51 13 27 26 26 38 27 13 -1 
