31
2 5
-1 -1 22 8 29 1 29 1 -1 29 12 25 8 1 -1 8 8 13 29 29 25 22 -1 22 8 -1 8 1 16 -1 1 
-1 -1 15 7 27 -1 7 -1 0 5 19 13 7 -1 0 13 30 13 7 5 25 7 0 7 8 -1 7 -1 30 0 -1 
22 15 -1 15 26 15 15 21 15 21 28 15 15 15 22 -1 28 15 28 23 21 -1 21 15 21 21 15 23 -1 21 28 
8 7 15 -1 18 7 -1 -1 -1 7 12 6 -1 15 8 -1 8 15 -1 29 18 7 8 7 8 7 7 29 18 -1 7 
29 27 26 18 -1 27 11 26 26 11 26 -1 18 11 27 26 26 13 -1 26 18 26 23 18 20 11 -1 -1 18 -1 27 
1 -1 15 7 27 -1 11 1 1 -1 19 9 19 1 -1 13 19 13 23 -1 24 7 1 19 14 1 19 -1 19 9 1 
29 7 15 -1 11 11 -1 3 3 11 12 -1 3 11 29 3 8 13 -1 29 18 29 8 18 8 11 7 29 18 -1 25 
1 -1 21 -1 26 1 3 -1 3 -1 12 9 3 1 1 3 8 13 3 23 21 -1 21 -1 8 1 -1 1 18 3 1 
-1 0 15 -1 26 1 3 3 -1 29 12 29 -1 29 0 3 -1 29 3 26 24 22 -1 22 -1 0 -1 26 16 -1 16 
29 5 21 7 11 -1 11 -1 29 -1 19 -1 7 11 5 7 29 13 29 5 21 7 21 7 14 11 7 5 29 -1 5 
12 19 28 12 26 19 12 12 12 19 -1 29 -1 29 19 12 -1 29 12 -1 18 22 12 19 12 26 19 19 16 19 16 
25 13 15 6 -1 9 -1 9 29 -1 29 -1 6 -1 9 13 29 13 4 29 25 29 25 29 25 -1 4 4 18 -1 25 
8 7 15 -1 18 19 3 3 -1 7 -1 6 -1 15 8 3 -1 15 3 10 18 22 -1 22 8 8 8 23 16 3 16 
1 -1 15 15 11 1 11 1 29 11 29 -1 15 -1 1 -1 29 -1 29 29 25 29 1 15 29 1 15 1 15 -1 1 
-1 0 22 8 27 -1 29 1 0 5 19 9 8 1 -1 8 8 13 24 5 24 22 0 19 -1 0 8 5 16 0 1 
8 13 -1 -1 26 13 3 3 3 7 12 13 3 -1 8 -1 8 13 3 23 18 2 23 -1 8 26 -1 23 2 3 13 
8 30 28 8 26 19 8 8 -1 29 -1 29 -1 29 8 8 -1 29 28 10 24 22 8 19 8 30 8 30 -1 8 -1 
13 13 15 15 13 13 13 13 29 13 29 13 15 -1 13 13 29 -1 29 29 25 29 13 15 29 13 15 13 15 13 13 
29 7 28 -1 -1 23 -1 3 3 29 12 4 3 29 24 3 28 29 -1 23 -1 20 23 -1 20 20 4 4 -1 -1 25 
29 5 23 29 26 -1 29 23 26 5 -1 29 10 29 5 23 10 29 23 -1 23 26 23 -1 14 26 -1 5 16 -1 5 
25 25 21 18 18 24 18 21 24 21 18 25 18 25 24 18 24 25 -1 23 -1 -1 21 18 -1 -1 21 25 18 18 25 
22 7 -1 7 26 7 29 -1 22 7 22 29 22 29 22 2 22 29 20 26 -1 -1 -1 7 20 20 -1 26 2 -1 7 
-1 0 21 8 23 1 8 21 -1 21 12 25 -1 1 0 23 8 13 23 23 21 -1 -1 -1 8 0 8 23 16 0 1 
22 7 15 7 18 19 18 -1 22 7 19 29 22 15 19 -1 19 15 -1 -1 18 7 -1 -1 20 27 7 -1 18 -1 27 
8 8 21 8 20 14 8 8 -1 14 12 25 8 29 -1 8 8 29 20 14 -1 20 8 20 -1 20 8 14 16 8 16 
-1 -1 21 7 11 1 11 1 0 11 26 -1 8 1 0 26 30 13 20 26 -1 20 0 27 20 -1 -1 -1 20 0 -1 
8 7 15 7 -1 19 7 -1 -1 7 19 4 8 15 8 -1 8 15 4 -1 21 -1 8 7 8 -1 -1 -1 15 4 25 
1 -1 23 29 -1 -1 29 1 26 5 19 4 23 1 5 23 30 13 4 5 25 26 23 -1 14 -1 -1 -1 18 -1 -1 
16 30 -1 18 18 19 18 18 16 29 16 18 16 15 16 2 -1 15 -1 16 18 2 16 18 16 20 15 18 -1 18 16 
-1 0 21 -1 -1 9 -1 3 -1 -1 19 -1 3 -1 0 3 8 13 -1 -1 18 -1 0 -1 8 0 4 -1 18 -1 27 
1 -1 28 7 27 1 25 1 16 5 16 25 16 1 1 13 -1 13 25 5 25 7 1 27 16 -1 25 -1 16 27 -1 
