69
9 37
-1 44 26 44 38 36 42 26 49 -1 30 51 -1 59 30 67 44 36 42 36 30 36 30 26 55 44 -1 44 55 30 -1 36 55 36 26 50 30 30 -1 36 44 55 12 59 -1 30 44 12 68 44 12 47 26 26 36 -1 30 55 38 -1 36 44 30 36 12 47 26 55 30 
44 -1 64 64 64 64 64 64 -1 44 20 34 64 20 16 8 -1 20 20 34 -1 45 16 16 60 44 64 34 64 16 16 64 64 20 8 34 64 20 42 43 20 45 20 8 16 16 44 64 15 8 64 64 20 16 52 67 15 16 16 64 16 64 29 34 -1 49 8 8 64 
26 64 -1 14 7 59 54 -1 66 26 30 52 44 59 -1 66 14 45 52 52 52 66 14 7 59 44 -1 14 53 14 14 64 64 53 22 52 59 52 7 22 14 7 44 29 -1 14 44 44 22 44 44 53 -1 7 52 26 30 -1 14 -1 16 14 29 66 -1 49 -1 52 30 
44 64 14 -1 -1 64 54 4 66 44 13 52 44 4 -1 66 14 45 40 52 52 66 14 14 59 44 7 -1 53 14 14 64 64 50 27 50 64 40 4 22 -1 7 38 40 -1 14 44 38 22 44 27 13 -1 14 52 44 13 14 4 4 16 -1 29 66 -1 27 -1 52 61 
38 64 7 -1 -1 36 42 -1 43 38 13 51 38 -1 3 43 14 36 40 52 13 36 14 7 59 58 7 3 51 14 13 36 43 36 23 50 13 20 -1 36 3 7 38 13 3 14 42 38 43 44 13 13 3 7 52 26 13 7 -1 -1 36 3 29 36 3 27 3 52 51 
36 64 59 64 36 -1 31 53 67 55 36 51 50 36 36 67 60 36 60 31 36 36 39 36 36 39 55 50 -1 31 36 28 43 36 39 28 -1 36 36 -1 43 36 46 39 39 36 39 39 35 65 36 28 67 28 36 28 67 55 39 36 36 68 31 36 36 28 36 -1 39 
42 64 54 54 42 31 -1 41 34 42 36 31 42 36 31 48 31 36 42 31 42 31 31 31 51 39 42 34 31 31 36 -1 42 54 31 31 31 42 42 36 42 31 -1 31 42 31 42 42 31 44 36 31 54 31 -1 31 47 31 42 36 36 54 -1 31 31 31 31 54 51 
26 64 -1 4 -1 53 41 -1 34 26 13 53 26 4 2 34 14 45 53 34 52 41 14 -1 53 44 -1 4 53 53 14 41 64 53 23 53 13 52 4 68 53 -1 38 13 2 41 41 38 53 44 13 53 2 -1 52 26 13 2 4 2 45 4 53 34 2 53 2 52 53 
49 -1 66 66 43 67 34 34 -1 67 20 34 49 43 16 -1 1 20 20 34 1 66 34 34 43 43 66 34 65 43 16 34 43 65 -1 34 43 20 43 43 43 66 20 -1 49 16 43 56 15 -1 34 43 67 43 67 67 15 66 43 43 16 66 43 34 1 49 -1 -1 43 
-1 44 26 44 38 55 42 26 67 -1 30 55 0 59 30 67 44 36 42 55 30 55 30 26 55 44 0 44 55 30 0 55 55 55 67 55 30 30 0 36 44 55 12 55 0 55 44 12 55 44 12 55 67 55 55 -1 30 55 38 0 55 44 30 36 12 55 26 55 30 
30 20 30 13 13 36 36 13 20 30 -1 51 30 -1 30 56 20 20 20 52 -1 36 30 30 51 56 30 50 51 30 -1 36 20 20 20 50 13 20 13 36 20 13 20 13 30 20 56 56 20 20 13 13 20 30 52 30 -1 30 13 13 20 68 30 36 20 56 13 52 30 
51 34 52 52 51 51 31 53 34 55 51 -1 51 51 53 34 45 65 51 -1 52 19 34 34 51 51 52 65 51 31 68 19 51 65 19 19 21 52 51 68 53 21 31 51 58 21 21 51 35 65 35 -1 19 51 52 51 51 52 51 51 51 68 31 31 31 -1 19 52 51 
-1 64 44 44 38 50 42 26 49 0 30 51 -1 50 30 56 44 50 42 50 42 46 30 26 50 44 0 50 50 64 0 64 64 50 50 50 50 42 0 44 42 55 -1 50 -1 44 42 -1 50 44 -1 47 44 50 42 0 47 44 44 0 42 44 42 50 -1 47 44 55 30 
59 20 59 4 -1 36 36 4 43 59 -1 51 50 -1 4 43 60 36 20 36 10 36 39 7 51 39 7 50 51 43 10 36 43 36 43 50 -1 20 4 36 43 7 38 -1 4 36 36 51 43 43 -1 -1 4 51 36 51 10 59 4 -1 36 4 43 36 36 36 4 36 51 
30 16 -1 -1 3 36 31 2 16 30 30 53 30 4 -1 48 -1 45 40 31 16 45 -1 -1 53 58 2 3 53 -1 -1 29 43 53 22 48 30 20 58 22 3 45 58 29 2 -1 39 53 22 44 27 53 2 -1 52 57 30 -1 -1 2 16 3 29 31 2 27 2 52 30 
67 8 66 66 43 67 48 34 -1 67 56 34 56 43 48 -1 8 48 20 34 8 66 48 34 67 56 67 34 48 48 56 48 43 48 8 48 48 20 56 43 43 67 56 8 49 48 56 56 -1 8 48 56 67 48 67 67 -1 67 67 43 16 68 48 34 8 49 8 -1 48 
44 -1 14 14 14 60 31 14 1 44 20 45 44 60 -1 8 -1 45 60 45 1 45 14 14 60 44 14 14 53 14 14 29 60 45 8 45 60 20 44 22 45 45 44 8 -1 -1 44 44 22 44 44 53 14 14 45 44 15 14 14 14 -1 14 29 60 1 49 8 8 30 
36 20 45 45 36 36 36 45 20 36 20 65 50 36 45 48 45 -1 20 36 -1 36 48 45 33 39 36 50 36 48 36 36 20 -1 48 48 -1 20 36 36 45 45 20 48 45 -1 36 65 -1 65 33 33 20 33 33 33 20 45 45 36 36 68 48 36 36 33 36 36 48 
42 20 52 40 40 60 42 53 20 42 20 51 42 20 40 20 60 20 -1 52 -1 45 40 40 32 58 42 40 53 43 20 42 -1 20 20 48 60 -1 42 43 -1 45 -1 32 40 40 42 42 20 20 42 32 20 40 42 32 20 40 40 32 -1 40 42 60 32 33 40 52 32 
36 34 52 52 52 31 31 34 34 55 52 -1 50 36 31 34 45 36 52 -1 52 -1 34 34 51 58 52 34 31 31 36 -1 64 36 -1 -1 21 52 58 34 45 21 31 31 46 21 21 46 35 34 35 11 -1 31 52 31 34 52 52 36 36 52 31 31 31 11 -1 52 48 
30 -1 52 52 13 36 42 52 1 30 -1 52 42 10 16 8 1 -1 -1 52 -1 36 48 16 32 58 52 52 36 48 10 36 18 17 8 48 17 -1 42 36 18 45 18 8 16 17 42 56 17 8 13 13 -1 33 52 67 10 52 52 13 18 52 42 36 1 33 8 52 30 
36 45 66 66 36 36 31 41 66 55 36 19 46 36 45 66 45 36 45 -1 36 -1 66 34 36 39 41 34 31 31 36 -1 64 36 19 19 -1 36 46 36 45 -1 46 31 46 -1 -1 46 31 46 36 31 19 31 31 41 47 45 45 36 36 66 31 31 31 19 -1 36 36 
30 16 14 14 14 39 31 14 34 30 30 34 30 39 -1 48 14 48 40 34 48 66 -1 14 39 39 14 34 39 14 14 29 43 39 -1 48 39 48 58 -1 14 45 46 39 14 14 39 39 -1 34 34 53 14 14 39 57 48 14 14 14 16 14 29 34 14 34 -1 34 39 
26 16 7 14 7 36 31 -1 34 26 30 34 26 7 -1 34 14 45 40 34 16 34 14 -1 53 58 7 34 53 14 14 29 43 53 -1 34 30 20 7 22 14 7 38 29 7 14 34 38 22 34 34 53 7 7 52 26 30 14 14 7 16 14 29 34 7 34 7 34 30 
55 60 59 59 59 36 51 53 43 55 51 51 50 51 53 67 60 33 32 51 32 36 39 53 -1 51 55 50 51 43 36 51 -1 -1 43 50 33 32 51 36 32 55 32 32 55 60 51 51 33 65 33 -1 54 33 33 -1 51 55 51 -1 -1 68 43 36 32 33 59 55 32 
44 44 44 44 58 39 39 44 43 44 56 51 44 39 58 56 44 39 58 58 58 39 39 58 51 -1 44 44 39 43 39 39 43 39 39 39 39 58 47 -1 58 39 44 39 -1 44 39 -1 39 44 39 47 58 51 58 44 47 44 -1 39 39 44 43 39 39 47 39 39 39 
-1 64 -1 7 7 55 42 -1 66 0 30 52 0 7 2 67 14 36 42 52 52 41 14 7 55 44 -1 7 55 14 0 55 55 53 23 55 30 52 0 22 53 7 12 13 0 14 44 12 22 44 12 53 2 7 52 -1 30 2 7 0 55 7 29 66 2 55 2 55 30 
44 34 14 -1 3 50 34 4 34 44 50 65 50 50 3 34 14 50 40 34 52 34 34 34 50 44 7 -1 65 14 14 34 64 50 -1 50 50 40 4 34 3 7 50 34 3 14 44 65 34 65 -1 50 3 14 50 65 65 14 4 4 50 3 29 34 3 -1 3 34 61 
55 64 53 53 51 -1 31 53 65 55 51 51 50 51 53 48 53 36 53 31 36 31 39 53 51 39 55 65 -1 31 36 -1 51 53 31 -1 5 53 51 5 53 55 31 31 55 31 31 51 35 65 35 -1 31 -1 31 -1 51 55 51 36 36 68 31 31 31 -1 31 5 51 
30 16 14 14 14 31 31 53 43 30 30 31 64 43 -1 48 14 48 43 31 48 31 14 14 43 43 14 14 31 -1 14 -1 43 53 22 48 31 43 58 43 43 31 31 -1 14 14 31 51 -1 43 36 31 14 -1 31 31 48 14 14 14 16 14 -1 31 31 31 14 43 48 
-1 16 14 14 13 36 36 14 16 0 -1 68 0 10 -1 56 14 36 20 36 10 36 14 14 36 39 0 14 36 14 -1 36 68 36 22 50 -1 20 0 36 14 36 12 13 0 14 36 12 68 44 36 68 14 14 36 0 10 14 14 0 36 68 29 36 36 36 14 36 -1 
36 64 64 64 36 28 -1 41 34 55 36 19 64 36 29 48 29 36 42 -1 36 -1 29 29 51 39 55 34 -1 -1 36 -1 64 36 19 19 -1 36 42 36 43 21 6 29 46 21 21 51 29 65 36 -1 19 28 6 28 51 29 51 36 36 64 6 -1 -1 28 19 28 51 
55 64 64 64 43 43 42 64 43 55 20 51 64 43 43 43 60 20 -1 64 18 64 43 43 -1 43 55 64 51 43 68 64 -1 24 43 48 64 18 42 43 18 55 18 -1 64 40 42 51 43 43 33 24 20 68 33 24 20 55 40 24 18 68 43 64 -1 33 43 43 -1 
36 20 53 50 36 36 54 53 65 55 20 65 50 36 53 48 45 -1 20 36 17 36 39 53 -1 39 53 50 53 53 36 36 24 -1 50 50 -1 20 65 36 53 36 50 32 50 17 36 65 17 65 -1 24 54 -1 -1 24 65 53 51 24 24 68 53 36 36 -1 36 36 53 
26 8 22 27 23 39 31 23 -1 67 20 19 50 43 22 8 8 48 20 -1 8 19 -1 -1 43 39 23 -1 31 22 22 19 43 50 -1 19 63 20 23 22 27 21 31 8 27 21 21 65 22 8 27 19 19 22 52 67 15 22 22 63 63 27 29 -1 8 27 8 8 39 
50 34 52 50 50 28 31 53 34 55 50 19 50 50 48 48 45 48 48 -1 48 19 48 34 50 39 55 50 -1 48 50 19 48 50 19 -1 50 48 50 28 48 21 50 48 50 21 21 50 -1 65 -1 28 19 28 50 28 48 55 51 50 50 68 48 31 31 28 19 28 48 
30 64 59 64 13 -1 31 13 43 30 13 21 50 -1 30 48 60 -1 60 21 17 -1 39 30 33 39 30 50 5 31 -1 -1 64 -1 63 50 -1 20 13 -1 43 21 31 13 30 17 21 39 17 65 -1 13 20 33 33 28 13 30 13 -1 -1 64 31 -1 -1 33 21 5 30 
30 20 52 40 20 36 42 52 20 30 20 52 42 20 20 20 20 20 -1 52 -1 36 48 20 32 58 52 40 53 43 20 36 18 20 20 48 20 -1 42 36 18 45 18 32 20 20 42 42 20 20 20 20 20 40 52 32 20 52 40 20 18 40 42 36 20 33 20 52 32 
-1 42 7 4 -1 36 42 4 43 0 13 51 0 4 58 56 44 36 42 58 42 46 58 7 51 47 0 4 51 58 0 42 42 65 23 50 13 42 -1 46 58 7 -1 13 0 58 42 -1 43 44 12 47 58 7 42 0 47 55 -1 0 42 4 42 36 4 47 4 55 30 
36 43 22 22 36 -1 36 68 43 36 36 68 44 36 22 43 22 36 43 34 36 36 -1 22 36 -1 22 34 5 43 36 36 43 36 22 28 -1 36 46 -1 43 36 46 -1 25 22 -1 25 22 43 36 68 58 68 36 28 47 22 25 36 36 68 43 36 36 28 22 5 -1 
44 20 14 -1 3 43 42 53 43 44 20 53 42 43 3 43 45 45 -1 45 18 45 14 14 32 58 53 3 53 43 14 43 18 53 27 48 43 18 58 43 -1 45 18 -1 3 -1 42 53 43 43 27 53 3 -1 52 45 20 14 -1 4 18 3 43 66 3 27 3 43 53 
55 45 7 7 7 36 31 -1 66 55 13 21 55 7 45 67 45 45 45 21 45 -1 45 7 55 39 7 7 55 31 36 21 55 36 21 21 21 45 7 36 45 -1 46 45 7 -1 21 46 45 44 36 31 7 7 31 -1 47 55 7 7 45 7 31 31 7 55 21 55 53 
12 20 44 38 38 46 -1 38 20 12 20 31 -1 38 58 56 44 20 -1 31 18 46 46 38 32 44 12 50 31 31 12 6 18 50 31 50 31 18 -1 46 18 46 -1 32 12 40 -1 12 20 44 12 31 20 40 6 12 47 44 38 12 18 38 6 31 12 47 46 46 32 
59 8 29 40 13 39 31 13 -1 55 13 51 50 -1 29 8 8 48 32 31 8 31 39 29 32 39 13 34 31 -1 13 29 -1 32 8 48 13 32 13 -1 -1 45 32 -1 39 40 39 39 -1 8 13 13 40 29 31 32 13 29 40 13 32 40 29 31 32 49 8 8 32 
-1 16 -1 -1 3 39 42 2 49 0 30 58 -1 4 2 49 -1 45 40 46 16 46 14 7 55 -1 0 3 55 14 0 46 64 50 27 50 30 20 0 25 3 7 12 39 -1 16 -1 12 22 -1 12 58 2 7 52 0 47 2 -1 0 16 3 29 66 2 49 2 49 30 
30 16 14 14 14 36 31 41 16 55 20 21 44 36 -1 48 -1 -1 40 21 17 -1 14 14 60 44 14 14 31 14 14 21 40 17 21 21 17 20 58 22 -1 -1 40 40 16 -1 21 46 17 44 33 31 14 14 33 41 20 14 14 14 -1 14 29 31 14 33 21 55 30 
44 44 44 44 42 39 42 41 43 44 56 21 42 36 39 56 44 36 42 21 42 -1 39 34 51 39 44 44 31 31 36 21 42 36 21 21 21 42 42 -1 42 21 -1 39 -1 21 -1 -1 39 44 36 47 21 51 42 41 47 44 44 36 36 44 42 31 31 47 21 39 39 
12 64 44 38 38 39 42 38 56 12 56 51 -1 51 53 56 44 65 42 46 56 46 39 38 51 -1 12 65 51 51 12 51 51 65 65 50 39 42 -1 25 53 46 12 39 12 46 -1 -1 56 65 12 -1 58 51 65 12 -1 44 25 12 51 68 42 51 12 -1 46 56 51 
68 15 22 22 43 35 31 53 15 55 20 35 50 43 22 -1 22 -1 20 35 17 31 -1 22 33 39 22 34 35 -1 68 29 43 17 22 -1 17 20 43 22 43 45 20 -1 22 17 39 56 -1 15 35 68 20 29 33 35 15 22 22 36 36 68 29 31 31 33 22 15 -1 
44 8 44 44 44 65 44 44 -1 44 20 65 44 43 44 8 44 65 20 34 8 46 34 34 65 44 44 65 65 43 44 65 43 65 8 65 65 20 44 43 43 44 44 8 -1 44 44 65 15 -1 44 58 44 65 65 44 15 44 44 44 44 44 43 34 8 -1 8 8 43 
12 64 44 27 13 36 36 13 34 12 13 35 -1 -1 27 48 44 33 42 35 13 36 34 34 33 39 12 -1 35 36 36 36 33 -1 27 -1 -1 20 12 36 27 36 12 13 12 33 36 12 35 44 -1 13 27 33 33 12 13 27 13 13 36 27 36 36 12 27 27 36 36 
47 64 53 13 13 28 31 53 43 55 13 -1 47 -1 53 56 53 33 32 11 13 31 53 53 -1 47 53 50 -1 31 68 -1 24 24 19 28 13 20 47 68 53 31 31 13 58 31 47 -1 68 58 13 -1 58 -1 31 24 47 53 -1 13 24 68 31 31 31 11 19 28 -1 
26 20 -1 -1 3 67 54 2 67 67 20 19 44 4 2 67 14 20 20 -1 -1 19 14 7 54 58 2 3 31 14 14 19 20 54 19 19 20 20 58 58 3 7 20 40 2 14 21 58 20 44 27 58 -1 7 -1 67 20 2 -1 2 20 3 54 31 2 19 2 -1 58 
26 16 7 14 7 28 31 -1 43 55 30 51 50 51 -1 48 14 33 40 31 33 31 14 7 33 51 7 14 -1 -1 14 28 68 -1 22 28 33 40 7 68 -1 7 40 29 7 14 51 51 29 65 33 -1 7 -1 33 28 51 14 14 7 16 68 29 31 7 28 7 28 -1 
36 52 52 52 52 36 -1 52 67 55 52 52 42 36 52 67 45 33 42 52 52 31 39 52 33 58 52 50 31 31 36 6 33 -1 52 50 33 52 42 36 52 31 6 31 52 33 42 65 33 65 33 31 -1 33 -1 33 52 52 52 33 33 52 6 31 31 33 52 52 53 
-1 67 26 44 26 28 31 26 67 -1 30 51 0 51 57 67 44 33 32 31 67 41 57 26 -1 44 -1 65 -1 31 0 28 24 24 67 28 28 32 0 28 45 -1 12 32 0 41 41 12 35 44 12 24 67 28 33 -1 67 -1 38 0 24 44 31 31 12 28 26 -1 30 
30 15 30 13 13 67 47 13 15 30 -1 51 47 10 30 -1 15 20 20 34 10 47 48 30 51 47 30 65 51 48 10 51 20 65 15 48 13 20 47 47 20 47 47 13 47 20 47 -1 15 15 13 47 20 51 52 67 -1 30 47 13 20 68 48 34 47 47 15 15 30 
55 16 -1 14 7 55 31 2 66 55 30 52 44 59 -1 67 14 45 40 52 52 45 14 14 55 44 2 14 55 14 14 29 55 53 22 55 30 52 55 22 14 55 44 29 2 14 44 44 22 44 27 53 2 14 52 -1 30 -1 14 2 16 14 29 66 2 55 2 55 30 
38 16 14 4 -1 39 42 4 43 38 13 51 44 4 -1 67 14 45 40 52 52 45 14 14 51 -1 7 4 51 14 14 51 40 51 22 51 13 40 -1 25 -1 7 38 40 -1 14 44 25 22 44 13 -1 -1 14 52 38 47 14 -1 4 16 4 29 51 4 47 4 52 51 
-1 64 -1 4 -1 36 36 2 43 0 13 51 0 -1 2 43 14 36 32 36 13 36 14 7 -1 39 0 4 36 14 0 36 24 24 63 50 -1 20 0 36 4 7 12 13 0 14 36 12 36 44 13 13 2 7 33 0 13 2 4 -1 24 4 29 36 2 33 2 36 30 
36 16 16 16 36 36 36 45 16 55 20 51 42 36 16 16 -1 36 -1 36 18 36 16 16 -1 39 55 50 36 16 36 36 18 24 63 50 -1 18 42 36 18 45 18 32 16 -1 36 51 36 44 36 24 20 16 33 24 20 16 16 24 -1 16 29 36 36 33 36 36 32 
44 64 14 -1 3 68 54 4 66 44 68 68 44 4 3 68 14 68 40 52 52 66 14 14 68 44 7 3 68 14 68 64 68 68 27 68 64 40 4 68 3 7 38 40 3 14 44 68 68 44 27 68 3 68 52 44 68 14 4 4 16 -1 29 66 3 27 3 52 -1 
30 29 29 29 29 31 -1 53 43 30 30 31 42 43 29 48 29 48 42 31 42 31 29 29 43 43 29 29 31 -1 29 6 43 53 29 48 31 42 42 43 43 31 6 29 29 29 42 42 29 43 36 31 54 29 6 31 48 29 29 29 29 29 -1 31 31 31 29 43 48 
36 34 66 66 36 36 31 34 34 36 36 31 50 36 31 34 60 36 60 31 36 31 34 34 36 39 66 34 31 31 36 -1 64 36 -1 31 -1 36 36 36 66 31 31 31 66 31 31 51 31 34 36 31 31 31 31 31 34 66 51 36 36 66 31 -1 31 31 -1 34 36 
12 -1 -1 -1 3 36 31 2 1 12 20 31 -1 36 2 8 1 36 32 31 1 31 14 7 32 39 2 3 31 31 36 -1 -1 36 8 31 -1 20 4 36 3 7 12 32 2 14 31 12 31 8 12 31 2 7 31 12 47 2 4 2 36 3 31 31 -1 27 2 8 32 
47 49 49 27 27 28 31 53 49 55 56 -1 47 36 27 49 49 33 33 11 33 19 34 34 33 47 55 -1 -1 31 36 28 33 -1 27 28 33 33 47 28 27 55 47 49 49 33 47 -1 33 -1 27 11 19 28 33 28 47 55 47 33 33 27 31 31 27 -1 19 28 51 
26 8 -1 -1 3 36 31 2 -1 26 13 19 44 4 2 8 8 36 40 -1 8 -1 -1 7 59 39 2 3 31 14 14 19 43 36 8 19 21 20 4 22 3 21 46 8 2 21 21 46 22 8 27 19 2 7 52 26 15 2 4 2 36 3 29 -1 2 19 -1 8 39 
55 8 52 52 52 -1 54 52 -1 55 52 52 55 36 52 -1 8 36 52 52 52 36 34 34 55 39 55 34 5 43 36 28 43 36 8 28 5 52 55 5 43 55 46 8 49 55 39 56 15 8 36 28 -1 28 52 -1 15 55 52 36 36 52 43 34 8 28 8 -1 39 
30 64 30 61 51 39 51 53 43 30 30 51 30 51 30 48 30 48 32 48 30 36 39 30 32 39 30 61 51 48 -1 51 -1 53 39 48 30 32 30 -1 53 53 32 32 30 30 39 51 -1 43 36 -1 58 -1 53 30 30 30 51 30 32 -1 48 36 32 51 39 39 -1 
