28
1 7
-1 18 -1 5 8 -1 5 2 -1 24 8 24 -1 18 5 24 8 2 -1 2 -1 5 2 2 -1 -1 -1 8 
18 -1 18 10 10 18 10 18 10 27 -1 27 18 18 10 26 26 18 -1 10 27 18 26 27 10 10 -1 -1 
-1 18 -1 23 19 0 5 -1 0 17 8 17 0 22 19 22 22 -1 0 -1 0 7 -1 -1 0 -1 0 23 
5 10 23 -1 8 -1 5 21 -1 -1 8 9 5 6 -1 21 8 5 5 14 -1 5 8 -1 8 8 5 8 
8 10 19 8 -1 6 -1 24 -1 6 -1 24 8 6 19 24 -1 6 6 -1 6 6 8 19 -1 8 10 8 
-1 18 0 -1 6 -1 -1 21 0 3 6 17 0 6 3 21 6 -1 -1 2 -1 -1 2 3 0 0 0 20 
5 10 5 5 -1 -1 -1 21 -1 -1 4 9 5 -1 9 21 4 5 5 4 5 5 8 5 4 8 5 8 
2 18 -1 21 24 21 21 -1 24 24 24 21 21 21 19 21 22 2 2 2 2 -1 2 2 -1 2 2 21 
-1 10 0 -1 -1 0 -1 24 -1 3 -1 24 0 6 3 22 -1 25 0 4 0 5 -1 3 -1 -1 0 -1 
24 27 17 -1 6 3 -1 24 3 -1 6 -1 21 6 -1 24 6 11 5 14 3 11 8 3 -1 24 24 11 
8 -1 8 8 -1 6 4 24 -1 6 -1 24 8 6 8 22 4 25 1 4 8 6 8 8 4 8 -1 1 
24 27 17 9 24 17 9 21 24 -1 24 -1 21 -1 9 21 27 -1 13 14 27 -1 13 17 -1 17 18 -1 
-1 18 0 5 8 0 5 21 0 21 8 21 -1 18 5 21 8 2 0 2 0 -1 2 21 0 0 0 8 
18 18 22 6 6 6 -1 21 6 6 6 -1 18 -1 9 22 22 11 -1 6 27 11 -1 27 11 8 18 -1 
5 10 19 -1 19 3 9 19 3 -1 8 9 5 9 -1 24 8 5 5 -1 3 5 8 3 9 8 5 8 
24 26 22 21 24 21 21 21 22 24 22 21 21 22 24 -1 22 25 21 22 21 -1 -1 21 -1 -1 22 21 
8 26 22 8 -1 6 4 22 -1 6 4 27 8 22 8 22 -1 25 26 4 27 22 -1 27 4 -1 -1 -1 
2 18 -1 5 6 -1 5 2 25 11 25 -1 2 11 5 25 25 -1 5 2 5 5 2 -1 11 -1 2 11 
-1 -1 0 5 6 -1 5 2 0 5 1 13 0 -1 5 21 26 5 -1 2 0 5 13 2 0 0 -1 1 
2 10 -1 14 -1 2 4 2 4 14 4 14 2 6 -1 22 4 2 2 -1 23 23 2 -1 4 2 2 23 
-1 27 0 -1 6 -1 5 2 0 3 8 27 0 27 3 21 27 5 0 23 -1 5 2 -1 0 0 0 -1 
5 18 7 5 6 -1 5 -1 5 11 6 -1 -1 11 5 -1 22 5 5 23 5 -1 15 -1 7 15 5 11 
2 26 -1 8 8 2 8 2 -1 8 8 13 2 -1 8 -1 -1 2 13 2 2 15 -1 2 8 2 -1 8 
2 27 -1 -1 19 3 5 2 3 3 8 17 21 27 3 21 27 -1 2 -1 -1 -1 2 -1 -1 2 2 -1 
-1 10 0 8 -1 0 4 -1 -1 -1 4 -1 0 11 9 -1 4 11 0 4 0 7 8 -1 -1 -1 0 8 
-1 10 -1 8 8 0 8 2 -1 24 8 17 0 8 8 -1 -1 -1 0 2 0 15 2 2 -1 -1 0 8 
-1 -1 0 5 10 0 5 2 0 24 -1 18 0 18 5 22 -1 2 -1 2 0 5 -1 2 0 0 -1 1 
8 -1 23 8 8 20 8 21 -1 11 1 -1 8 -1 8 21 -1 11 1 23 -1 11 8 -1 8 8 1 -1 
