100
0 53
-1 58 76 58 58 51 91 51 76 91 91 91 91 83 83 86 58 91 51 51 51 83 51 91 91 83 91 91 51 51 86 51 83 83 83 51 83 85 83 68 86 91 83 87 91 91 51 83 58 83 51 -1 86 73 51 91 51 83 51 56 100 86 91 68 83 91 58 51 58 51 86 51 91 51 68 83 51 91 83 87 76 66 91 -1 51 83 51 86 91 83 51 -1 51 83 91 91 83 83 66 83 
58 -1 76 4 -1 73 77 48 73 49 48 73 50 49 49 73 48 73 4 50 73 49 48 48 48 49 72 73 73 50 73 48 73 73 86 73 48 73 49 68 73 49 49 87 73 57 73 57 -1 -1 48 58 86 73 49 73 50 49 48 50 100 95 57 68 73 73 49 48 58 73 73 73 58 -1 57 81 73 48 50 48 73 66 49 49 57 68 4 49 73 49 4 48 49 48 73 49 48 89 49 73 
76 76 -1 90 90 67 77 22 76 67 -1 29 67 72 34 67 22 67 92 76 76 22 10 67 91 47 72 29 65 10 63 67 76 81 10 67 90 67 67 67 70 90 22 70 72 10 63 45 22 22 76 76 67 76 67 72 67 84 68 67 100 76 65 10 22 10 67 -1 10 65 10 67 10 76 68 34 -1 22 76 22 76 67 81 34 10 67 34 76 22 78 76 72 76 22 67 72 10 70 67 67 
58 4 90 -1 -1 35 77 42 87 90 68 86 87 42 86 90 42 90 -1 58 90 42 42 42 58 42 72 86 35 86 86 35 66 35 86 18 42 66 49 68 86 90 -1 87 72 72 90 42 58 42 58 58 86 73 66 72 35 49 -1 56 100 86 92 68 42 35 58 86 58 35 86 86 58 4 42 86 90 72 90 87 86 66 90 86 57 68 -1 86 72 49 -1 72 18 42 35 49 90 87 66 90 
58 -1 90 -1 -1 73 77 42 73 49 68 73 50 42 86 90 48 90 3 50 90 42 42 42 48 42 72 86 73 86 86 35 66 73 86 18 42 66 49 68 86 49 3 87 72 72 90 42 1 1 48 58 86 73 49 72 35 49 3 50 100 86 57 68 73 73 58 86 58 73 86 73 58 1 42 86 90 72 90 48 86 66 49 86 57 68 3 86 72 49 3 48 18 42 73 49 48 87 49 90 
51 73 67 35 73 -1 77 37 73 35 37 94 35 32 33 40 93 37 35 37 -1 32 93 56 95 93 72 30 35 37 -1 35 -1 -1 33 -1 90 -1 32 40 -1 90 93 70 -1 35 44 32 73 73 78 35 93 73 66 44 35 93 51 56 100 20 93 30 33 35 32 37 30 35 40 30 40 -1 68 81 20 35 -1 55 40 33 93 32 63 37 30 40 44 44 20 37 93 -1 -1 32 32 70 37 33 
91 77 77 77 77 77 -1 77 77 77 77 77 77 77 77 77 77 77 77 77 77 77 77 77 91 77 77 77 77 77 77 77 77 77 77 77 77 77 77 77 77 77 77 77 77 77 77 77 77 77 77 77 77 77 77 77 77 84 77 77 100 77 92 77 77 77 77 77 77 77 77 77 77 77 77 77 77 -1 77 77 77 77 93 77 77 77 77 77 77 77 77 77 77 77 77 77 77 77 77 77 
51 48 22 42 42 37 77 -1 76 31 22 29 31 22 22 52 22 37 35 29 76 22 -1 74 48 64 72 29 35 -1 74 22 93 64 22 31 74 29 22 67 97 49 22 97 88 22 88 97 22 22 29 29 29 73 29 88 88 74 74 88 100 88 74 22 22 22 37 22 74 98 97 37 22 64 -1 34 29 22 29 22 76 67 93 22 22 37 52 97 -1 97 74 29 74 22 29 49 22 -1 37 31 
76 73 76 87 73 73 77 76 -1 87 76 76 87 78 99 87 73 78 87 76 76 87 73 87 87 73 73 73 73 76 73 76 73 73 87 73 87 73 76 76 73 90 87 87 73 76 76 87 73 73 87 76 76 73 76 87 87 92 76 87 100 76 92 76 73 73 76 76 76 73 87 73 73 -1 76 87 -1 76 76 87 76 73 90 87 76 76 87 -1 73 78 76 76 76 73 73 73 80 87 73 87 
91 49 67 90 49 35 77 31 87 -1 91 91 -1 47 99 87 49 91 92 50 90 49 31 50 91 47 91 91 99 31 68 12 47 99 99 31 90 91 49 67 91 -1 49 87 91 31 31 12 50 41 12 91 31 99 49 79 50 47 91 12 100 59 92 92 50 91 49 31 31 99 82 99 91 99 57 82 31 31 50 12 76 82 41 91 50 68 87 12 59 49 41 -1 12 82 31 49 92 47 49 -1 
91 48 -1 68 68 37 77 22 76 91 -1 29 31 72 34 96 22 37 86 29 72 22 -1 36 91 47 72 29 65 -1 63 22 63 34 -1 31 22 29 72 68 70 49 22 70 72 -1 63 45 22 22 29 29 29 73 29 72 95 84 68 31 100 70 65 -1 22 -1 37 2 -1 65 -1 37 -1 64 68 34 2 22 29 22 96 70 81 34 -1 68 34 22 22 22 76 72 63 22 29 72 -1 70 70 31 
91 73 29 86 73 94 77 29 76 91 29 -1 31 78 34 52 29 91 35 29 44 29 29 91 91 78 91 -1 65 -1 27 29 30 94 29 31 74 29 54 52 65 91 29 70 27 29 31 31 91 65 29 29 29 73 29 44 35 65 91 31 100 44 65 29 78 -1 37 31 29 65 29 94 91 65 29 34 29 31 29 31 76 66 91 91 29 37 30 31 29 44 76 -1 65 52 -1 91 29 29 37 31 
91 50 67 87 50 35 77 31 87 -1 31 31 -1 47 47 87 79 78 92 50 61 87 31 50 50 47 72 31 35 31 68 -1 47 64 87 31 50 31 92 67 61 9 47 87 46 31 31 -1 50 41 -1 35 31 73 50 79 50 47 50 -1 100 59 92 92 50 92 50 31 31 35 87 77 45 64 57 81 31 31 50 -1 76 67 41 47 50 68 87 -1 59 78 35 9 -1 92 31 56 92 47 92 9 
83 49 72 42 42 32 77 22 78 47 72 78 47 -1 -1 96 96 78 86 54 32 -1 21 66 91 47 72 32 72 78 32 22 -1 14 14 32 42 32 -1 96 72 49 21 87 72 47 72 -1 72 21 78 72 78 73 38 72 78 47 72 47 100 32 57 32 78 72 32 22 32 98 72 32 -1 32 57 34 78 72 -1 47 96 33 93 -1 57 83 83 21 72 78 78 72 38 32 32 32 -1 47 38 14 
83 49 34 86 86 33 77 22 99 99 34 34 47 -1 -1 96 64 78 86 34 32 13 21 99 91 83 72 32 99 34 32 99 13 -1 -1 33 99 33 13 68 33 99 21 99 33 34 99 13 64 21 64 83 86 73 38 44 35 47 72 47 100 32 57 34 33 34 32 81 34 99 34 99 13 33 57 34 78 72 13 99 96 33 81 -1 34 83 34 99 44 78 99 72 38 32 33 32 13 47 38 -1 
86 73 67 90 90 40 77 52 87 87 96 52 87 96 96 -1 96 90 86 52 90 87 46 87 87 93 72 46 40 52 40 46 40 40 86 90 90 40 92 -1 -1 90 87 87 46 96 -1 87 87 87 87 86 -1 73 67 46 87 92 68 61 100 40 92 46 87 40 87 39 39 40 40 40 40 40 68 81 90 46 90 87 40 67 90 86 63 68 40 -1 46 46 -1 72 87 52 40 61 -1 87 96 87 
58 48 22 42 48 93 77 22 73 49 22 29 79 96 64 96 -1 78 93 50 78 22 -1 36 48 64 72 89 73 22 93 22 93 64 22 31 -1 67 49 67 93 49 36 87 89 96 31 57 -1 -1 48 58 93 73 49 79 36 49 48 79 100 95 57 22 -1 22 36 22 22 98 22 93 22 64 36 34 31 22 64 -1 96 64 93 64 22 67 87 79 22 -1 36 48 93 -1 31 49 -1 89 96 31 
91 73 67 90 90 37 77 37 78 91 37 91 78 78 78 90 78 -1 37 37 78 78 67 66 91 78 91 78 71 37 37 37 37 37 37 37 90 -1 66 67 37 90 78 80 78 91 78 78 78 89 78 91 37 73 66 78 78 78 66 78 100 78 91 37 78 91 37 37 78 98 98 37 91 37 37 81 78 71 -1 78 78 66 81 78 37 37 37 78 78 78 78 -1 78 37 37 91 78 89 37 90 
51 4 92 -1 3 35 77 35 87 92 86 35 92 86 86 86 93 37 -1 51 35 42 35 56 56 42 72 86 35 35 86 35 35 35 86 -1 42 35 92 67 86 90 3 87 35 35 35 92 58 42 56 35 86 73 92 44 35 92 3 56 100 86 92 92 35 35 58 35 35 35 86 35 58 35 92 86 92 35 35 87 86 35 93 86 92 86 -1 86 44 44 3 51 -1 92 35 56 92 87 92 35 
51 50 76 58 50 37 77 29 76 50 29 29 50 54 34 52 50 37 51 -1 76 87 29 50 50 64 72 29 51 -1 76 29 66 64 29 51 50 29 54 67 80 90 50 80 76 29 31 50 50 54 -1 -1 29 73 -1 76 50 84 51 50 100 76 84 84 50 29 54 54 76 51 29 37 29 64 29 34 -1 31 29 50 76 66 81 51 -1 37 51 50 29 78 76 29 76 52 29 56 29 29 37 31 
51 73 76 90 90 -1 77 76 76 90 72 44 61 32 32 90 78 78 35 76 -1 32 76 66 95 78 72 44 35 76 5 76 -1 5 32 5 90 5 32 76 5 90 90 80 -1 72 44 32 78 89 78 35 76 73 76 44 35 92 66 61 100 -1 92 30 78 35 32 37 76 35 40 30 44 5 76 81 -1 72 -1 55 76 33 90 32 76 37 30 76 44 44 -1 72 76 5 5 32 32 89 37 90 
83 49 22 42 42 32 77 22 87 49 22 29 87 -1 13 87 22 78 42 87 32 -1 -1 87 87 42 72 32 99 22 32 22 13 14 14 31 42 67 13 67 72 49 -1 87 72 22 31 13 22 -1 87 87 31 73 38 87 87 49 42 87 100 95 57 22 22 22 32 22 22 98 22 77 13 49 22 34 31 22 13 87 87 67 49 13 22 83 87 -1 22 49 42 72 87 22 31 49 13 87 38 87 
51 48 10 42 42 93 77 -1 73 31 -1 29 31 21 21 46 -1 67 35 29 76 -1 -1 36 48 64 72 29 35 7 63 -1 93 64 10 31 16 67 21 67 70 49 21 70 46 10 31 21 16 16 64 35 31 73 67 79 35 93 48 31 100 59 65 10 -1 10 67 -1 10 35 10 77 10 64 7 34 31 -1 64 16 76 67 93 21 10 67 34 21 7 16 35 72 93 -1 31 49 10 7 67 31 
91 48 67 42 42 56 77 74 87 50 36 91 50 66 99 87 36 66 56 50 66 87 36 -1 -1 42 72 66 56 50 66 50 66 64 87 56 -1 66 66 87 87 90 36 87 78 50 87 50 24 36 -1 50 87 73 66 87 -1 74 66 56 100 59 92 92 50 56 -1 66 66 98 81 66 66 64 36 81 50 36 50 87 87 66 81 87 50 66 87 -1 59 36 36 24 87 36 50 24 36 87 66 87 
91 48 91 58 48 95 91 48 87 91 91 91 50 91 91 87 48 91 56 50 95 87 48 -1 -1 42 91 91 56 91 95 48 95 64 87 56 23 66 66 68 91 91 36 87 91 91 87 50 -1 95 23 58 87 73 66 79 23 95 48 56 100 95 91 68 48 91 23 48 58 98 81 66 91 48 36 81 50 91 50 48 87 66 81 91 50 66 87 23 59 48 36 -1 87 48 91 -1 48 87 66 87 
83 49 47 42 42 93 77 64 73 47 47 78 47 47 83 93 64 78 42 64 78 42 64 42 42 -1 72 78 73 78 86 47 93 64 83 86 42 85 47 67 86 49 -1 87 78 47 47 -1 64 42 64 83 93 73 47 78 64 47 42 47 100 59 57 93 -1 47 93 64 85 73 97 93 47 64 42 81 78 64 64 47 78 64 93 -1 57 83 83 42 59 49 42 83 93 -1 93 49 47 47 47 83 
91 72 72 72 72 72 77 72 73 91 72 91 72 72 72 72 72 91 72 72 72 72 72 72 91 72 -1 72 72 72 72 72 72 72 72 72 72 72 72 72 72 91 72 72 72 72 72 72 72 95 72 72 72 73 72 72 95 72 72 72 100 72 72 72 72 72 72 72 72 72 72 77 -1 72 72 72 72 72 72 72 72 72 81 72 72 72 72 72 72 72 72 72 72 72 72 72 72 72 72 72 
91 73 29 86 86 30 77 29 73 91 29 -1 31 32 32 46 89 78 86 29 44 32 29 66 91 78 72 -1 65 11 -1 29 30 30 86 30 74 29 32 68 30 89 86 87 -1 72 44 32 68 89 78 86 29 73 29 44 35 65 68 88 100 44 65 30 78 11 32 31 30 65 29 30 44 30 68 86 29 63 44 55 40 33 93 86 63 68 30 86 44 44 44 11 63 30 11 32 29 89 37 31 
51 73 65 35 73 35 77 35 73 99 65 65 35 72 99 40 73 71 35 51 35 99 35 56 56 73 72 65 -1 35 71 35 35 35 65 -1 90 71 98 40 -1 90 35 70 35 35 35 35 73 73 56 35 35 73 51 44 35 65 51 56 100 40 65 65 73 -1 71 35 35 -1 40 -1 40 -1 65 65 35 71 35 99 40 70 93 86 65 71 35 99 44 44 35 65 35 71 71 56 40 70 69 -1 
51 50 10 86 86 37 77 -1 76 31 -1 -1 31 78 34 52 22 37 35 -1 76 22 7 50 91 78 72 11 35 -1 27 -1 37 37 10 31 74 -1 54 52 37 90 22 70 78 10 31 31 50 89 19 19 -1 73 19 78 35 74 51 31 100 76 65 10 78 10 37 31 10 98 10 37 10 37 7 34 -1 31 -1 31 76 66 93 78 10 37 52 31 7 78 76 11 76 52 11 72 10 7 37 31 
86 73 63 86 86 -1 77 74 73 68 63 27 68 32 32 40 93 37 86 76 5 32 63 66 95 86 72 -1 71 27 -1 68 -1 5 86 5 74 5 32 68 5 90 86 87 5 63 63 32 68 95 78 86 86 73 66 44 35 74 68 56 100 20 92 -1 33 27 32 37 -1 71 40 -1 32 5 68 86 68 63 5 87 40 33 93 86 63 68 -1 86 44 44 20 27 63 5 5 32 32 74 37 68 
51 48 67 35 35 35 77 22 76 12 22 29 -1 22 99 46 22 37 35 29 76 22 -1 50 48 47 72 29 35 -1 68 -1 35 35 22 -1 22 29 67 67 35 12 22 80 46 -1 -1 12 22 22 12 35 -1 73 67 46 35 47 68 12 100 59 92 46 22 22 37 -1 -1 35 22 77 45 35 68 81 -1 -1 29 12 76 67 81 85 22 68 35 12 46 22 35 12 12 22 -1 56 45 22 37 -1 
83 73 76 66 66 -1 77 93 73 47 63 30 47 -1 13 40 93 37 35 66 -1 13 93 66 95 93 72 30 35 37 -1 35 -1 5 14 5 66 5 13 68 5 90 21 70 5 47 44 13 66 95 66 35 93 73 66 44 95 93 66 61 100 20 93 30 33 30 -1 37 30 98 40 30 13 5 68 81 20 63 5 93 40 66 93 13 63 37 30 21 44 44 20 72 93 -1 5 -1 13 47 66 14 
83 73 81 35 73 -1 77 64 73 99 34 94 64 14 -1 40 64 37 35 64 5 14 64 64 64 64 72 30 35 37 5 35 5 -1 14 5 64 5 14 81 5 82 64 81 5 34 44 14 64 64 64 35 81 73 81 44 35 93 81 56 100 20 93 30 -1 34 81 81 30 35 81 30 14 5 64 81 20 64 5 64 40 -1 81 14 34 37 30 64 44 44 20 37 93 5 5 32 14 81 37 14 
83 86 10 86 86 33 77 22 87 99 -1 29 87 14 -1 86 22 37 86 29 32 14 10 87 87 83 72 86 65 10 86 22 14 14 -1 86 22 29 14 68 86 82 86 70 72 10 63 14 22 21 87 86 86 73 29 72 86 84 68 86 100 86 65 10 22 10 81 10 10 65 10 86 10 33 68 -1 10 22 14 87 86 75 81 14 10 68 -1 86 22 22 86 72 63 22 29 72 10 70 70 14 
51 73 67 18 18 -1 77 31 73 31 31 31 31 32 33 90 31 37 -1 51 5 31 31 56 56 86 72 30 -1 31 5 -1 5 5 86 -1 90 5 92 67 5 90 18 87 5 31 31 31 56 90 56 -1 31 73 51 44 -1 92 51 56 100 20 65 30 31 28 32 31 31 28 40 28 40 5 68 86 31 31 5 31 40 33 90 86 51 37 -1 86 44 44 -1 51 18 5 5 56 45 87 37 28 
83 48 90 42 42 90 77 74 87 90 22 74 50 42 99 90 -1 90 42 50 90 42 16 -1 23 42 72 74 90 74 74 22 66 64 22 90 -1 66 49 74 90 90 -1 87 89 96 90 42 16 16 23 90 90 73 66 79 23 74 42 56 100 90 74 74 16 22 23 22 74 90 97 93 22 64 -1 81 90 22 90 16 90 66 90 42 74 74 42 23 74 16 -1 24 74 16 31 24 16 74 66 90 
85 73 67 66 66 -1 77 29 73 91 29 29 31 32 33 40 67 -1 35 29 5 67 67 66 66 85 72 29 71 -1 5 29 5 5 29 5 66 -1 66 67 5 66 66 98 5 29 31 31 66 66 29 29 29 73 66 44 35 93 66 31 100 20 65 29 33 29 -1 -1 85 98 98 -1 29 5 29 81 29 71 5 31 40 66 81 85 29 -1 30 66 29 44 20 17 66 5 5 32 98 29 -1 31 
83 49 67 49 49 32 77 22 76 49 72 54 92 -1 13 92 49 66 92 54 32 13 21 66 66 47 72 32 98 54 32 67 13 14 14 92 49 66 -1 67 72 49 49 92 72 47 92 13 49 -1 54 54 67 73 -1 72 66 49 66 92 100 95 92 92 49 92 -1 54 66 98 98 66 13 49 57 81 54 72 13 49 76 66 49 13 54 66 83 92 72 49 49 72 -1 92 32 49 13 47 -1 14 
68 68 67 68 68 40 77 67 76 67 68 52 67 96 68 -1 67 67 67 67 76 67 67 87 68 67 72 68 40 52 68 67 68 81 68 67 74 67 67 -1 15 90 67 87 46 67 15 67 68 67 87 68 15 73 67 46 67 74 68 61 100 40 68 68 67 68 67 -1 -1 40 40 67 40 40 68 81 68 67 76 87 40 67 81 85 68 68 40 15 46 46 15 67 68 52 67 61 15 74 67 67 
86 73 70 86 86 -1 77 97 73 91 70 65 61 72 33 -1 93 37 86 80 5 72 70 87 91 86 72 30 -1 37 5 35 5 5 86 5 90 5 72 15 -1 90 86 70 5 72 15 72 72 95 78 86 15 73 80 44 35 93 72 61 100 -1 65 30 33 28 32 37 30 28 -1 28 -1 5 97 81 80 72 5 87 -1 70 81 86 70 37 -1 15 44 44 15 72 80 5 5 61 15 70 70 28 
91 49 90 90 49 90 77 49 90 -1 49 91 9 49 99 90 49 90 90 90 90 49 49 90 91 49 91 89 90 90 90 12 90 82 82 90 90 66 49 90 90 -1 49 82 89 31 90 12 49 -1 12 90 90 73 49 79 90 49 90 12 100 90 57 84 49 62 49 82 90 90 82 93 91 49 57 82 90 31 90 12 90 82 -1 49 57 90 90 12 59 49 -1 9 12 82 31 49 49 89 49 9 
83 49 22 -1 3 93 77 22 87 49 22 29 47 21 21 87 36 78 3 50 90 -1 21 36 36 -1 72 86 35 22 86 22 21 64 86 18 -1 66 49 67 86 49 -1 87 89 47 31 25 36 -1 36 58 86 73 49 79 36 49 3 47 100 95 57 22 25 22 36 22 58 98 22 93 21 49 36 86 90 22 21 36 86 64 49 25 57 83 3 21 22 49 3 36 18 25 31 49 21 47 49 87 
87 87 70 87 87 70 77 97 87 87 70 70 87 87 99 87 87 80 87 80 80 87 70 87 87 87 72 87 70 70 87 80 70 81 70 87 87 98 92 87 70 82 87 -1 70 70 87 87 87 87 87 87 87 87 80 87 87 92 70 87 100 70 92 70 87 70 81 81 70 98 -1 70 70 87 97 81 80 70 80 87 -1 70 81 87 70 70 87 -1 87 97 80 72 87 92 70 70 80 70 70 87 
91 73 72 72 72 -1 77 88 73 91 72 27 46 72 33 46 89 78 35 76 -1 72 46 78 91 78 72 -1 35 78 5 46 5 5 72 5 89 5 72 46 5 89 89 70 -1 72 -1 72 72 89 78 35 46 73 76 -1 35 89 72 88 100 20 65 46 78 27 32 37 30 35 40 30 -1 5 88 72 20 72 -1 55 40 33 93 72 63 37 30 46 -1 -1 20 72 63 5 5 72 46 89 37 46 
91 57 10 72 72 35 77 22 76 31 -1 29 31 47 34 96 96 91 35 29 72 22 10 50 91 47 72 72 35 10 63 -1 47 34 10 31 96 29 47 67 72 31 47 70 72 -1 31 -1 72 57 31 35 31 73 67 72 35 47 72 31 100 72 57 10 22 10 72 31 10 98 10 77 -1 35 57 34 31 31 29 31 96 67 81 47 10 68 34 31 46 72 35 72 96 22 31 72 -1 47 96 31 
51 73 63 90 90 44 77 88 76 31 63 31 31 72 99 -1 31 78 35 31 44 31 31 87 87 47 72 44 35 31 63 -1 44 44 63 31 90 31 92 15 15 90 31 87 -1 31 -1 31 31 89 31 35 15 73 67 44 35 84 68 88 100 40 92 -1 31 63 37 31 31 35 40 63 44 44 68 63 31 31 44 31 40 67 81 72 63 68 35 15 -1 44 15 72 63 31 31 72 15 87 96 31 
83 57 45 42 42 32 77 97 87 12 45 31 -1 -1 13 87 57 78 92 50 32 13 21 50 50 -1 72 32 35 31 32 12 13 14 14 31 42 31 13 67 72 12 25 87 72 -1 31 -1 50 57 12 35 31 73 38 79 50 -1 72 12 100 59 57 45 25 45 32 31 31 98 97 93 13 64 57 34 31 31 13 12 96 97 93 13 57 83 83 12 59 97 78 12 12 25 31 32 13 -1 38 12 
58 -1 22 58 1 73 77 22 73 50 22 91 50 72 64 87 -1 78 58 50 78 22 16 24 -1 64 72 68 73 50 68 22 66 64 22 56 16 66 49 68 72 49 36 87 72 72 31 50 -1 1 -1 58 93 73 50 79 50 49 -1 50 100 95 57 68 16 22 58 22 58 73 22 93 58 1 36 81 50 22 50 16 96 66 93 58 50 68 58 50 22 16 36 24 50 16 31 24 16 87 66 87 
83 -1 22 42 1 73 77 22 73 41 22 65 41 21 21 87 -1 89 42 54 89 -1 16 36 95 42 95 89 73 89 95 22 95 64 21 90 16 66 -1 67 95 -1 -1 87 89 57 89 57 1 -1 48 54 93 73 38 79 95 -1 42 95 100 95 57 84 16 62 38 22 74 98 97 93 95 1 57 81 54 22 89 16 96 66 41 21 57 66 42 21 89 -1 41 41 38 16 31 -1 16 89 38 41 
51 48 76 58 48 78 77 29 87 12 29 29 -1 78 64 87 48 78 56 -1 78 87 64 -1 23 64 72 78 56 19 78 12 66 64 87 56 23 29 54 87 78 12 36 87 78 31 31 12 -1 48 -1 19 29 73 19 78 -1 47 48 12 100 59 92 84 -1 29 23 31 31 56 87 37 58 64 36 81 19 31 -1 12 76 64 41 64 19 37 87 -1 59 78 78 12 12 48 31 56 48 87 66 87 
-1 58 76 58 58 35 77 29 76 91 29 29 35 72 83 86 58 91 35 -1 35 87 35 50 58 83 72 86 35 19 86 35 35 35 86 -1 90 29 54 68 86 90 58 87 35 35 35 35 58 54 19 -1 86 73 19 44 35 84 -1 56 100 86 65 68 50 35 58 35 58 35 86 35 58 35 68 86 19 35 29 87 76 66 81 0 19 68 -1 86 29 44 35 0 35 35 35 56 29 87 66 35 
86 86 67 86 86 93 77 29 76 31 29 29 31 78 86 -1 93 37 86 29 76 31 31 87 87 93 72 29 35 -1 86 -1 93 81 86 31 90 29 67 15 15 90 86 87 46 31 15 31 93 93 29 86 -1 93 67 46 35 93 68 31 100 40 93 29 31 29 37 -1 31 35 29 93 29 93 29 81 29 31 29 31 40 67 93 86 29 37 -1 15 29 78 15 29 93 -1 31 93 15 29 37 31 
73 73 76 73 73 73 77 73 73 99 73 73 73 73 73 73 73 73 73 73 73 73 73 73 73 73 73 73 73 73 73 73 73 73 73 73 73 73 73 73 73 73 73 87 73 73 73 73 73 73 73 73 93 -1 76 73 73 73 73 73 100 73 73 73 73 73 73 73 73 73 73 73 73 -1 73 81 73 73 73 73 73 73 93 73 73 73 73 73 73 73 73 73 76 73 73 73 73 87 73 73 
51 49 67 66 49 66 77 29 76 49 29 29 50 38 38 67 49 66 92 -1 76 38 67 66 66 47 72 29 51 19 66 67 66 81 29 51 66 66 -1 67 80 49 49 80 76 67 67 38 50 38 19 19 67 76 -1 76 50 49 66 50 100 76 92 76 50 29 -1 -1 76 98 81 66 38 76 76 81 -1 67 76 49 76 66 81 38 19 66 51 50 29 49 76 29 38 66 67 49 38 29 38 67 
91 73 72 72 72 44 77 88 87 79 72 44 79 72 44 46 79 78 44 76 44 87 79 87 79 78 72 44 44 78 44 46 44 44 72 44 79 44 72 46 44 79 79 87 -1 72 44 79 79 79 78 44 46 73 76 -1 44 79 72 79 100 44 92 46 78 44 44 44 44 44 44 44 44 44 79 72 44 72 44 -1 44 44 93 72 63 44 87 79 44 44 44 72 79 44 44 72 79 87 44 87 
51 50 67 35 35 35 77 88 87 50 95 35 50 78 35 87 36 78 35 50 35 87 35 -1 23 64 95 35 35 35 35 35 95 35 86 -1 23 35 66 67 35 90 36 87 35 35 35 50 50 95 -1 35 35 73 50 44 -1 95 50 -1 100 59 65 35 50 35 23 35 35 35 40 35 95 35 36 81 35 35 50 50 40 66 81 86 50 37 35 23 59 78 35 24 35 35 35 -1 36 87 66 35 
83 49 84 49 49 93 84 74 92 47 84 65 47 47 47 92 49 78 92 84 92 49 93 74 95 47 72 65 65 74 74 47 93 93 84 92 74 93 49 74 93 49 49 92 89 47 84 -1 49 -1 47 84 93 73 49 79 95 -1 74 47 100 95 -1 84 47 62 49 93 74 65 84 93 47 49 -1 84 92 84 47 47 92 93 93 47 -1 74 92 92 74 49 49 47 -1 -1 93 49 92 47 49 92 
51 48 68 -1 3 51 77 74 76 91 68 91 50 72 72 68 48 66 3 51 66 42 48 66 48 42 72 68 51 51 68 68 66 81 68 51 42 66 66 68 72 90 3 70 72 72 68 72 -1 42 48 -1 68 73 66 72 50 74 -1 50 100 72 68 68 48 68 -1 66 -1 98 68 66 -1 48 68 81 68 72 50 48 72 66 81 51 51 68 3 50 72 48 3 72 18 48 68 72 48 74 66 68 
56 50 67 56 50 56 77 88 87 12 31 31 -1 47 47 61 79 78 56 50 61 87 31 56 56 47 72 88 56 31 56 12 61 56 86 56 56 31 92 61 61 12 47 87 88 31 88 12 50 95 12 56 31 73 50 79 -1 47 50 -1 100 -1 92 88 50 56 56 31 31 56 61 56 61 56 88 81 31 31 50 12 61 66 41 47 50 68 56 12 -1 88 56 12 12 92 31 56 92 47 66 12 
100 100 100 100 100 100 100 100 100 100 100 100 100 100 100 100 100 100 100 100 100 100 100 100 100 100 100 100 100 100 100 100 100 100 100 100 100 100 100 100 100 100 100 100 100 100 100 100 100 100 100 100 100 100 100 100 100 100 100 100 -1 100 100 100 100 100 100 100 100 100 100 100 100 100 100 100 100 100 100 100 100 100 100 100 100 100 100 100 100 100 100 100 100 100 100 100 100 100 100 100 
86 95 76 86 86 20 77 88 76 59 70 44 59 32 32 40 95 78 86 76 -1 95 59 59 95 59 72 44 40 76 20 59 20 20 86 20 90 20 95 40 -1 90 95 70 20 72 40 59 95 95 59 86 40 73 76 44 59 95 72 -1 100 -1 65 30 78 40 32 37 76 40 40 40 40 20 76 81 20 72 20 59 40 70 81 86 70 37 40 40 59 44 20 72 59 20 20 -1 40 70 70 40 
91 57 65 92 57 93 92 74 92 92 65 65 92 57 57 92 57 91 92 84 92 57 65 92 91 57 72 65 65 65 92 92 93 93 65 65 74 65 92 68 65 57 57 92 65 57 92 57 57 57 92 65 93 73 92 92 65 -1 68 92 100 65 -1 92 57 -1 92 65 65 65 65 65 65 65 57 65 92 92 92 92 92 70 93 57 57 68 92 92 74 57 92 65 -1 57 65 57 92 57 92 65 
68 68 10 68 68 30 77 22 76 92 -1 29 92 32 34 46 22 37 92 84 30 22 10 92 68 93 72 30 65 10 -1 46 30 30 10 30 74 29 92 68 30 84 22 70 46 10 -1 45 68 84 84 68 29 73 76 46 35 84 68 88 100 30 92 -1 22 10 32 10 -1 65 10 30 10 30 68 34 68 -1 29 92 76 70 93 85 -1 68 30 92 46 46 46 72 -1 92 30 32 10 70 70 46 
83 73 22 42 73 33 77 22 73 50 22 78 50 78 33 87 -1 78 35 50 78 22 -1 50 48 -1 72 78 73 78 33 22 33 -1 22 31 16 33 49 67 33 49 25 87 78 22 31 25 16 16 -1 50 31 73 50 78 50 47 48 50 100 78 57 22 -1 22 50 22 22 73 22 73 22 -1 22 81 78 22 -1 16 78 33 81 25 22 83 83 50 22 16 78 78 50 16 31 49 16 22 96 31 
91 73 10 35 73 35 77 22 73 91 -1 -1 92 72 34 40 22 91 35 29 35 22 10 56 91 47 72 11 -1 10 27 22 30 34 10 28 22 29 92 68 28 62 22 70 27 10 63 45 22 62 29 35 29 73 29 44 35 62 68 56 100 40 -1 10 22 -1 37 10 10 28 10 28 10 28 62 34 10 22 29 22 40 70 81 34 10 68 34 92 22 22 35 11 62 22 11 72 10 70 69 28 
58 49 67 58 58 32 77 37 76 49 37 37 50 32 32 87 36 37 58 54 32 32 67 -1 23 93 72 32 71 37 32 37 -1 81 81 32 23 -1 -1 67 32 49 36 81 32 72 37 32 58 38 23 58 37 73 -1 44 23 49 -1 56 100 32 92 32 50 37 -1 37 58 98 81 37 58 32 36 81 54 71 32 87 76 -1 81 32 54 37 32 23 37 49 32 24 38 32 32 32 98 81 -1 87 
51 48 -1 86 86 37 77 22 76 31 2 31 31 22 81 39 22 37 35 54 37 22 -1 66 48 64 72 31 35 31 37 -1 37 81 10 31 22 -1 54 -1 37 82 22 81 37 31 31 31 22 22 31 35 -1 73 -1 44 35 93 66 31 100 37 65 10 22 10 37 -1 31 98 81 37 10 37 22 81 2 22 31 22 76 -1 81 85 10 37 52 22 22 22 35 37 31 22 31 37 10 22 37 31 
58 58 10 58 58 30 77 74 76 31 -1 29 31 32 34 39 22 78 35 76 76 22 10 66 58 85 72 30 35 10 -1 -1 30 30 10 31 74 85 66 -1 30 90 58 70 30 10 31 31 58 74 31 58 31 73 76 44 35 74 -1 31 100 76 65 -1 22 10 58 31 -1 35 10 30 10 30 -1 34 -1 31 76 31 76 66 81 85 10 -1 30 31 46 78 76 72 63 22 31 32 10 74 66 31 
51 73 65 35 73 35 77 98 73 99 65 65 35 98 99 40 98 98 35 51 35 98 35 98 98 73 72 65 -1 98 71 35 98 35 65 28 90 98 98 40 28 90 98 98 35 98 35 98 73 98 56 35 35 73 98 44 35 65 98 56 100 40 65 65 73 28 98 98 35 -1 98 28 40 28 98 98 35 71 35 98 40 98 93 86 65 98 35 99 44 98 35 65 98 71 71 56 98 98 -1 28 
86 73 10 86 86 40 77 97 87 82 -1 29 87 72 34 40 22 98 86 29 40 22 10 81 81 97 72 29 40 10 40 22 40 81 10 40 97 98 98 40 -1 82 22 -1 40 10 40 97 22 97 87 86 29 73 81 44 40 84 68 61 100 40 65 10 22 10 81 81 10 98 -1 40 10 40 97 81 10 22 29 87 40 -1 81 86 10 68 40 43 97 97 40 72 63 22 40 61 10 -1 -1 40 
51 73 67 86 73 30 77 37 73 99 37 94 77 32 99 40 93 37 35 37 30 77 77 66 66 93 77 30 -1 37 -1 77 30 30 86 28 93 -1 66 67 28 93 93 70 30 77 63 93 93 93 37 35 93 73 66 44 35 93 66 56 100 40 65 30 73 28 37 37 30 28 40 -1 77 28 68 81 37 -1 30 93 40 66 93 85 63 37 30 86 37 93 35 37 93 -1 -1 32 93 37 37 28 
91 58 10 58 58 40 77 22 73 91 -1 91 45 -1 13 40 22 91 58 29 44 13 10 66 91 47 -1 44 40 10 32 45 13 14 10 40 22 29 13 40 -1 91 21 70 -1 -1 44 13 58 95 58 58 29 73 38 44 95 47 -1 61 100 40 65 10 22 10 58 10 10 40 10 77 -1 40 68 34 10 -1 13 55 40 66 81 13 10 68 40 21 44 44 40 -1 38 22 40 -1 10 47 38 14 
51 -1 76 4 1 -1 77 64 -1 99 64 65 64 32 33 40 64 37 35 64 5 49 64 64 48 64 72 30 -1 37 5 35 5 5 33 5 64 5 49 40 5 49 49 87 5 35 44 64 1 1 64 35 93 -1 76 44 35 49 48 56 100 20 65 30 -1 28 32 37 30 28 40 28 40 -1 57 81 8 64 5 64 40 33 93 64 57 37 30 8 44 44 20 37 76 5 5 32 64 87 37 28 
68 57 68 42 42 68 77 -1 76 57 68 29 57 57 57 68 36 37 92 29 76 22 7 36 36 42 72 68 65 7 68 68 68 64 68 68 -1 29 57 68 97 57 36 97 88 57 68 57 36 57 36 68 29 73 76 79 36 -1 68 88 100 76 57 68 22 62 36 22 -1 98 97 68 68 57 -1 68 68 22 29 36 76 97 93 85 57 68 68 97 7 97 36 29 57 57 68 57 36 -1 97 68 
83 81 34 86 86 81 77 34 87 82 34 34 81 34 34 81 34 81 86 34 81 34 34 81 81 81 72 86 65 34 86 81 81 81 -1 86 81 81 81 81 81 82 86 81 72 34 63 34 81 81 81 86 81 81 81 72 81 84 81 81 100 81 65 34 81 34 81 81 34 98 81 81 34 81 68 -1 34 34 34 87 81 -1 81 34 34 68 34 86 34 97 82 72 63 82 81 72 34 81 81 34 
51 73 -1 90 90 20 77 29 -1 31 2 29 31 78 78 90 31 78 92 -1 -1 31 31 50 50 78 72 29 35 -1 68 -1 20 20 10 31 90 29 54 68 80 90 90 80 20 31 31 31 50 54 19 19 29 73 -1 44 35 92 68 31 100 20 92 68 78 10 54 2 -1 35 10 37 10 8 68 34 -1 31 -1 31 -1 66 90 78 19 68 35 8 29 78 -1 29 -1 92 31 32 80 29 37 31 
91 48 22 72 72 35 -1 22 76 31 22 31 31 72 72 46 22 71 35 31 72 22 -1 36 91 64 72 63 71 31 63 -1 63 64 22 31 22 71 72 67 72 31 22 70 72 31 31 31 22 22 31 35 31 73 67 72 35 84 72 31 100 72 92 -1 22 22 71 22 31 71 22 -1 -1 64 22 34 31 -1 31 22 72 67 93 72 63 68 35 22 22 22 35 72 63 22 31 72 22 22 71 31 
83 50 76 90 90 -1 77 29 76 50 29 29 50 -1 13 90 64 -1 35 29 -1 13 64 50 50 64 72 44 35 -1 5 29 5 5 14 5 90 5 13 76 5 90 21 80 -1 29 44 13 50 89 -1 29 29 73 76 44 50 47 50 50 100 20 92 29 -1 29 32 31 76 35 29 30 13 5 29 34 -1 31 -1 50 76 33 90 13 29 37 30 50 44 -1 -1 17 76 5 5 32 13 89 37 90 
87 48 22 87 48 55 77 22 87 12 22 31 -1 47 99 87 -1 78 87 50 55 87 16 87 48 47 72 55 99 31 87 12 93 64 87 31 16 31 49 87 87 12 36 87 55 31 31 12 16 16 12 87 31 73 49 -1 50 47 48 12 100 59 92 92 16 22 87 22 31 98 87 93 55 64 36 87 31 22 50 -1 87 64 93 87 22 68 87 -1 55 16 36 12 12 16 31 49 16 87 96 87 
76 73 76 86 86 40 77 76 76 76 96 76 76 96 96 40 96 78 86 76 76 87 76 87 87 78 72 40 40 76 40 76 40 40 86 40 90 40 76 40 -1 90 86 -1 40 96 40 96 96 96 76 76 40 73 76 44 40 92 72 61 100 40 92 76 78 40 76 76 76 40 40 40 40 40 76 81 -1 72 76 87 -1 70 81 86 76 76 40 43 44 78 76 72 76 40 40 61 -1 70 96 40 
66 66 67 66 66 33 77 67 73 82 70 66 67 33 33 67 64 66 35 66 33 67 67 66 66 64 72 33 70 66 33 67 66 -1 75 33 66 66 66 67 70 82 64 70 33 67 67 97 66 66 64 66 67 73 66 44 66 93 66 66 100 70 70 70 33 70 -1 -1 66 98 -1 66 66 33 97 -1 66 67 33 64 70 -1 -1 33 70 66 67 66 44 97 82 66 66 82 33 66 70 70 66 33 
91 49 81 90 49 93 93 93 90 41 81 91 41 93 81 90 93 81 93 81 90 49 93 81 81 93 81 93 93 93 93 81 93 81 81 90 90 81 49 81 81 -1 49 81 93 81 81 93 93 41 41 81 93 93 81 93 81 93 81 41 100 81 93 93 81 81 81 81 81 93 81 93 81 93 93 81 90 93 90 93 81 -1 -1 93 93 81 93 93 93 49 41 41 93 -1 93 49 93 81 81 41 
-1 49 34 86 86 32 77 22 87 91 34 91 47 -1 -1 86 64 78 86 51 32 13 21 87 91 -1 72 86 86 78 86 85 13 14 14 86 42 85 13 85 86 49 25 87 72 47 72 13 58 21 64 0 86 73 38 72 86 47 51 47 100 86 57 85 25 34 32 85 85 86 86 85 13 64 85 34 78 72 13 87 86 33 93 -1 34 -1 -1 86 72 78 78 0 38 25 32 32 13 47 38 14 
51 57 10 57 57 63 77 22 76 50 -1 29 50 57 34 63 22 37 92 -1 76 22 10 50 50 57 72 63 65 10 63 22 63 34 10 51 74 29 54 68 70 57 57 70 63 10 63 57 50 57 19 19 29 73 19 63 50 -1 51 50 100 70 57 -1 22 10 54 10 10 65 10 63 10 57 57 34 19 63 29 22 76 70 93 34 -1 68 34 50 63 57 76 72 57 57 29 57 10 57 70 31 
83 68 67 68 68 37 77 37 76 68 68 37 68 83 83 68 67 37 86 37 37 83 67 66 66 83 72 68 71 37 68 68 37 37 68 37 74 -1 66 68 37 90 83 70 37 68 68 83 68 66 37 68 37 73 66 44 37 74 68 68 100 37 68 68 83 68 37 37 -1 98 68 37 68 37 68 68 68 68 37 68 76 66 81 -1 68 -1 83 86 37 44 76 37 68 37 37 37 68 74 37 68 
51 4 34 -1 3 30 77 52 87 87 34 30 87 83 34 40 87 37 -1 51 30 87 34 87 87 83 72 30 35 52 -1 35 30 30 -1 -1 42 30 83 40 -1 90 3 87 30 34 35 83 58 42 87 -1 -1 73 51 87 35 92 3 56 100 40 92 30 83 34 32 52 30 35 40 30 40 30 68 34 35 35 30 87 40 67 93 -1 34 83 -1 -1 44 97 3 51 18 52 30 32 34 87 70 87 
86 49 76 86 86 40 77 97 -1 12 22 31 -1 21 99 -1 79 78 86 50 76 -1 21 -1 23 42 72 86 99 31 86 12 21 64 86 86 23 66 92 15 15 12 21 -1 46 31 15 12 50 21 -1 86 15 73 50 79 23 92 50 12 100 40 92 92 50 92 23 22 31 99 43 86 21 8 97 86 8 22 50 -1 43 66 93 86 50 86 -1 -1 46 97 15 12 -1 92 31 24 15 -1 66 -1 
91 73 22 72 72 44 77 -1 73 59 22 29 59 72 44 46 22 78 44 29 44 22 7 59 59 59 72 44 44 7 44 46 44 44 22 44 74 29 72 46 44 59 22 87 -1 46 -1 59 22 89 59 29 29 73 29 44 59 74 72 -1 100 59 74 46 22 22 37 22 46 44 97 37 44 44 7 34 29 22 44 55 44 44 93 72 63 37 44 46 -1 44 44 72 59 22 44 59 46 7 37 46 
83 49 78 49 49 44 77 97 78 49 22 44 78 78 78 46 -1 78 44 78 44 49 16 36 48 49 72 44 44 78 44 22 44 44 22 44 16 44 49 46 44 49 49 97 -1 72 44 97 16 -1 78 44 78 73 49 44 78 49 48 88 100 44 57 46 16 22 49 22 78 98 97 93 44 44 97 97 78 22 -1 16 78 97 49 78 57 44 97 97 44 -1 78 72 49 16 44 49 16 -1 49 90 
51 4 76 -1 3 20 77 74 76 41 76 76 35 78 99 -1 36 78 3 76 -1 42 35 36 36 42 72 44 35 76 20 35 20 20 86 -1 -1 20 49 15 15 -1 3 80 20 35 15 78 36 41 78 35 15 73 76 44 35 49 3 56 100 20 92 46 78 35 32 35 76 35 40 35 40 20 36 82 -1 35 -1 36 76 82 41 78 76 76 3 15 44 78 -1 41 76 20 20 32 15 74 96 -1 
-1 48 72 72 48 37 77 29 76 -1 72 -1 9 72 72 72 48 -1 51 29 72 72 72 24 -1 83 72 11 65 11 27 12 72 37 72 51 24 17 72 67 72 9 36 72 72 72 72 12 24 41 12 0 29 73 29 72 24 47 72 12 100 72 65 72 78 11 24 37 72 65 72 37 -1 37 29 72 29 72 17 12 72 66 41 0 72 37 51 12 72 72 41 -1 12 37 11 24 72 29 37 9 
51 49 76 18 18 93 77 74 76 12 63 65 -1 38 38 87 93 78 -1 76 76 87 93 87 87 93 72 63 35 76 63 12 93 93 63 18 74 66 -1 68 80 12 18 87 63 96 63 12 50 38 12 35 93 76 38 79 35 -1 18 12 100 59 -1 -1 50 62 38 31 63 98 63 93 38 76 57 63 -1 63 76 12 76 66 93 38 57 68 18 -1 59 49 76 12 -1 -1 31 49 -1 87 38 87 
83 48 22 42 42 -1 77 22 73 82 22 52 92 32 32 52 -1 37 92 52 5 22 -1 36 48 -1 72 30 71 52 5 22 -1 5 22 5 16 5 92 52 5 82 25 92 5 22 31 25 16 16 48 35 -1 73 66 44 35 -1 48 92 100 20 57 92 16 22 32 22 22 71 22 -1 22 5 57 82 92 22 5 16 40 82 -1 25 57 37 52 92 22 16 20 37 -1 -1 5 32 16 22 37 31 
91 73 67 35 73 -1 77 29 73 31 29 -1 31 32 33 40 31 37 35 29 5 31 31 50 91 93 72 11 71 11 5 -1 5 5 29 5 31 5 32 67 5 31 31 70 5 31 31 31 31 31 31 35 31 73 67 44 35 93 68 31 100 20 65 30 31 11 32 31 31 71 40 -1 40 5 68 81 31 31 5 31 40 33 93 32 29 37 30 31 44 44 20 11 31 5 -1 32 45 29 37 31 
91 49 72 49 49 32 77 49 73 49 72 91 56 32 32 61 49 91 56 56 32 49 49 24 -1 49 72 32 56 72 32 56 -1 32 72 56 24 32 49 61 61 49 49 70 72 72 72 32 24 -1 56 56 93 73 49 72 -1 49 72 56 100 -1 57 32 49 72 32 37 32 56 61 32 -1 32 57 72 32 72 32 49 61 66 49 32 57 37 32 24 59 49 32 24 49 32 32 -1 32 89 49 32 
83 48 10 90 48 32 77 22 80 92 -1 29 92 -1 13 -1 -1 78 92 29 32 13 10 36 48 47 72 29 40 10 32 45 13 14 10 45 16 98 13 15 15 49 21 80 46 -1 15 13 16 16 48 29 15 73 38 79 36 92 48 92 100 40 92 10 16 10 98 10 10 98 10 93 10 64 36 34 80 22 13 16 -1 70 93 13 10 68 34 15 46 16 15 72 -1 16 45 32 -1 47 -1 14 
83 89 70 87 87 70 77 -1 87 47 70 29 47 47 47 87 89 89 87 29 89 87 7 87 87 47 72 89 70 7 74 22 47 81 70 87 74 29 47 74 70 89 47 70 89 47 87 -1 87 89 87 87 29 87 29 87 87 47 74 47 100 70 57 70 22 70 81 22 74 98 -1 37 47 87 -1 81 29 22 89 87 70 70 81 47 57 74 87 -1 7 -1 74 29 87 22 29 89 47 -1 70 87 
66 49 67 66 49 37 77 37 73 49 70 37 92 38 38 96 96 37 92 37 37 38 67 66 66 47 72 37 69 37 37 37 66 37 70 37 66 -1 -1 67 70 49 49 70 37 96 96 38 66 38 66 66 37 73 38 44 66 49 66 66 100 70 92 70 96 69 -1 37 66 -1 -1 37 38 37 97 81 37 71 37 96 96 66 81 38 70 37 70 66 37 49 96 37 38 37 37 49 -1 70 -1 69 
83 73 67 90 90 33 77 31 87 -1 31 31 9 14 -1 87 31 90 35 31 90 87 31 87 87 83 72 31 -1 31 68 -1 14 14 14 28 90 31 14 67 28 9 87 87 46 31 31 12 87 41 87 35 31 73 67 87 35 92 68 12 100 40 65 46 31 28 87 31 31 28 40 28 14 28 68 34 31 31 90 87 40 33 41 14 31 68 87 -1 46 90 -1 9 87 31 31 32 14 87 69 -1 
