26
13 24
-1 10 7 -1 -1 7 3 -1 10 3 -1 7 4 20 10 7 -1 3 3 7 -1 -1 -1 7 10 7 
10 -1 12 6 10 10 -1 15 10 10 -1 14 10 20 10 -1 18 18 -1 18 15 18 10 10 -1 10 
7 12 -1 17 12 -1 17 5 12 5 12 7 -1 20 5 7 5 -1 17 5 5 7 17 7 25 -1 
-1 6 17 -1 0 9 -1 0 16 -1 0 16 17 20 9 6 -1 -1 -1 17 0 0 0 16 6 9 
-1 10 12 0 -1 16 3 0 10 10 -1 16 -1 20 10 20 -1 12 16 16 -1 0 0 16 10 10 
7 10 -1 9 16 -1 9 -1 16 -1 9 7 2 20 -1 7 -1 -1 16 -1 -1 7 7 7 10 2 
3 -1 17 -1 3 9 -1 15 24 3 1 15 10 20 10 -1 3 3 1 17 15 3 3 15 -1 24 
-1 15 5 0 0 -1 15 -1 16 5 0 -1 4 20 5 -1 -1 5 16 5 0 -1 -1 -1 25 -1 
10 10 12 16 10 16 24 16 -1 10 -1 16 10 20 10 10 -1 18 -1 18 16 18 10 -1 -1 10 
3 10 5 -1 10 -1 3 5 10 -1 -1 7 10 20 5 6 3 -1 3 5 5 3 17 7 10 -1 
-1 -1 12 0 -1 9 1 0 -1 -1 -1 14 -1 20 -1 1 0 9 1 9 0 0 0 8 -1 -1 
7 14 7 16 16 7 15 -1 16 7 14 -1 14 20 -1 7 -1 19 16 -1 16 7 7 7 14 7 
4 10 -1 17 -1 2 10 4 10 10 -1 14 -1 20 -1 10 4 -1 17 17 4 4 17 10 10 2 
20 20 20 20 20 20 20 20 20 20 20 20 20 -1 20 20 20 20 20 20 -1 20 20 20 20 20 
10 10 5 9 10 -1 10 5 10 5 -1 -1 -1 20 -1 7 5 5 10 5 5 7 7 7 10 -1 
7 -1 7 6 20 7 -1 -1 10 6 1 7 10 20 7 -1 7 20 1 7 -1 7 7 7 1 7 
-1 18 5 -1 -1 -1 3 -1 -1 3 0 -1 4 20 5 7 -1 3 -1 5 -1 0 0 -1 8 7 
3 18 -1 -1 12 -1 3 5 18 -1 9 19 -1 20 5 20 3 -1 -1 -1 -1 18 -1 7 6 2 
3 -1 17 -1 16 16 1 16 -1 3 1 16 17 20 10 1 -1 -1 -1 -1 16 -1 17 8 1 9 
7 18 5 17 16 -1 17 5 18 5 9 -1 17 20 5 7 5 -1 -1 -1 5 18 17 7 18 5 
-1 15 5 0 -1 -1 15 0 16 5 0 16 4 -1 5 -1 -1 -1 16 5 -1 0 -1 16 10 5 
-1 18 7 0 0 7 3 -1 18 3 0 7 4 20 7 7 0 18 -1 18 0 -1 0 -1 10 7 
-1 10 17 0 0 7 3 -1 10 17 0 7 17 20 7 7 0 -1 17 17 -1 0 -1 7 10 7 
7 10 7 16 16 7 15 -1 -1 7 8 7 10 20 7 7 -1 7 8 7 16 -1 7 -1 8 7 
10 -1 25 6 10 10 -1 25 -1 10 -1 14 10 20 10 1 8 6 1 18 10 10 10 8 -1 -1 
7 10 -1 9 10 2 24 -1 10 -1 -1 7 2 20 -1 7 7 2 9 5 5 7 7 7 -1 -1 
