80
1 19
-1 7 47 -1 63 30 52 3 45 65 75 78 -1 47 56 -1 75 30 56 71 45 15 75 -1 52 12 34 75 39 75 -1 30 15 23 30 75 30 7 75 12 23 66 3 32 33 15 39 23 45 69 39 7 15 12 75 47 -1 7 32 7 40 32 63 30 25 3 12 34 56 56 3 12 33 12 56 -1 30 34 23 37 
7 -1 -1 7 -1 30 4 -1 37 65 -1 2 25 47 36 32 47 51 52 65 66 69 37 25 52 7 43 51 43 37 7 62 7 25 57 75 30 7 51 43 25 10 7 10 10 32 51 2 70 69 43 7 10 2 57 11 7 -1 6 7 41 62 -1 4 25 7 41 57 7 57 4 25 6 41 57 10 30 2 11 11 
47 -1 -1 7 1 53 4 1 53 77 1 -1 53 47 53 32 47 51 53 71 66 53 47 47 52 7 77 47 47 47 7 53 7 47 57 75 53 7 53 53 47 10 77 10 10 53 51 -1 47 69 79 7 10 -1 47 11 47 1 53 7 58 62 1 4 77 77 47 53 7 53 4 53 47 47 54 10 53 -1 11 11 
-1 7 7 -1 70 30 70 -1 37 65 7 57 0 47 56 0 68 51 56 65 70 15 37 0 59 7 56 51 39 70 0 70 7 23 30 75 70 7 65 12 23 69 -1 32 68 15 51 23 70 69 68 7 15 12 56 56 -1 7 32 7 40 32 7 65 42 -1 12 70 7 56 -1 65 68 12 56 0 65 64 23 37 
63 -1 1 70 -1 63 -1 1 70 65 -1 2 53 52 63 32 52 70 52 65 70 70 58 70 52 7 43 70 43 70 63 70 10 44 57 75 63 70 70 43 52 10 70 10 10 70 70 2 70 69 43 70 6 10 43 11 70 1 6 7 41 32 1 -1 65 63 41 70 10 41 -1 65 6 41 70 10 63 2 11 70 
30 30 53 30 63 -1 52 30 54 76 52 57 73 54 36 30 31 -1 54 76 71 38 31 30 54 30 54 31 39 31 -1 -1 30 72 30 75 30 30 31 31 52 73 73 54 52 30 39 31 70 69 39 17 30 31 -1 67 30 54 73 30 73 73 31 30 73 38 54 31 30 31 31 17 31 -1 54 54 -1 54 54 37 
52 4 4 70 -1 52 -1 4 52 65 4 4 58 52 52 52 52 52 52 72 72 52 58 52 52 52 43 52 52 52 52 72 52 72 52 75 52 58 70 72 52 10 52 10 10 52 52 52 70 69 72 70 -1 58 52 52 52 4 -1 52 58 52 4 4 73 52 52 72 72 52 4 72 -1 58 54 10 52 4 52 58 
3 -1 1 -1 1 30 4 -1 37 65 1 57 25 52 36 32 68 51 37 65 72 32 37 25 59 -1 34 51 51 37 -1 30 -1 25 30 75 30 -1 51 25 25 10 3 32 68 32 51 2 70 69 68 -1 30 2 57 57 3 -1 32 -1 40 32 1 30 25 3 25 34 -1 57 3 25 68 25 56 3 30 2 25 37 
45 37 53 37 70 54 52 37 -1 69 43 69 53 52 18 45 29 51 -1 71 45 69 37 56 52 37 18 29 29 -1 37 69 37 37 69 75 18 -1 69 43 52 69 37 37 43 -1 51 29 29 69 69 37 18 18 18 18 18 69 37 69 69 69 69 36 69 69 45 69 29 -1 37 45 29 69 54 29 69 26 18 37 
65 65 77 65 65 76 65 65 69 -1 65 65 71 65 65 65 65 71 65 -1 71 65 65 65 65 65 65 65 65 65 65 65 65 65 65 75 65 65 65 65 65 65 65 65 65 65 65 65 70 69 65 65 65 65 65 65 65 65 65 65 65 65 65 65 65 -1 65 65 65 65 65 19 65 65 65 65 19 65 65 65 
75 -1 1 7 -1 52 4 1 43 65 -1 2 53 52 43 32 52 51 52 65 66 75 43 44 52 7 43 52 43 52 52 53 -1 44 43 75 53 43 75 43 52 -1 7 -1 -1 32 43 53 70 69 43 7 -1 -1 43 53 68 1 32 7 41 32 1 4 61 32 41 53 -1 41 4 53 68 41 54 -1 53 2 43 43 
78 2 -1 57 2 57 4 57 69 65 2 -1 53 47 55 57 47 57 78 71 55 69 79 78 57 57 78 47 79 47 57 53 57 78 57 75 53 79 69 79 78 69 57 57 10 55 57 2 55 69 79 57 78 2 57 -1 55 -1 53 57 78 69 2 4 77 57 47 55 57 57 79 53 47 69 57 57 53 2 -1 -1 
-1 25 53 0 53 73 58 25 53 71 53 53 -1 66 39 0 39 71 53 71 66 39 58 0 46 -1 43 39 39 39 0 39 15 25 30 75 39 25 39 -1 25 66 25 39 33 15 39 53 66 73 39 25 15 -1 43 53 0 25 53 25 40 73 39 30 25 71 -1 39 25 73 3 -1 33 -1 56 0 39 53 23 50 
47 47 47 47 52 54 52 52 52 65 52 47 66 -1 52 52 47 54 52 71 66 52 47 47 52 47 54 47 47 47 52 47 52 47 52 75 52 54 73 54 52 66 66 54 52 52 52 -1 66 73 54 47 -1 47 -1 47 47 54 73 52 52 73 73 52 66 52 -1 55 47 73 52 66 47 -1 54 54 54 47 47 47 
56 36 53 56 63 36 52 36 18 65 43 55 39 52 -1 48 48 36 -1 76 48 39 37 56 52 56 -1 39 39 48 36 39 43 56 26 75 -1 18 69 36 52 69 56 26 68 48 39 55 -1 69 39 70 18 18 18 -1 -1 34 53 69 52 69 63 36 77 56 48 55 56 18 36 48 48 69 56 54 36 26 18 55 
-1 32 32 0 32 30 52 32 45 65 32 57 0 52 48 -1 52 30 52 65 45 -1 52 0 52 12 43 38 39 45 0 38 -1 23 30 75 30 32 21 21 52 32 3 32 32 -1 39 23 45 69 39 32 -1 12 43 47 0 32 32 32 52 32 61 30 61 32 12 34 32 21 32 12 45 12 56 0 38 43 23 37 
75 47 47 68 52 31 52 68 29 65 52 47 39 47 48 52 -1 31 52 72 72 75 -1 47 52 47 75 -1 27 -1 52 -1 52 72 52 75 39 22 27 31 52 52 47 37 68 29 39 -1 29 69 68 27 -1 31 75 47 68 68 22 52 52 52 31 52 75 38 75 31 -1 31 31 72 -1 31 68 -1 31 47 47 37 
30 51 51 51 70 -1 52 51 51 71 51 57 71 54 36 30 31 -1 54 71 71 51 51 30 51 51 54 51 51 31 5 5 51 51 30 75 30 51 51 31 51 73 51 51 68 71 51 31 70 69 39 -1 30 31 5 67 70 51 73 51 73 73 31 30 71 71 71 31 51 31 51 -1 31 5 54 51 5 54 54 51 
56 52 53 56 52 54 52 37 -1 65 52 78 53 52 -1 52 52 54 -1 71 45 69 37 56 52 52 14 52 39 8 52 53 52 56 26 75 14 8 69 36 52 69 56 54 52 8 52 53 14 69 69 37 -1 -1 -1 14 -1 54 53 69 52 69 53 36 69 52 52 53 56 -1 56 53 52 69 54 54 36 26 -1 37 
71 65 71 65 65 76 72 65 71 -1 65 71 71 71 76 65 72 71 71 -1 71 76 65 71 76 71 76 76 71 71 76 76 65 71 76 76 76 71 76 71 71 71 65 65 65 71 71 71 71 76 71 71 65 71 76 76 65 76 65 71 65 65 65 65 65 9 71 76 72 76 76 -1 71 71 76 76 -1 65 71 71 
45 66 66 70 70 71 72 72 45 71 66 55 66 66 48 45 72 71 45 71 -1 45 72 72 72 66 48 72 66 48 45 72 45 72 48 75 48 45 70 66 52 66 66 45 72 -1 66 66 -1 69 72 70 45 66 66 48 48 66 72 66 66 66 72 71 66 71 -1 72 72 45 48 -1 -1 66 56 66 71 66 45 45 
15 69 53 15 70 38 52 32 69 65 75 69 39 52 39 -1 75 51 69 76 45 -1 75 15 46 39 43 38 39 69 15 38 15 23 69 75 39 43 -1 -1 52 69 15 39 75 15 39 75 45 69 39 38 15 38 75 39 69 69 32 69 69 69 38 39 65 38 75 38 50 -1 38 39 38 69 69 -1 38 43 69 50 
75 37 47 37 58 31 58 37 37 65 43 79 58 47 37 52 -1 51 37 65 72 75 -1 47 52 37 43 16 27 16 37 16 58 72 37 75 58 -1 27 31 52 60 37 37 68 37 51 16 29 69 43 37 16 58 43 47 68 37 -1 37 58 58 31 37 73 58 75 31 16 31 37 51 16 58 54 16 31 43 47 37 
-1 25 47 0 70 30 52 25 56 65 44 78 0 47 56 0 47 30 56 71 72 15 47 -1 52 -1 78 47 39 47 0 47 15 -1 30 75 30 25 69 12 -1 60 25 78 33 15 39 -1 56 69 68 25 40 47 47 47 -1 25 53 25 40 40 61 30 25 3 12 55 56 56 56 12 33 12 56 0 30 47 -1 78 
52 52 52 59 52 54 52 59 52 65 52 57 46 52 52 52 52 51 52 76 72 46 52 52 -1 59 54 51 46 52 52 46 52 59 52 75 46 51 51 46 52 52 59 54 68 52 -1 52 52 69 68 46 -1 52 -1 52 68 54 52 -1 52 52 46 52 59 52 52 46 -1 59 51 46 68 52 54 54 54 54 52 68 
12 7 7 7 7 30 52 -1 37 65 7 57 -1 47 56 12 47 51 52 71 66 39 37 -1 59 -1 77 51 39 37 7 39 7 -1 30 75 30 7 51 12 -1 60 -1 32 33 15 39 23 56 69 39 7 40 12 57 47 23 7 32 -1 40 40 7 30 -1 64 12 34 7 59 7 12 33 12 56 12 30 64 23 37 
34 43 77 56 43 54 43 34 18 65 43 78 43 54 -1 43 75 54 14 76 48 43 43 78 54 77 -1 43 43 48 34 43 43 78 -1 75 14 43 75 43 78 43 77 -1 43 48 43 78 14 69 43 43 18 18 -1 14 14 34 43 54 78 43 43 34 77 43 54 34 43 18 36 43 43 54 54 54 36 -1 -1 43 
75 51 47 51 70 31 52 51 29 65 52 47 39 47 39 38 -1 51 52 76 72 38 16 47 51 51 43 -1 -1 16 51 16 51 72 51 75 39 51 -1 28 52 69 51 39 68 29 51 16 29 69 39 -1 16 31 75 47 68 51 22 51 52 69 31 65 65 38 75 31 16 38 38 51 16 69 68 16 38 47 47 51 
39 43 47 39 43 39 52 51 29 65 43 79 39 47 39 39 27 51 39 71 66 39 27 39 46 39 43 -1 -1 27 39 39 43 39 39 75 39 43 27 -1 39 43 39 39 43 39 39 27 29 69 39 27 27 39 43 39 39 51 27 39 40 43 39 39 39 38 39 39 27 38 38 39 27 39 54 27 38 43 43 50 
75 37 47 70 70 31 52 37 -1 65 52 47 39 47 48 45 -1 31 8 71 48 69 16 47 52 37 48 16 27 -1 52 16 52 72 48 75 48 8 27 31 52 69 70 37 68 8 39 16 -1 69 68 27 16 18 18 47 18 69 22 69 52 69 31 48 66 38 48 31 16 8 48 48 16 69 54 16 31 47 18 37 
-1 7 7 0 63 -1 52 -1 37 65 52 57 0 52 36 0 52 5 52 76 45 15 37 0 52 7 34 51 39 52 -1 5 7 23 -1 75 -1 7 31 36 52 52 3 32 52 15 39 23 36 69 39 7 -1 36 5 36 0 7 32 7 52 32 63 -1 25 63 12 34 7 31 36 12 31 5 54 0 5 34 23 37 
30 62 53 70 70 -1 72 30 69 65 53 53 39 47 39 38 -1 5 53 76 72 38 16 47 46 39 43 16 39 16 5 -1 70 72 67 75 39 70 -1 -1 52 69 70 39 53 69 39 16 70 69 39 38 16 -1 5 67 69 69 53 69 58 62 -1 62 62 38 39 -1 16 -1 -1 17 -1 5 54 16 5 53 47 50 
15 7 7 7 10 30 52 -1 37 65 -1 57 15 52 43 -1 52 51 52 65 45 15 58 15 52 7 43 51 43 52 7 70 -1 25 30 75 70 7 65 43 52 10 7 -1 10 15 43 52 70 69 43 7 -1 10 43 43 70 7 -1 7 58 -1 61 65 61 -1 41 70 7 61 -1 65 52 58 54 10 65 43 43 37 
23 25 47 23 44 72 72 25 37 65 44 78 25 47 56 23 72 51 56 71 72 23 72 -1 59 -1 78 72 39 72 23 72 25 -1 30 75 30 25 72 25 23 44 25 44 -1 72 39 23 72 69 68 25 40 25 44 47 23 25 72 25 40 40 72 30 25 64 25 72 44 56 56 25 -1 25 56 23 72 64 23 37 
30 57 57 30 57 30 52 30 69 65 43 57 30 52 26 30 52 30 26 76 48 69 37 30 52 30 -1 51 39 48 -1 67 30 30 -1 75 30 30 67 36 52 69 30 26 43 30 39 67 26 69 43 30 30 36 26 67 26 -1 32 30 52 69 57 30 77 63 30 -1 30 57 36 30 67 30 54 30 30 26 26 57 
75 75 75 75 75 75 75 75 75 75 75 75 75 75 75 75 75 75 75 76 75 75 75 75 75 75 75 75 75 75 75 75 75 75 75 -1 75 75 75 75 75 75 75 75 75 75 75 75 75 75 75 75 75 75 75 75 75 75 75 75 75 75 75 75 75 75 75 75 75 75 75 75 75 75 75 -1 75 75 75 75 
30 30 53 70 63 30 52 30 18 65 53 53 39 52 -1 30 39 30 14 76 48 39 58 30 46 30 14 39 39 48 -1 39 70 30 30 75 -1 70 70 -1 52 53 70 39 53 48 39 53 14 69 39 70 30 -1 18 14 14 30 53 30 58 63 63 -1 65 63 39 34 30 18 -1 39 39 30 56 30 -1 26 18 50 
7 7 7 7 70 30 58 -1 -1 65 43 79 25 54 18 32 22 51 8 71 45 43 -1 25 51 7 43 51 43 8 7 70 7 25 30 75 70 -1 51 43 25 43 7 -1 43 8 51 22 70 69 43 -1 18 18 43 79 70 7 22 7 58 32 7 30 25 7 25 70 7 8 -1 51 22 58 54 22 51 43 18 -1 
75 51 53 65 70 31 70 51 69 65 75 69 39 73 69 21 27 51 69 76 70 -1 27 69 51 51 75 -1 27 27 31 -1 65 72 67 75 70 51 -1 21 69 69 65 39 75 21 51 27 70 69 69 -1 21 31 75 67 69 69 53 69 69 69 31 65 65 -1 75 31 27 -1 -1 65 31 69 69 -1 -1 65 69 51 
12 43 53 12 43 31 72 25 43 65 43 79 -1 54 36 21 31 31 36 71 66 -1 31 12 46 12 43 28 -1 31 36 -1 43 25 36 75 -1 43 21 -1 25 43 25 -1 43 21 -1 31 36 69 -1 46 21 12 43 36 12 54 43 25 40 43 31 36 25 38 12 31 50 21 31 12 31 12 54 21 36 43 43 50 
23 25 47 23 52 52 52 25 52 65 52 78 25 52 52 52 52 51 52 71 52 52 52 -1 52 -1 78 52 39 52 52 52 52 23 52 75 52 25 69 25 -1 60 25 52 33 52 52 23 52 69 69 25 -1 25 52 47 23 25 60 25 -1 -1 61 52 25 52 25 52 25 61 52 25 33 61 56 23 52 64 -1 78 
66 10 10 69 10 73 10 10 69 65 -1 69 66 66 69 32 52 73 69 71 66 69 60 60 52 60 43 69 43 69 52 69 10 44 69 75 53 43 69 43 60 -1 66 10 10 66 43 53 66 69 69 69 10 10 43 53 69 69 60 69 -1 69 10 10 66 32 -1 69 10 -1 10 66 66 -1 69 10 69 66 60 69 
3 7 77 -1 70 73 52 3 37 65 7 57 25 66 56 3 47 51 56 65 66 15 37 25 59 -1 77 51 39 70 3 70 7 25 30 75 70 7 65 25 25 66 -1 32 33 15 39 25 70 69 39 7 40 25 56 47 3 7 73 25 40 64 64 65 -1 3 64 70 7 56 3 25 33 64 56 3 65 64 25 37 
32 10 10 32 10 54 10 32 37 65 -1 57 39 54 26 32 37 51 54 65 45 39 37 78 54 32 -1 39 39 37 32 39 -1 44 26 75 39 -1 39 -1 52 10 32 -1 10 32 39 53 26 69 -1 37 10 10 -1 26 26 54 32 32 41 32 10 10 61 32 39 34 10 50 32 39 39 39 54 10 39 26 26 37 
33 10 10 68 10 52 10 68 43 65 -1 10 33 52 68 32 68 68 52 65 72 75 68 33 68 33 43 68 43 68 52 53 10 -1 43 75 53 43 75 43 33 10 33 10 -1 32 68 33 68 69 68 68 10 10 43 47 68 10 32 33 41 32 10 10 33 32 41 53 -1 41 10 33 33 41 68 10 53 10 33 68 
15 32 53 15 70 30 52 32 -1 65 32 55 15 52 48 -1 29 71 8 71 -1 15 37 15 52 15 48 29 39 8 15 69 15 72 30 75 48 8 21 21 52 66 15 32 32 -1 39 23 -1 69 69 37 15 18 18 48 15 69 32 69 52 32 61 30 66 32 20 55 72 8 48 20 20 69 54 15 38 48 18 37 
39 51 51 51 70 39 52 51 51 65 43 57 39 52 39 39 39 51 52 71 66 39 51 39 -1 39 43 51 39 39 39 39 43 39 39 75 39 51 51 -1 52 43 39 39 68 39 -1 39 70 69 39 -1 24 39 24 39 68 51 43 24 52 43 39 39 39 51 39 39 24 39 51 39 39 39 54 39 39 43 43 50 
23 2 -1 23 2 31 52 2 29 65 53 2 53 -1 55 23 -1 31 53 71 66 75 16 -1 52 23 78 16 27 16 23 16 52 23 67 75 53 22 27 31 23 53 25 53 33 23 39 -1 29 69 68 27 13 -1 13 -1 23 2 53 25 40 40 2 53 25 23 13 55 16 31 31 53 16 13 54 16 53 2 -1 11 
45 70 47 70 70 70 70 70 29 70 70 55 66 66 -1 45 29 70 14 71 -1 45 29 56 52 56 14 29 29 -1 36 70 70 72 26 75 14 70 70 36 52 66 70 26 68 -1 70 29 -1 69 39 70 18 18 18 14 14 34 70 69 66 70 70 36 66 70 20 55 29 18 -1 20 20 66 56 29 36 26 18 70 
69 69 69 69 69 69 69 69 69 69 69 69 73 73 69 69 69 69 69 76 69 69 69 69 69 69 69 69 69 69 69 69 69 69 69 75 69 69 69 69 69 69 69 69 69 69 69 69 69 -1 69 69 69 69 69 69 69 69 73 69 69 69 69 69 69 69 69 69 69 -1 69 69 69 69 69 69 69 69 69 69 
39 43 79 68 43 39 72 68 69 65 43 79 39 54 39 39 68 39 69 71 72 39 43 68 68 39 43 39 39 68 39 39 43 68 43 75 39 43 69 -1 69 69 39 -1 68 69 39 68 39 69 -1 43 43 39 43 79 68 69 43 69 69 69 39 39 69 43 39 39 -1 -1 39 39 68 69 54 39 39 43 43 -1 
7 7 7 7 70 17 70 -1 37 65 7 57 25 47 70 32 27 -1 37 71 70 38 37 25 46 7 43 -1 27 27 7 38 7 25 30 75 70 -1 -1 46 25 69 7 37 68 37 -1 27 70 69 43 -1 27 38 17 47 70 7 32 7 40 32 7 30 25 38 75 38 7 38 -1 17 27 17 70 38 38 7 25 37 
15 10 10 15 6 30 -1 30 18 65 -1 78 15 -1 18 -1 -1 30 -1 65 45 15 16 40 -1 40 18 16 27 16 -1 16 -1 40 30 75 30 18 21 21 -1 10 40 10 10 15 24 13 18 69 43 27 -1 10 13 18 18 10 6 24 40 32 10 30 40 32 13 31 10 18 32 65 6 13 54 10 30 10 18 37 
12 2 -1 12 10 31 58 2 18 65 -1 2 -1 47 18 12 31 31 -1 71 66 38 58 47 52 12 18 31 39 18 36 -1 10 25 36 75 -1 18 31 12 25 10 25 10 10 18 39 -1 18 69 39 38 10 -1 18 47 18 2 -1 25 58 32 31 36 25 32 12 31 10 18 31 12 31 12 54 10 36 2 18 11 
75 57 47 56 43 -1 52 57 18 65 43 57 43 -1 18 43 75 5 -1 76 66 75 43 47 -1 57 -1 75 43 18 5 5 43 44 26 75 18 43 75 43 52 43 56 -1 43 18 24 13 18 69 43 17 13 18 -1 18 18 -1 43 24 43 43 31 30 66 43 13 31 24 18 31 17 31 5 -1 -1 5 26 18 43 
47 11 11 56 11 67 52 57 18 65 53 -1 53 47 -1 47 47 67 14 76 48 39 47 47 52 47 14 47 39 47 36 67 43 47 67 75 14 79 67 36 47 53 47 26 47 48 39 -1 14 69 79 47 18 47 18 -1 14 11 53 47 47 47 67 36 47 56 47 -1 47 18 36 48 47 47 56 47 36 11 11 11 
-1 7 47 -1 70 30 52 3 18 65 68 55 0 47 -1 0 68 70 -1 65 48 69 68 -1 68 23 14 68 39 18 0 69 70 23 26 75 14 70 69 12 23 69 3 26 68 15 68 23 14 69 68 70 18 18 18 14 -1 69 53 69 40 69 69 30 25 3 12 55 -1 -1 -1 12 68 69 -1 0 36 26 18 68 
7 -1 1 7 1 54 4 -1 69 65 1 -1 25 54 34 32 68 51 54 76 66 69 37 25 54 7 34 51 51 69 7 69 7 25 -1 75 30 7 69 54 25 69 7 54 10 69 51 2 34 69 69 7 10 2 -1 11 69 -1 32 7 69 69 1 4 25 7 54 34 7 -1 4 25 68 69 54 54 54 2 11 11 
32 6 53 32 6 73 -1 32 37 65 32 53 53 73 53 32 22 73 53 65 72 32 -1 53 52 32 43 22 27 22 32 53 -1 72 32 75 53 22 53 43 60 60 73 32 32 32 43 53 70 73 43 32 6 -1 43 53 53 32 -1 32 -1 32 53 6 73 32 53 53 22 73 32 53 6 -1 54 22 53 53 53 37 
7 7 7 7 7 30 52 -1 69 65 7 57 25 52 69 32 52 51 69 71 66 69 37 25 -1 -1 54 51 39 69 7 69 7 25 30 75 30 7 69 25 25 69 25 32 33 69 24 25 69 69 69 7 24 25 24 47 69 7 32 -1 40 69 7 30 25 7 25 69 7 -1 7 25 33 69 54 54 69 64 25 37 
40 41 58 40 41 73 58 40 69 65 41 78 40 52 52 52 52 73 52 65 66 69 58 40 52 40 78 52 40 52 52 58 58 40 52 75 58 58 69 40 -1 -1 40 41 41 52 52 40 66 69 69 40 40 58 43 47 40 69 -1 40 -1 40 61 41 40 58 41 58 41 41 58 40 58 41 56 41 58 58 40 58 
32 62 62 32 32 73 52 32 69 65 32 69 73 73 69 32 52 73 69 65 66 69 58 40 52 40 43 69 43 69 32 62 -1 40 69 75 63 32 69 43 -1 69 64 32 32 32 43 40 70 69 69 32 32 32 43 47 69 69 32 69 40 -1 -1 62 -1 32 64 62 32 -1 32 65 62 -1 69 32 69 64 40 69 
63 -1 1 7 1 31 4 1 69 65 1 2 39 73 63 61 31 31 53 65 72 38 31 61 46 7 43 31 39 31 63 -1 61 72 57 75 63 7 31 31 61 10 64 10 10 61 39 2 70 69 39 7 10 31 31 67 69 1 53 7 61 -1 -1 -1 61 63 64 31 7 31 31 65 31 61 54 10 31 2 61 11 
30 4 4 65 -1 30 4 30 36 65 4 4 30 52 36 30 52 30 36 65 71 39 37 30 52 30 34 65 39 48 -1 62 65 30 30 75 -1 30 65 36 52 10 65 10 10 30 39 53 36 69 39 30 30 36 30 36 30 4 6 30 41 62 -1 -1 65 -1 65 34 10 62 4 65 6 30 54 10 36 65 30 37 
25 25 77 42 65 73 73 25 69 65 61 77 25 66 77 61 75 71 69 65 66 65 73 25 59 -1 77 65 39 66 25 62 61 25 77 75 65 25 65 25 25 66 -1 61 33 66 39 25 66 69 69 25 40 25 66 47 25 25 73 25 40 -1 61 65 -1 -1 -1 62 25 61 42 65 33 -1 56 66 65 -1 25 37 
3 7 77 -1 63 38 52 3 69 -1 32 57 71 52 56 32 38 71 52 9 71 38 58 3 52 64 43 38 38 38 63 38 -1 64 63 75 63 7 -1 38 52 32 3 32 32 32 51 23 70 69 43 38 32 32 43 56 3 7 32 7 58 32 63 -1 -1 -1 64 38 7 38 3 -1 38 64 56 38 38 64 23 37 
12 41 47 12 41 54 52 25 45 65 41 47 -1 -1 48 12 75 71 52 71 -1 75 75 12 52 12 54 75 39 48 12 39 41 25 30 75 39 25 75 12 25 -1 64 39 41 20 39 13 20 69 39 75 13 12 13 47 12 54 53 25 41 64 64 65 -1 64 -1 39 41 41 48 12 20 12 54 -1 75 64 47 50 
34 57 53 70 70 31 72 34 69 65 53 55 39 55 55 34 31 31 53 76 72 38 31 55 46 34 34 31 39 31 34 -1 70 72 -1 75 34 70 31 31 52 69 70 34 53 55 39 55 55 69 39 38 31 31 31 -1 55 34 53 69 58 62 31 34 62 38 39 -1 31 31 31 31 31 31 54 31 31 34 34 55 
56 7 7 7 10 30 72 -1 29 65 -1 57 25 47 56 32 -1 51 56 72 72 50 16 56 -1 7 43 16 27 16 7 16 7 44 30 75 30 7 27 50 25 10 7 10 -1 72 24 16 29 69 -1 7 10 10 24 47 -1 7 22 7 41 32 7 10 25 7 41 31 -1 50 56 72 -1 41 56 10 30 7 47 50 
56 57 53 56 41 31 52 57 -1 65 41 57 73 73 18 21 31 31 -1 76 45 -1 31 56 59 59 18 38 38 8 31 -1 61 56 57 75 18 8 -1 21 61 -1 56 50 41 8 39 31 18 -1 -1 38 18 18 18 18 -1 -1 73 -1 41 -1 31 62 61 38 41 31 50 -1 31 65 31 -1 56 21 38 64 18 50 
3 4 4 -1 -1 31 4 3 37 65 4 79 3 52 36 32 31 51 56 76 48 38 37 56 51 7 36 38 38 48 36 -1 -1 56 36 75 -1 -1 -1 31 52 10 3 32 10 48 51 31 -1 69 39 -1 32 31 31 36 -1 4 32 7 58 32 31 4 42 3 48 31 56 31 -1 48 31 31 56 38 36 4 56 37 
12 25 53 65 65 17 72 25 45 19 53 53 -1 66 48 12 72 -1 53 -1 -1 39 51 12 46 12 43 51 39 48 12 17 65 25 30 75 39 51 65 12 25 66 25 39 33 20 39 53 20 69 39 17 65 12 17 48 12 25 53 25 40 65 65 65 65 -1 12 31 72 65 48 -1 20 12 54 12 19 65 23 50 
33 6 47 68 6 31 -1 68 29 65 68 47 33 47 48 45 -1 31 52 71 -1 38 16 33 68 33 43 16 27 16 31 -1 52 -1 67 75 39 22 31 31 33 66 33 39 33 20 39 16 20 69 68 27 6 31 31 47 68 68 6 33 58 62 31 6 33 38 20 31 -1 31 31 20 -1 31 68 16 31 47 33 68 
12 41 47 12 41 -1 58 25 69 65 41 69 -1 -1 69 12 31 5 69 71 66 69 58 12 52 12 54 69 39 69 5 5 58 25 30 75 30 58 69 12 61 -1 64 39 41 69 39 13 66 69 69 17 13 12 5 47 69 69 -1 69 41 -1 61 30 -1 64 12 31 41 -1 31 12 31 -1 54 12 5 64 47 69 
56 57 54 56 70 54 54 56 54 65 54 57 56 54 56 56 68 54 54 76 56 69 54 56 54 56 54 68 54 54 54 54 54 56 54 75 56 54 69 54 56 69 56 54 68 54 54 54 56 69 54 70 54 54 -1 56 -1 54 54 54 56 69 54 54 56 56 54 54 56 56 56 54 68 54 -1 54 54 54 54 54 
-1 10 10 0 10 54 10 3 29 65 -1 57 0 54 54 0 -1 51 54 76 66 -1 16 0 54 12 54 16 27 16 0 16 10 23 30 -1 30 22 -1 21 23 10 3 10 10 15 39 16 29 69 39 38 10 10 -1 47 0 54 22 54 41 32 10 10 66 38 -1 31 10 21 38 12 16 12 54 -1 38 54 23 37 
30 30 53 65 63 -1 52 30 69 19 53 53 39 54 36 38 31 5 36 -1 71 38 31 30 54 30 36 38 38 31 5 5 65 72 30 75 -1 51 -1 36 52 69 65 39 53 38 39 53 36 69 39 38 30 36 5 36 36 54 53 69 58 69 31 36 65 38 75 31 30 38 36 19 31 5 54 38 -1 36 36 50 
34 2 -1 64 2 54 4 2 26 65 2 2 53 47 26 43 47 54 26 65 66 43 43 47 54 64 -1 47 43 47 34 53 43 64 26 75 26 43 65 43 64 66 64 26 10 48 43 2 26 69 43 7 10 2 26 11 26 2 53 64 58 64 2 65 -1 64 64 34 7 64 4 65 47 64 54 54 36 -1 26 11 
23 11 11 23 11 54 52 25 18 65 43 -1 23 47 18 23 47 54 -1 71 45 69 47 -1 52 23 -1 47 43 18 23 47 43 23 26 75 18 18 69 43 -1 60 25 26 33 18 43 -1 18 69 43 25 18 18 18 11 18 11 53 25 40 40 61 30 25 23 47 34 47 18 56 23 33 47 54 23 36 26 -1 11 
37 11 11 37 70 37 58 37 37 65 43 -1 50 47 55 37 37 51 37 71 45 50 37 78 68 37 43 51 50 37 37 50 37 37 57 75 50 -1 51 50 78 69 37 37 68 37 50 11 70 69 -1 37 37 11 43 11 68 11 37 37 58 69 11 37 37 37 50 55 50 50 37 50 68 69 54 37 50 11 11 -1 
