102
0 36
-1 59 59 38 -1 4 38 95 38 60 59 28 44 60 95 97 91 91 95 38 4 86 59 38 30 50 44 20 -1 60 4 28 38 28 44 44 48 38 -1 5 60 49 59 49 28 69 30 91 44 30 28 44 60 60 4 79 95 38 95 -1 -1 20 91 91 95 38 79 38 -1 68 76 28 20 59 38 38 68 97 38 68 59 38 44 91 60 44 68 100 91 91 60 -1 50 38 69 -1 79 38 28 50 61 50 
59 -1 22 24 46 26 49 26 84 46 -1 62 44 61 10 24 47 46 24 84 61 22 10 101 10 46 -1 80 98 22 46 63 46 62 44 84 48 46 24 26 71 49 46 49 26 63 -1 46 -1 48 98 44 84 26 44 24 14 79 46 10 98 48 -1 26 51 47 79 71 79 63 24 10 22 10 49 99 61 48 22 26 10 22 44 46 -1 44 10 48 46 47 44 46 84 26 88 14 46 63 -1 48 61 48 
59 22 -1 -1 59 73 38 73 29 46 22 44 44 60 22 24 35 22 24 29 72 22 -1 38 3 35 44 78 44 22 24 58 38 58 35 -1 84 3 3 51 41 29 -1 41 35 35 42 46 84 24 35 44 60 60 44 24 22 38 42 -1 -1 72 37 45 51 73 35 3 59 45 24 22 22 -1 3 35 38 35 22 44 22 22 44 22 35 22 22 84 22 35 60 22 60 3 45 59 22 38 60 84 41 35 
38 24 -1 -1 30 97 38 71 93 46 24 71 74 93 24 24 74 22 24 38 30 22 2 38 -1 74 93 78 38 22 24 71 38 49 35 2 49 -1 -1 51 70 49 2 49 35 35 37 46 49 24 74 49 93 93 30 24 24 38 24 2 2 49 37 62 93 38 74 -1 38 45 24 67 22 2 -1 38 38 74 22 55 24 93 44 93 35 24 24 49 46 97 30 38 93 -1 45 24 22 38 24 49 49 67 
-1 46 59 30 -1 -1 38 5 54 46 30 54 54 61 95 30 54 46 30 32 -1 72 72 38 30 54 7 20 0 52 -1 54 30 49 54 54 49 30 0 5 49 49 46 49 54 69 30 46 49 30 28 54 30 7 -1 30 39 79 54 0 0 20 37 91 54 38 54 30 -1 68 30 7 20 7 49 38 68 97 27 68 27 32 54 32 52 54 68 100 46 54 30 0 52 30 69 0 79 5 7 49 61 54 
4 26 73 97 -1 -1 97 -1 51 51 71 54 97 53 56 97 54 46 95 32 4 72 71 97 30 97 7 39 4 97 4 71 30 49 44 44 48 30 97 -1 53 71 46 71 26 71 30 46 26 30 98 39 97 7 4 30 39 56 51 4 4 20 97 97 51 73 54 71 4 68 30 7 20 7 49 96 68 97 39 26 39 51 44 53 97 44 26 100 53 97 30 4 97 26 71 7 56 -1 7 48 97 51 
38 49 38 38 38 97 -1 73 51 51 49 49 74 61 57 49 65 75 49 78 78 78 78 -1 49 75 49 78 38 49 49 49 38 49 75 75 49 38 -1 51 49 49 38 49 51 49 49 65 49 -1 75 49 49 49 51 49 57 -1 49 38 38 49 49 97 51 -1 79 38 38 49 75 49 78 65 49 -1 38 49 -1 57 78 38 51 78 49 79 49 49 78 97 49 38 52 38 49 38 75 38 38 75 49 23 
95 26 73 71 5 -1 73 -1 93 53 71 71 44 53 95 97 54 72 95 44 5 72 71 73 71 98 -1 39 98 53 5 71 30 71 44 44 48 73 95 5 53 71 72 71 26 71 73 73 26 48 98 39 53 -1 5 79 39 79 71 71 98 48 26 26 95 73 79 71 5 71 53 -1 71 -1 44 44 61 48 90 26 53 80 44 53 26 44 26 48 53 97 73 63 53 26 71 -1 71 5 -1 48 71 48 
38 84 29 93 54 51 51 93 -1 51 29 54 -1 53 56 81 54 29 58 -1 72 29 29 101 93 74 93 51 44 -1 32 58 19 51 44 44 51 93 32 51 41 29 58 41 12 41 51 51 51 51 101 -1 29 52 51 93 51 56 51 29 52 51 51 93 51 101 54 93 86 45 78 41 12 29 12 96 32 12 19 93 12 51 44 19 19 44 51 100 19 54 44 29 52 -1 88 64 19 52 29 84 41 51 
60 46 46 46 46 51 51 53 51 -1 46 54 51 53 56 81 47 46 85 96 46 86 46 101 46 46 46 51 51 52 46 58 46 51 51 46 48 46 97 51 53 51 46 51 51 96 -1 46 46 51 85 -1 -1 52 51 85 -1 56 51 46 52 48 46 96 51 47 85 101 85 96 96 96 46 46 51 96 46 58 96 85 53 51 51 46 52 -1 51 48 46 97 46 46 52 52 88 56 -1 52 46 84 51 51 
59 -1 22 24 30 71 49 71 29 46 -1 71 80 80 -1 24 25 22 24 29 72 22 -1 49 -1 22 1 80 98 22 24 71 30 49 35 22 48 24 24 56 71 71 22 71 26 71 1 46 1 24 98 86 29 80 71 24 14 56 24 -1 98 48 1 26 86 73 79 71 86 71 24 -1 22 -1 24 70 70 48 22 26 -1 22 44 22 1 22 -1 48 22 97 73 22 72 24 71 14 22 24 -1 48 71 24 
28 62 44 71 54 54 49 71 54 54 71 -1 44 71 71 49 54 72 58 44 54 72 71 49 49 50 79 54 -1 71 49 -1 38 -1 44 44 49 62 28 54 71 71 58 71 28 71 98 54 49 33 28 54 49 71 -1 79 54 79 31 28 28 49 33 31 54 49 79 71 79 71 71 -1 71 71 49 96 79 58 44 -1 71 54 44 71 44 79 54 100 71 54 44 28 50 79 71 28 79 63 28 50 71 50 
44 44 44 74 54 97 74 44 -1 51 80 44 -1 80 80 81 54 72 77 8 72 72 72 101 93 74 44 80 44 8 74 72 19 74 44 44 77 74 74 51 72 29 72 41 -1 44 72 54 77 74 44 8 93 80 44 93 51 56 77 80 90 72 44 44 51 101 54 72 44 45 93 72 -1 80 -1 44 32 -1 19 44 -1 80 44 93 19 44 44 100 19 97 44 72 72 -1 45 90 19 77 44 77 77 93 
60 61 60 93 61 53 61 53 53 53 80 71 80 -1 80 81 61 88 95 88 61 72 53 101 53 77 53 61 98 53 53 71 76 61 53 84 61 88 76 53 53 53 72 53 53 88 88 88 61 61 92 53 53 -1 61 53 53 56 77 80 53 -1 61 53 83 73 79 71 76 76 53 53 61 53 61 70 61 61 61 53 53 80 53 53 53 53 53 100 53 97 53 88 53 53 88 53 53 53 53 61 61 61 
95 10 22 24 95 56 57 95 56 56 -1 71 80 80 -1 24 56 22 95 96 56 22 10 57 10 22 10 56 95 22 24 71 30 49 56 22 48 24 95 56 71 71 22 71 56 71 10 46 10 24 98 56 56 80 56 24 -1 56 56 10 95 48 10 26 95 73 79 71 86 71 24 10 22 10 24 96 70 48 22 57 10 22 56 95 10 56 10 48 22 56 95 95 56 24 71 -1 56 24 10 48 71 56 
97 24 24 24 30 97 49 97 81 81 24 49 81 81 24 -1 97 81 24 81 30 81 81 49 -1 97 86 81 81 81 24 97 81 49 75 24 49 24 97 81 70 49 24 49 81 83 30 46 49 24 79 81 97 81 81 24 81 49 24 24 97 49 37 97 81 49 79 24 86 83 24 24 81 24 24 70 70 97 70 55 81 -1 81 81 97 81 24 100 83 97 30 97 85 24 83 24 75 -1 24 49 97 24 
91 47 35 74 54 54 65 54 54 47 25 54 54 61 56 97 -1 25 101 54 54 25 25 101 47 -1 54 78 50 25 47 54 47 54 35 25 77 47 91 54 71 101 35 101 54 35 47 -1 77 54 25 54 97 88 -1 79 54 79 54 91 91 54 47 91 54 47 -1 101 54 45 75 54 25 47 25 25 68 25 25 66 54 54 54 25 35 25 54 100 25 -1 54 -1 50 101 45 91 25 89 47 50 77 25 
91 46 22 22 46 46 75 72 29 46 22 72 72 88 22 81 25 -1 85 83 72 22 -1 101 22 -1 46 72 50 22 46 72 46 49 35 25 48 46 91 96 83 29 46 41 85 83 -1 46 46 46 25 46 29 88 25 85 96 85 46 22 22 72 46 91 83 47 25 72 85 83 75 72 -1 46 25 25 46 25 22 85 22 22 85 -1 35 -1 22 100 -1 25 46 -1 72 83 88 83 -1 77 46 50 77 25 
95 24 24 24 30 95 49 95 58 85 24 58 77 95 95 24 101 85 -1 85 30 86 24 101 -1 101 85 58 85 101 24 58 30 58 85 58 101 24 24 58 70 101 58 101 85 95 30 101 101 24 101 58 30 95 58 24 58 85 -1 24 95 101 37 58 95 101 85 101 85 85 24 24 58 24 24 70 70 58 70 85 24 85 85 85 101 -1 24 100 85 97 95 85 85 24 88 -1 85 24 24 101 77 -1 
38 84 29 38 32 32 78 44 -1 96 29 44 8 88 96 81 54 83 85 -1 72 29 29 78 32 78 44 78 44 -1 32 44 -1 44 44 44 84 88 32 51 83 29 44 41 -1 83 88 88 84 32 44 8 29 88 44 96 96 78 51 29 52 76 84 44 83 78 96 38 76 83 78 41 29 88 12 96 32 12 -1 96 12 32 44 -1 -1 44 29 84 -1 54 44 83 52 8 88 83 -1 38 44 84 41 41 
4 61 72 30 -1 4 78 5 72 46 72 54 72 61 56 30 54 72 30 72 -1 72 72 78 30 72 61 -1 4 72 4 72 30 49 54 72 61 30 4 27 72 72 72 72 54 72 30 46 61 30 92 39 30 61 4 30 39 56 72 4 4 -1 61 61 51 78 54 72 4 68 76 72 -1 7 72 72 61 61 27 68 27 72 54 72 61 72 68 100 72 54 30 4 72 72 72 4 72 5 7 61 61 61 
86 22 22 22 72 72 78 72 29 86 22 72 72 72 22 81 25 22 86 29 72 -1 -1 78 86 22 86 72 72 22 86 72 81 72 35 22 86 86 22 86 72 29 72 41 72 72 22 46 86 86 92 86 29 52 86 86 86 78 72 22 22 72 22 86 86 73 86 72 86 86 78 72 -1 22 72 25 86 72 22 86 22 22 72 22 22 22 -1 86 22 25 78 22 72 72 72 22 22 52 22 86 41 86 
59 10 -1 2 72 71 78 71 29 46 -1 71 72 53 10 81 25 -1 24 29 72 -1 -1 78 10 17 86 78 98 -1 24 71 81 49 35 2 48 3 3 78 41 29 2 41 29 35 17 46 10 24 25 81 29 52 81 24 14 78 42 2 2 72 10 86 81 73 25 3 86 86 78 10 -1 2 3 25 78 25 -1 85 10 -1 44 17 10 17 -1 100 17 25 78 17 72 81 88 14 17 52 10 48 41 25 
38 101 38 38 38 97 -1 73 101 101 49 49 101 101 57 49 101 101 101 78 78 78 78 -1 49 101 101 78 101 101 49 101 38 49 75 101 101 38 6 101 101 101 101 101 101 101 49 65 101 6 101 101 101 101 101 49 57 6 101 38 38 101 49 97 101 6 79 101 38 101 75 101 78 65 49 6 38 101 6 57 78 101 101 78 101 101 101 101 78 97 49 38 101 101 101 101 75 38 101 75 101 -1 
30 10 3 -1 30 30 49 71 93 46 -1 49 93 53 10 -1 47 22 -1 32 30 86 10 49 -1 74 86 78 98 22 -1 58 30 49 75 3 49 -1 3 51 70 49 3 49 51 49 30 46 49 -1 79 49 30 52 30 -1 14 49 18 10 3 49 37 62 51 49 79 3 86 86 -1 10 22 10 3 70 70 49 70 55 10 15 51 93 10 18 -1 49 46 97 30 22 52 -1 49 18 75 15 10 49 49 18 
50 46 35 74 54 97 75 98 74 46 22 50 74 77 22 97 -1 -1 101 78 72 22 17 101 74 -1 44 78 50 22 46 77 78 74 35 -1 77 46 74 78 75 101 35 101 35 35 17 16 77 74 -1 101 84 88 16 79 96 75 77 35 35 77 47 45 83 101 16 101 79 45 75 45 17 35 -1 -1 75 -1 -1 50 74 22 44 17 35 17 22 100 17 16 78 16 50 101 45 90 17 77 50 50 77 -1 
44 -1 44 93 7 7 49 -1 93 46 1 79 44 53 10 86 54 46 85 44 61 86 86 101 86 44 -1 39 44 44 46 63 44 49 44 44 48 46 93 7 53 49 44 49 -1 63 1 46 -1 48 79 44 93 7 44 79 51 79 51 10 90 48 1 -1 51 73 79 71 79 63 86 7 44 7 44 44 61 48 44 -1 10 93 44 93 1 44 -1 48 44 97 44 63 79 -1 63 7 79 63 1 48 61 48 
20 80 78 78 20 39 78 39 51 51 80 54 80 61 56 81 78 72 58 78 -1 72 78 78 78 78 39 -1 20 72 20 58 78 51 51 78 61 78 78 -1 78 51 72 51 51 83 30 78 61 51 78 39 80 80 20 78 39 56 51 80 90 20 80 83 51 78 78 72 20 68 78 72 20 80 78 78 61 78 -1 57 -1 80 51 78 78 81 51 100 78 78 78 20 72 80 83 90 56 39 80 61 61 51 
-1 98 44 38 0 4 38 98 44 51 98 -1 44 98 95 81 50 50 85 44 4 72 98 101 98 50 44 20 -1 44 4 11 38 11 44 44 48 98 0 51 71 71 44 71 -1 44 98 98 44 33 -1 44 60 98 11 79 51 79 31 0 0 20 33 31 51 101 79 71 0 68 71 11 44 90 44 44 68 44 44 11 44 51 44 44 44 44 44 100 44 50 44 0 50 44 45 0 44 38 -1 50 99 50 
60 22 22 22 52 97 49 53 -1 52 22 71 8 53 22 81 25 22 101 -1 72 22 -1 101 22 22 44 72 44 -1 52 71 19 49 44 22 49 22 32 51 41 -1 72 41 19 41 22 46 49 41 92 8 -1 52 44 24 51 49 51 22 52 72 22 45 51 101 96 71 86 45 41 41 -1 22 12 96 32 12 19 96 12 22 44 19 19 22 22 100 19 97 44 22 52 8 45 22 19 52 22 84 41 41 
4 46 24 24 -1 4 49 5 32 46 24 49 74 53 24 24 47 46 24 32 4 86 24 49 -1 46 46 20 4 52 -1 49 -1 49 90 46 49 24 32 5 49 49 46 49 90 90 -1 46 49 -1 92 49 -1 52 4 24 46 49 24 4 52 20 37 90 51 47 47 24 4 68 24 24 20 46 49 49 32 49 90 55 24 32 90 32 52 24 24 49 46 97 -1 4 52 24 88 90 32 52 46 49 49 24 
28 63 58 71 54 71 49 71 58 58 71 -1 72 71 71 97 54 72 58 44 72 72 71 101 58 77 63 58 11 71 49 -1 81 11 44 58 63 63 97 58 71 71 58 71 28 63 58 63 63 33 28 58 97 71 11 79 58 79 -1 71 28 63 63 -1 58 63 79 71 79 63 71 -1 71 71 49 71 71 58 71 11 71 58 44 63 58 58 58 100 63 97 63 63 72 63 63 58 63 63 28 50 71 58 
38 46 38 38 30 30 38 30 19 46 30 38 19 76 30 81 47 46 30 -1 30 81 81 38 30 78 44 78 38 19 -1 81 -1 49 44 44 49 30 -1 81 76 29 46 41 19 83 30 46 49 30 38 81 30 52 30 30 81 38 81 38 38 76 37 97 81 38 79 38 76 76 76 30 29 46 38 38 -1 97 19 76 81 -1 44 19 19 81 30 100 19 97 30 38 52 81 88 38 19 38 46 84 76 81 
28 62 58 49 49 49 49 71 51 51 49 -1 74 61 49 49 54 49 58 44 49 72 49 49 49 74 49 51 11 49 49 11 49 -1 44 58 49 62 49 51 49 49 58 49 28 49 49 62 49 -1 28 49 49 49 11 49 51 49 -1 28 90 49 -1 62 51 49 79 71 79 49 49 11 58 90 49 49 49 58 49 11 49 51 44 49 49 58 49 49 49 54 49 63 50 49 49 58 79 63 28 49 49 49 
44 44 35 35 54 44 75 44 44 51 35 44 44 53 56 75 35 35 85 44 54 35 35 75 75 35 44 51 44 44 90 44 44 44 -1 -1 48 35 75 51 75 45 35 45 -1 35 42 35 44 51 35 44 84 44 44 75 51 75 42 35 35 48 44 44 51 75 35 35 44 45 75 45 42 35 35 -1 75 35 35 44 44 51 44 44 35 44 44 100 44 35 44 35 85 44 45 90 75 63 44 75 99 35 
44 84 -1 2 54 44 75 44 44 46 22 44 44 84 22 24 25 25 58 44 72 22 2 101 3 -1 44 78 44 22 46 58 44 58 -1 -1 84 3 3 51 45 45 -1 45 -1 -1 42 25 84 45 25 44 84 84 44 24 51 56 42 2 2 84 63 45 51 73 25 3 69 45 75 45 42 2 25 25 44 25 25 44 44 22 44 45 -1 44 22 84 45 25 44 25 50 3 45 90 45 63 44 84 45 25 
48 48 84 49 49 48 49 48 51 48 48 49 77 61 48 49 77 48 101 84 61 86 48 101 49 77 48 61 48 49 49 63 49 49 48 84 -1 48 49 51 49 49 48 49 48 49 48 48 -1 48 99 49 84 48 48 49 51 49 77 48 84 48 48 48 51 101 79 101 76 49 49 48 61 48 49 99 61 48 49 48 48 51 48 84 48 48 48 -1 48 97 49 63 84 48 49 48 79 77 48 48 87 48 
38 46 3 -1 30 30 38 73 93 46 24 62 74 88 24 24 47 46 24 88 30 86 3 38 -1 46 46 78 98 22 24 63 30 62 35 3 48 -1 3 51 70 49 46 49 35 63 -1 46 46 24 98 46 30 88 30 24 46 38 24 3 3 48 -1 62 51 47 47 3 86 63 24 24 46 46 3 70 70 46 70 55 24 24 44 46 46 24 24 48 46 47 30 46 52 3 88 24 46 24 46 48 49 24 
-1 24 3 -1 0 97 -1 95 32 97 24 28 74 76 95 97 91 91 24 32 4 22 3 6 3 74 93 78 0 32 32 97 -1 49 75 3 49 3 -1 97 49 49 3 49 28 97 32 65 49 6 28 49 97 97 4 24 57 6 97 0 0 76 37 97 95 6 79 3 0 68 24 67 20 3 3 6 32 97 6 57 81 32 44 32 32 81 24 100 32 97 32 0 97 3 88 0 32 -1 28 75 97 23 
5 26 51 51 5 -1 51 5 51 51 56 54 51 53 56 81 54 96 58 51 27 86 78 101 51 78 7 -1 51 51 5 58 81 51 51 51 51 51 97 -1 51 51 58 51 51 96 51 51 51 51 101 -1 51 7 51 51 -1 56 51 5 5 27 51 97 51 101 54 101 5 68 78 7 27 7 51 96 61 58 27 57 27 51 51 64 51 51 51 51 51 97 51 5 52 51 96 7 56 5 7 51 51 51 
60 71 41 70 49 53 49 53 41 53 71 71 72 53 71 70 71 83 70 83 72 72 41 101 70 75 53 78 71 41 49 71 76 49 75 45 49 70 49 51 -1 -1 72 41 83 41 83 83 49 41 101 49 53 -1 71 70 51 49 71 71 53 53 49 45 83 101 79 71 76 45 -1 -1 71 53 49 70 70 100 70 71 53 83 83 -1 53 83 70 100 53 97 45 83 53 83 45 53 45 53 53 75 41 41 
49 49 29 49 49 71 49 71 29 51 71 71 29 53 71 49 101 29 101 29 72 29 29 101 49 101 49 51 71 -1 49 71 29 49 45 45 49 49 49 51 -1 -1 45 -1 29 -1 49 101 49 -1 101 49 29 40 51 49 51 49 49 71 52 100 49 45 51 101 79 71 69 45 40 -1 29 71 49 49 70 100 29 71 53 29 44 40 29 101 29 100 45 97 45 63 52 101 45 71 45 52 71 100 -1 -1 
59 46 -1 2 46 46 38 72 58 46 22 58 72 72 22 24 35 46 58 44 72 72 2 101 3 35 44 72 44 72 46 58 46 58 35 -1 48 46 3 58 72 45 -1 45 35 35 -1 46 46 46 35 58 46 88 44 24 46 56 -1 2 2 72 46 45 58 47 35 3 46 45 24 72 -1 2 3 35 46 58 22 44 72 22 44 45 35 44 22 100 46 35 44 46 72 3 45 58 45 77 46 84 77 35 
49 49 41 49 49 71 49 71 41 51 71 71 41 53 71 49 101 41 101 41 72 41 41 101 49 101 49 51 71 41 49 71 41 49 45 45 49 49 49 51 41 -1 45 -1 41 41 49 101 49 41 101 49 41 41 51 49 51 49 49 71 52 100 49 45 51 101 79 71 69 45 41 41 41 71 49 49 70 100 41 71 53 41 44 41 41 101 41 100 45 97 45 63 52 101 45 71 45 52 71 100 41 41 
28 26 35 35 54 26 51 26 12 51 26 28 -1 53 56 81 54 85 85 -1 54 72 29 101 51 35 -1 51 -1 19 90 28 19 28 -1 -1 48 35 28 51 83 29 35 41 -1 35 26 54 26 51 28 -1 29 26 -1 79 51 56 51 28 90 48 26 26 51 90 54 101 28 45 75 26 12 90 12 34 32 12 19 26 12 51 -1 19 19 -1 26 48 19 54 -1 28 85 12 45 90 19 63 28 48 77 51 
69 63 35 35 69 71 49 71 41 96 71 71 44 88 71 83 35 83 95 83 72 72 35 101 49 35 63 83 44 41 90 63 83 49 35 -1 49 63 97 96 41 -1 35 41 35 -1 88 63 49 41 35 44 41 88 44 96 96 96 42 35 90 100 63 -1 83 90 96 71 69 -1 41 -1 71 90 35 96 69 35 83 96 71 83 44 -1 35 44 63 100 -1 97 -1 63 72 83 -1 90 -1 63 71 84 41 41 
30 -1 42 37 30 30 49 73 51 -1 1 98 72 88 10 30 47 -1 30 88 30 22 17 49 30 17 1 30 98 22 -1 58 30 49 42 42 48 -1 32 51 83 49 -1 49 26 88 -1 -1 1 30 98 9 9 88 30 30 9 56 42 10 98 48 1 26 51 47 47 37 30 88 30 10 17 -1 25 25 32 25 22 26 10 22 44 17 1 9 10 48 -1 47 30 17 52 26 88 73 9 52 -1 48 49 25 
91 46 46 46 46 46 65 73 51 46 46 54 54 88 46 46 -1 46 101 88 46 46 46 65 46 16 46 78 98 46 46 63 46 62 35 25 48 46 65 51 83 101 46 101 54 63 -1 -1 46 46 25 46 46 88 16 46 46 65 46 46 98 48 -1 62 51 -1 16 101 46 63 46 46 46 46 25 25 46 25 25 66 46 46 54 46 46 46 46 48 46 16 46 16 50 101 88 73 46 63 46 48 77 65 
44 -1 84 49 49 26 49 26 51 46 1 49 77 61 10 49 77 46 101 84 61 86 10 101 49 77 -1 61 44 49 49 63 49 49 44 84 -1 46 49 51 49 49 46 49 26 49 1 46 -1 -1 99 49 84 26 44 49 51 49 77 10 84 -1 1 26 51 101 79 101 76 49 49 10 61 10 49 99 61 -1 49 26 10 51 44 84 -1 44 26 36 46 97 49 63 84 26 49 26 79 77 1 -1 61 -1 
30 48 24 24 30 30 -1 48 51 51 24 33 74 61 24 24 54 46 24 32 30 86 24 6 -1 74 48 51 33 41 -1 33 30 -1 51 45 48 24 6 51 41 -1 46 41 51 41 30 46 -1 -1 74 -1 30 41 51 24 51 6 33 24 90 48 33 45 51 6 54 24 30 45 24 41 41 90 -1 6 32 48 6 33 24 51 51 41 48 24 24 48 45 54 -1 30 52 24 45 90 45 24 24 48 41 41 
28 98 35 74 28 98 75 98 101 85 98 28 44 92 98 79 25 25 101 44 92 92 25 101 79 -1 79 78 -1 92 92 28 38 28 35 25 99 98 28 101 101 101 35 101 28 35 98 25 99 74 -1 101 92 92 25 79 79 79 77 28 98 99 98 79 101 101 79 101 79 79 75 28 92 98 25 25 79 25 25 -1 98 85 44 25 99 79 79 100 25 25 44 25 -1 101 45 28 79 77 -1 -1 99 -1 
44 44 44 49 54 39 49 39 -1 -1 86 54 8 53 56 81 54 46 58 8 39 86 81 101 49 101 44 39 44 8 49 58 81 49 44 44 49 46 49 -1 49 49 58 49 -1 44 9 46 49 -1 101 -1 9 52 -1 49 -1 56 -1 86 52 49 49 44 -1 101 54 101 86 86 49 49 12 46 49 44 81 58 19 44 81 -1 44 64 19 9 -1 49 19 54 44 54 52 8 45 64 9 39 44 49 49 -1 
60 84 60 93 30 97 49 53 29 -1 29 49 93 53 56 97 97 29 30 29 30 29 29 101 30 84 93 80 60 -1 -1 97 30 49 84 84 84 30 97 51 53 29 46 41 29 41 9 46 84 30 92 9 -1 -1 30 30 9 56 51 60 -1 53 84 97 51 101 85 93 30 45 30 41 29 46 49 96 32 97 29 85 53 93 44 93 -1 9 29 84 53 97 30 60 -1 -1 88 53 9 -1 60 84 41 93 
60 26 60 93 7 7 49 -1 52 52 80 71 80 -1 80 81 88 88 95 88 61 52 52 101 52 88 7 80 98 52 52 71 52 49 44 84 48 88 97 7 -1 40 88 41 26 88 88 88 26 41 92 52 -1 -1 7 52 52 56 52 80 52 13 26 26 83 73 79 71 7 88 40 7 52 7 80 70 61 80 70 26 -1 80 44 40 52 52 26 100 -1 97 52 88 52 52 88 7 52 52 7 84 41 41 
4 44 44 30 -1 4 51 5 51 51 71 -1 44 61 56 81 -1 25 58 44 4 86 81 101 30 16 44 20 11 44 4 11 30 11 44 44 48 30 4 51 71 51 44 51 -1 44 30 16 44 51 25 -1 30 7 -1 79 51 56 51 4 4 20 33 31 51 47 16 71 4 68 30 11 20 90 25 25 68 25 25 11 44 51 44 44 44 44 51 48 44 16 44 16 85 44 45 4 44 5 28 48 51 51 
79 24 24 24 30 30 49 79 93 85 24 79 93 53 24 24 79 85 24 96 30 86 24 49 -1 79 79 78 79 24 24 79 30 49 75 24 49 24 24 51 70 49 24 49 79 96 30 46 49 24 79 49 30 52 79 -1 79 79 24 24 24 49 37 79 51 49 79 24 79 79 24 24 24 24 24 70 70 49 70 -1 24 24 79 93 24 79 24 49 46 79 30 79 79 24 96 24 79 24 24 79 49 24 
95 14 22 24 39 39 57 39 51 -1 14 54 51 53 -1 81 54 96 58 96 39 86 14 57 14 96 51 39 51 51 46 58 81 51 51 51 51 46 57 -1 51 51 46 51 51 96 9 46 51 51 79 -1 9 52 51 79 -1 -1 51 14 52 39 14 96 51 57 79 101 79 96 96 14 96 14 51 96 79 58 39 57 14 51 51 64 52 9 51 51 46 54 51 96 52 51 96 14 -1 39 14 96 51 51 
38 79 38 38 79 56 -1 79 56 56 56 79 56 56 56 49 79 85 85 78 56 78 78 6 49 75 79 56 79 49 49 79 38 49 75 56 49 38 6 56 49 49 56 49 56 96 56 65 49 6 79 56 56 56 56 79 -1 -1 56 38 38 49 49 79 56 6 79 38 79 79 75 79 78 65 49 6 79 49 6 -1 56 56 56 78 49 79 56 49 56 79 49 38 79 79 96 56 56 38 79 75 49 23 
95 46 42 24 54 51 49 71 51 51 24 31 77 77 56 24 54 46 -1 51 72 72 42 101 18 77 51 51 31 51 24 -1 81 -1 42 42 77 24 97 51 71 49 -1 49 51 42 42 46 77 33 77 -1 51 52 51 24 51 56 -1 42 42 77 33 31 51 101 54 71 86 45 24 31 42 42 49 77 70 -1 77 31 77 51 51 64 42 18 51 100 46 97 49 63 72 24 45 18 51 77 46 77 77 18 
-1 10 -1 2 0 4 38 71 29 46 -1 28 80 80 10 24 91 22 24 29 4 22 2 38 10 35 10 80 0 22 4 71 38 28 35 2 48 3 0 5 71 71 2 71 28 35 10 46 10 24 28 86 60 80 4 24 14 38 42 -1 0 20 10 91 95 73 79 3 0 68 24 10 22 2 3 35 68 35 22 68 10 22 44 22 10 22 10 48 22 91 60 0 50 3 45 0 22 38 10 48 71 24 
-1 98 -1 2 0 4 38 98 52 52 98 28 90 53 95 97 91 22 95 52 4 22 2 38 3 35 90 90 0 52 52 28 38 90 35 2 84 3 0 5 53 52 2 52 90 90 98 98 84 90 98 52 -1 52 4 24 52 38 42 0 -1 20 98 90 95 73 79 3 0 68 90 90 22 2 3 35 68 97 90 68 53 22 90 90 52 52 22 84 53 97 -1 0 52 52 90 0 52 52 -1 84 52 93 
20 48 72 49 20 20 49 48 51 48 48 49 72 -1 48 49 54 72 101 76 -1 72 72 101 49 77 48 20 20 72 20 63 76 49 48 84 48 48 76 27 53 100 72 100 48 100 48 48 -1 48 99 49 53 13 20 49 39 49 77 20 20 -1 48 48 51 101 79 101 76 76 76 72 20 48 49 76 -1 48 27 48 27 76 48 53 48 48 48 100 53 97 49 20 72 48 88 20 72 77 48 48 -1 48 
91 -1 37 37 37 97 49 26 51 46 1 33 44 61 10 37 47 46 37 84 61 22 10 49 37 47 1 80 33 22 37 63 37 -1 44 63 48 -1 37 51 49 49 46 49 26 63 1 -1 1 33 98 49 84 26 33 37 14 49 33 10 98 48 -1 -1 51 47 47 37 69 63 37 10 22 10 37 47 61 48 22 26 10 22 44 63 1 37 10 48 46 47 49 63 84 26 63 14 63 63 1 48 49 48 
91 26 45 62 91 97 97 26 93 96 26 31 44 53 26 97 91 91 58 44 61 86 86 97 62 45 -1 83 31 45 90 -1 97 62 44 45 48 62 97 97 45 45 45 45 26 -1 26 62 26 45 79 44 97 26 31 79 96 79 31 91 90 48 -1 -1 83 62 79 71 69 45 45 31 71 26 44 96 61 97 83 26 26 83 44 45 26 44 26 48 45 97 45 -1 97 26 45 26 45 -1 26 48 45 45 
95 51 51 93 54 51 51 95 51 51 86 54 51 83 95 81 54 83 95 83 51 86 81 101 51 83 51 51 51 51 51 58 81 51 51 51 51 51 95 51 83 51 58 51 51 83 51 51 51 51 101 -1 51 83 51 51 51 56 51 95 95 51 51 83 -1 101 54 101 86 83 83 83 83 95 51 51 81 58 83 51 81 51 51 -1 83 51 51 51 83 54 95 83 52 83 83 -1 51 51 95 51 51 51 
38 47 73 38 38 73 -1 73 101 47 73 49 101 73 73 49 47 47 101 78 78 73 73 6 49 101 73 78 101 101 47 63 38 49 75 73 101 47 6 101 101 101 47 101 90 90 47 -1 101 6 101 101 101 73 47 49 57 6 101 73 73 101 47 62 101 -1 47 101 38 90 75 73 47 -1 49 6 38 101 6 57 73 101 90 78 101 101 73 101 47 47 73 47 101 101 88 73 75 38 47 75 101 -1 
79 79 35 74 54 54 79 79 54 85 79 79 54 79 79 79 -1 25 85 96 54 86 25 79 79 16 79 78 79 96 47 79 79 79 35 25 79 47 79 54 79 79 35 79 54 96 47 16 79 54 79 54 85 79 16 79 79 79 54 79 79 79 47 79 54 47 -1 79 79 79 75 79 25 47 25 25 79 25 25 -1 85 85 54 25 35 79 79 79 25 16 54 16 79 79 96 79 79 89 79 79 77 25 
38 71 3 -1 30 71 38 71 93 101 71 71 72 71 71 24 101 72 101 38 72 72 3 101 3 101 71 72 71 71 24 71 38 71 35 3 101 3 3 101 71 71 3 71 101 71 37 101 101 24 101 101 93 71 71 24 101 38 71 3 3 101 37 71 101 101 79 -1 38 71 24 -1 71 3 3 101 38 101 101 71 71 93 101 71 101 101 24 100 71 97 71 38 72 3 71 71 71 38 71 101 71 -1 
-1 79 59 38 -1 4 38 5 86 85 86 79 44 76 86 86 54 85 85 76 4 86 86 38 86 79 79 20 0 86 4 79 76 79 44 69 76 86 0 5 76 69 46 69 28 69 30 46 76 30 79 86 30 7 4 79 79 79 86 0 0 76 69 69 86 38 79 38 -1 -1 76 69 20 86 38 76 -1 76 76 -1 86 76 44 69 52 79 -1 100 69 54 30 0 79 79 69 0 79 5 28 79 76 79 
68 63 45 45 68 68 49 71 45 96 71 71 45 76 71 83 45 83 85 83 68 86 86 101 86 45 63 68 68 45 68 63 76 49 45 45 49 63 68 68 45 45 45 45 45 -1 88 63 49 45 79 86 45 88 68 79 96 79 45 68 68 76 63 45 83 90 79 71 -1 -1 76 45 71 90 45 96 68 45 83 68 71 83 45 45 45 79 68 100 45 97 45 63 72 83 45 68 45 63 68 79 45 45 
76 24 24 24 30 30 75 53 78 96 24 71 93 53 24 24 75 75 24 78 76 78 78 75 -1 75 86 78 71 41 24 71 76 49 75 75 49 24 24 78 -1 40 24 41 75 41 30 46 49 24 75 49 30 40 30 24 96 75 24 24 90 76 37 45 83 75 75 24 76 76 -1 40 71 24 24 -1 -1 75 -1 55 24 24 75 40 78 24 24 100 53 75 78 75 52 24 45 24 75 24 24 75 41 24 
28 10 22 67 7 7 49 -1 41 96 -1 -1 72 53 10 24 54 72 24 41 72 72 10 101 10 45 7 72 11 41 24 -1 30 11 45 45 48 24 67 7 -1 -1 72 41 26 -1 10 46 10 41 28 49 41 7 11 24 14 79 31 10 90 72 10 31 83 73 79 -1 69 45 40 -1 -1 7 49 70 70 58 22 11 10 22 44 40 10 72 10 100 45 54 45 63 72 24 45 7 45 7 7 100 41 41 
20 22 22 22 20 20 78 71 12 46 22 71 -1 61 22 81 25 -1 58 29 -1 -1 -1 78 22 17 44 20 44 -1 20 71 29 58 42 42 61 46 20 27 71 29 -1 41 12 71 17 46 61 41 92 12 29 52 20 24 96 78 42 22 22 20 22 71 83 47 25 71 20 71 71 -1 -1 22 12 25 61 12 22 71 12 22 44 17 29 17 21 100 17 25 44 17 -1 12 71 71 17 52 22 92 41 25 
59 10 -1 2 7 7 65 -1 29 46 -1 71 80 53 10 24 47 46 24 88 7 22 2 65 10 35 7 80 90 22 46 71 46 90 35 2 48 46 3 7 53 71 2 71 90 90 -1 46 10 90 98 46 46 7 90 24 14 65 42 2 2 48 10 26 95 -1 47 3 86 90 24 7 22 -1 3 65 46 35 90 26 10 22 90 46 10 46 10 48 46 47 -1 46 52 3 88 7 46 7 7 48 71 65 
38 49 3 -1 49 49 49 44 12 51 24 49 -1 61 24 24 25 25 24 12 72 72 3 49 3 -1 44 78 44 12 49 49 38 49 35 25 49 3 3 51 49 49 3 49 12 35 25 25 49 -1 25 49 49 80 25 24 51 49 49 3 3 49 37 44 51 49 25 3 38 45 24 49 12 3 -1 25 38 12 25 50 12 51 44 25 35 25 24 49 25 25 49 25 50 3 45 90 25 38 50 49 49 25 
38 99 35 38 38 96 -1 44 96 96 70 96 44 70 96 70 25 25 70 96 72 25 25 6 70 -1 44 78 44 96 49 71 38 49 -1 25 99 70 6 96 70 49 35 49 34 96 25 25 99 6 25 44 96 70 25 70 96 6 77 35 35 76 47 96 51 6 25 101 76 96 -1 70 25 65 25 -1 70 25 6 96 44 25 44 25 99 25 70 100 25 25 44 25 50 70 96 38 -1 38 50 -1 99 25 
68 61 38 38 68 68 38 61 32 46 70 79 32 61 70 70 68 46 70 32 61 86 78 38 70 75 61 61 68 32 32 71 -1 49 75 44 61 70 32 61 70 70 46 70 32 69 32 46 61 32 79 81 32 61 68 70 79 79 70 68 68 -1 61 61 81 38 79 38 -1 68 -1 70 61 46 38 70 -1 61 70 68 81 32 44 32 32 79 68 100 32 97 32 68 52 70 69 68 32 38 46 61 61 61 
97 48 35 74 97 97 49 48 12 58 48 58 -1 61 48 97 25 25 58 12 61 72 25 101 49 -1 48 78 44 12 49 58 97 58 35 25 48 46 97 58 100 100 58 100 12 35 25 25 -1 48 25 58 97 80 25 49 58 49 -1 35 97 48 48 97 58 101 25 101 76 45 75 58 12 35 12 25 61 -1 25 48 12 58 44 25 48 25 48 100 25 97 44 25 50 12 45 58 25 -1 48 48 -1 25 
38 22 22 22 27 39 -1 90 19 96 22 44 19 61 22 70 25 22 70 -1 27 22 -1 6 70 -1 44 -1 44 19 90 71 19 49 35 25 49 70 6 27 70 29 22 41 19 83 22 25 49 6 25 19 29 70 25 70 39 6 77 22 90 27 22 83 83 6 25 101 76 83 -1 22 22 90 25 6 70 25 -1 50 27 22 44 -1 19 22 22 100 19 25 -1 22 50 83 83 90 19 38 22 50 77 25 
68 26 44 55 68 26 57 26 93 85 26 -1 44 53 57 55 66 85 85 96 68 86 85 57 55 50 -1 57 11 96 55 11 76 11 44 44 48 55 57 57 71 71 44 71 26 96 26 66 26 33 -1 44 85 26 11 -1 57 -1 31 68 68 48 26 26 51 57 -1 71 -1 68 55 11 71 26 50 96 68 48 50 -1 85 85 44 85 26 -1 26 48 85 66 44 63 50 26 96 26 -1 63 50 50 99 50 
59 10 22 24 27 39 78 53 12 53 -1 71 -1 53 10 81 54 22 24 12 27 22 10 78 10 74 10 -1 44 12 24 71 81 49 44 44 48 24 81 27 53 53 72 53 12 71 10 46 10 24 98 81 53 -1 44 24 14 56 77 10 53 27 10 26 81 73 85 71 86 71 24 10 12 10 12 44 81 12 27 85 -1 -1 44 81 10 81 10 100 53 97 44 22 53 12 88 14 19 53 10 48 77 81 
38 22 22 93 32 51 38 80 51 51 22 54 80 80 22 -1 54 22 85 32 72 22 -1 101 15 22 93 80 51 22 32 58 -1 51 51 22 51 24 32 51 83 29 22 41 51 83 22 46 51 51 85 -1 93 80 51 24 51 56 51 22 22 76 22 83 51 101 85 93 76 83 24 22 22 22 51 25 32 58 22 85 -1 -1 51 -1 32 -1 22 51 83 97 32 22 85 -1 83 64 22 15 22 51 41 51 
44 44 44 44 54 44 51 44 44 51 44 44 44 53 56 81 54 85 85 44 54 72 44 101 51 44 44 51 44 44 90 44 44 44 44 44 48 44 44 51 83 44 44 44 -1 44 44 54 44 51 44 44 44 44 44 79 51 56 51 44 90 48 44 44 51 90 54 101 44 45 75 44 44 90 44 44 44 44 44 44 44 51 -1 44 44 44 44 48 44 54 44 44 85 44 45 90 44 63 44 48 77 51 
91 46 22 93 32 53 78 53 19 46 22 71 93 53 95 81 25 -1 85 -1 72 22 17 78 93 17 93 78 44 19 32 63 19 49 44 45 84 46 32 64 -1 40 45 41 19 -1 17 46 84 41 25 64 93 40 44 93 64 78 64 22 90 53 63 45 -1 78 25 71 69 45 40 40 17 46 25 25 32 25 -1 85 81 -1 44 -1 19 17 22 100 -1 25 45 17 72 -1 45 64 17 63 46 84 41 93 
60 -1 35 35 52 97 49 26 19 52 1 44 19 53 10 97 35 35 101 -1 61 22 10 101 10 35 1 78 44 19 52 58 19 49 35 -1 48 46 32 51 53 29 35 41 19 35 1 46 -1 48 99 19 -1 52 44 24 52 49 42 10 52 48 1 26 83 101 35 101 52 45 78 10 29 10 35 99 32 48 19 26 10 32 44 19 -1 44 10 48 19 97 44 35 52 52 45 14 19 52 1 -1 99 48 
44 44 22 24 54 44 79 44 44 -1 22 79 44 53 56 81 25 -1 -1 44 72 22 17 101 18 17 44 81 44 22 24 58 81 58 44 44 48 24 81 51 83 101 44 101 -1 44 9 46 44 24 79 9 9 52 44 79 9 79 18 22 52 48 37 44 51 101 79 101 79 79 24 72 17 46 25 25 79 25 22 -1 81 -1 44 17 44 -1 22 48 17 25 44 17 -1 81 88 18 9 52 44 79 77 18 
68 10 22 24 68 26 49 26 51 51 -1 54 44 53 10 24 54 22 24 29 68 -1 -1 101 -1 22 -1 51 44 22 24 58 30 49 44 22 48 24 24 51 70 29 22 41 26 63 10 46 26 24 79 -1 29 26 51 24 51 56 51 10 22 48 10 26 51 73 79 24 -1 68 24 10 21 10 24 70 68 48 22 26 10 22 44 22 10 22 -1 48 22 54 30 22 72 24 63 14 22 24 10 48 41 51 
100 48 84 49 100 100 49 48 100 48 48 100 100 100 48 100 100 100 100 84 100 86 100 101 49 100 48 100 100 100 49 100 100 49 100 84 -1 48 100 51 100 100 100 100 48 100 48 48 36 48 100 49 84 100 48 49 51 49 100 48 84 100 48 48 51 101 79 100 100 100 100 100 100 48 49 100 100 100 100 48 100 51 48 100 48 48 48 -1 100 100 49 63 100 48 100 48 100 100 48 100 -1 48 
91 46 22 46 46 53 78 53 19 46 22 71 19 53 22 83 25 -1 85 -1 72 22 17 78 46 17 44 78 44 19 46 63 19 49 44 45 48 46 32 51 53 45 46 45 19 -1 -1 46 46 45 25 19 53 -1 44 46 46 56 46 22 53 53 46 45 83 47 25 71 69 45 53 45 17 46 25 25 32 25 19 85 53 83 44 -1 19 17 22 100 -1 25 45 17 53 83 -1 53 17 53 46 84 45 25 
91 47 35 97 54 97 97 97 54 97 97 54 97 97 56 97 -1 25 97 54 54 25 25 97 97 16 97 78 50 97 97 97 97 54 35 25 97 47 97 97 97 97 35 97 54 97 47 16 97 54 25 54 97 97 16 79 54 79 97 91 97 97 47 97 54 47 16 97 54 97 75 54 25 47 25 25 97 97 25 66 97 97 54 25 97 25 54 100 25 -1 54 16 97 97 97 91 25 -1 47 50 97 25 
60 44 60 30 30 30 49 73 44 46 73 44 44 53 95 30 54 46 95 44 30 78 78 49 30 78 44 78 44 44 -1 63 30 49 44 44 49 30 32 51 45 45 44 45 -1 -1 30 46 49 -1 44 44 30 52 44 30 51 49 49 60 -1 49 49 45 95 73 54 71 30 45 78 45 44 -1 49 44 32 44 -1 44 44 32 44 45 44 44 30 49 45 54 -1 60 52 30 45 -1 45 52 60 49 45 45 
-1 46 22 38 0 4 38 63 29 46 22 28 72 88 95 97 -1 -1 85 83 4 22 17 38 22 16 63 20 0 22 4 63 38 63 35 25 63 46 0 5 83 63 46 63 28 63 17 16 63 30 25 54 60 88 16 79 96 38 63 0 0 20 63 -1 83 47 16 38 0 63 75 63 17 46 25 25 68 25 22 63 22 22 44 17 35 17 22 63 17 16 60 -1 72 63 63 0 17 63 28 50 63 25 
50 84 60 93 52 97 52 53 52 52 72 50 72 53 56 85 50 72 85 52 72 72 72 101 52 50 79 72 50 52 52 72 52 50 85 50 84 52 97 52 53 52 72 52 85 72 52 50 84 52 -1 52 -1 52 85 79 52 79 72 50 52 72 84 97 52 101 79 72 79 72 52 72 -1 52 50 50 52 50 50 50 53 85 85 72 52 -1 72 100 53 97 52 72 -1 52 72 85 52 52 50 50 99 50 
38 26 3 -1 30 26 38 26 -1 52 24 79 -1 53 24 24 101 83 24 8 72 72 81 101 -1 101 -1 80 44 8 24 63 81 49 44 3 48 3 3 51 83 101 3 101 12 83 26 101 26 24 101 8 -1 52 44 24 51 79 24 3 52 48 26 26 83 101 79 3 79 83 24 24 12 3 3 70 70 12 83 26 12 -1 44 -1 52 81 24 48 83 97 30 63 52 -1 83 24 19 52 24 48 77 -1 
69 88 45 45 69 71 49 71 88 88 71 71 45 88 71 83 45 88 88 88 72 72 88 101 49 45 63 83 45 45 88 63 88 49 45 45 49 88 88 96 45 45 45 45 45 -1 88 88 49 45 45 45 88 88 45 96 96 96 45 45 90 88 63 45 83 88 96 71 69 45 45 45 71 88 45 96 69 45 83 96 88 83 45 45 45 88 63 100 -1 97 45 63 72 83 -1 90 45 63 88 84 45 45 
-1 14 59 24 0 7 38 -1 64 56 14 28 90 53 -1 24 91 83 -1 83 4 22 14 101 18 90 7 90 0 22 90 58 38 58 90 90 48 24 0 7 53 71 58 71 90 90 73 73 26 90 28 64 53 7 4 24 14 56 18 0 0 20 14 26 -1 73 79 71 0 68 24 7 71 7 90 38 68 58 90 26 14 64 90 64 14 18 14 48 53 91 -1 0 85 24 90 -1 56 7 7 48 71 18 
79 46 22 22 79 56 75 71 19 -1 22 79 19 53 56 75 25 -1 85 -1 72 22 17 75 75 17 79 56 44 19 32 63 19 79 75 45 79 46 32 56 45 45 45 45 19 -1 9 46 79 45 79 9 9 52 44 79 -1 56 51 22 52 72 63 45 51 75 79 71 79 45 75 45 17 46 25 -1 32 25 19 -1 19 22 44 17 19 9 22 100 17 25 45 17 52 19 45 56 -1 52 46 75 45 25 
38 63 38 38 5 -1 38 5 52 52 24 63 77 53 24 -1 89 77 24 38 5 52 52 38 15 77 63 39 38 52 52 63 38 63 63 63 77 24 -1 5 53 52 77 52 63 63 52 63 77 24 77 39 -1 52 5 24 39 38 77 38 52 77 63 -1 51 38 89 38 5 63 24 7 52 7 38 38 38 -1 38 63 53 15 63 63 52 52 24 100 53 -1 52 63 52 52 63 7 52 -1 7 77 77 77 
28 -1 60 24 7 7 38 -1 29 46 -1 28 44 53 10 24 47 46 24 44 7 22 10 101 10 50 1 80 -1 22 46 28 46 28 44 44 48 46 28 7 53 71 46 71 28 71 -1 46 1 24 -1 44 60 7 28 24 14 79 46 10 -1 48 1 26 95 47 79 71 28 68 24 7 22 7 50 50 46 48 22 50 10 22 44 46 1 44 10 48 46 47 60 28 50 24 88 7 46 7 -1 50 99 50 
50 48 84 49 49 48 75 48 84 84 48 50 77 61 48 49 50 50 101 84 61 86 48 75 49 50 48 61 50 84 49 50 84 49 75 84 48 48 75 51 75 100 84 100 48 84 48 48 -1 48 -1 49 84 84 48 79 96 75 77 48 84 48 48 48 51 75 79 101 79 79 75 100 92 48 49 -1 61 48 50 50 48 51 48 84 -1 79 48 100 84 50 49 50 50 48 84 48 75 77 50 -1 -1 48 
61 61 41 49 61 97 49 71 41 51 71 71 77 61 71 97 77 77 77 41 61 41 41 101 49 77 61 61 99 41 49 71 76 49 99 45 87 49 97 51 41 -1 77 41 77 41 49 77 61 41 99 49 41 41 51 49 51 49 77 71 52 -1 49 45 51 101 77 71 76 45 41 41 41 71 49 99 61 -1 77 99 77 41 77 41 99 77 41 -1 45 97 45 63 99 77 45 71 45 77 99 -1 -1 41 
50 48 35 67 54 51 23 48 51 51 24 50 93 61 56 24 25 25 -1 41 61 86 25 -1 18 -1 48 51 50 41 24 58 81 49 35 25 48 24 23 51 41 -1 35 41 51 41 25 65 -1 41 -1 -1 93 41 51 24 51 23 18 24 93 48 48 45 51 -1 25 -1 79 45 24 41 25 65 25 25 61 25 25 50 81 51 51 93 48 18 51 48 25 25 45 25 50 -1 45 18 25 77 50 48 41 -1 
