18
0 10
-1 -1 -1 2 -1 1 -1 1 1 -1 5 1 -1 9 2 -1 1 1 
-1 -1 0 16 0 -1 0 -1 -1 -1 5 -1 -1 8 8 -1 -1 -1 
-1 0 -1 -1 0 1 -1 -1 6 0 14 6 0 14 -1 -1 3 1 
2 16 -1 -1 -1 9 2 2 16 4 14 6 16 9 2 2 -1 16 
-1 0 0 -1 -1 9 -1 -1 6 -1 14 6 0 9 -1 0 3 1 
1 -1 1 9 9 -1 8 1 -1 -1 -1 1 1 8 8 1 1 1 
-1 0 -1 2 -1 8 -1 2 -1 0 11 -1 -1 8 2 0 -1 16 
1 -1 -1 2 -1 1 2 -1 1 -1 5 1 1 9 2 1 -1 1 
1 -1 6 16 6 -1 -1 1 -1 1 5 1 1 -1 -1 1 -1 1 
-1 -1 0 4 -1 -1 0 -1 1 -1 5 1 0 -1 4 0 -1 1 
5 5 14 14 14 -1 11 5 5 5 -1 -1 5 14 -1 11 14 -1 
1 -1 6 6 6 1 -1 1 1 1 -1 -1 1 8 10 -1 1 1 
-1 -1 0 16 0 1 -1 1 1 0 5 1 -1 -1 13 0 -1 1 
9 8 14 9 9 8 8 9 -1 -1 14 8 -1 -1 -1 8 8 8 
2 8 -1 2 -1 8 2 2 -1 4 -1 10 13 -1 -1 2 -1 10 
-1 -1 -1 2 0 1 0 1 1 0 11 -1 0 8 2 -1 -1 1 
1 -1 3 -1 3 1 -1 -1 -1 -1 14 1 -1 8 -1 -1 -1 -1 
1 -1 1 16 1 1 16 1 1 1 -1 1 1 8 10 1 -1 -1 
