87
20 28
-1 35 59 76 55 31 30 55 55 35 35 -1 35 55 76 71 78 71 83 35 35 60 55 72 60 59 35 59 60 59 -1 30 60 35 55 -1 35 55 55 55 31 60 55 36 55 55 55 36 30 60 60 35 60 55 30 -1 61 60 35 11 -1 60 61 55 35 60 60 60 78 63 55 30 35 36 63 30 -1 72 55 47 11 71 31 55 30 55 55 
35 -1 10 76 10 58 71 71 10 35 -1 35 -1 51 26 71 12 71 51 -1 33 51 26 51 27 29 -1 26 27 19 71 71 12 -1 27 -1 35 58 44 10 26 26 51 29 12 51 51 58 16 29 32 -1 58 51 59 35 19 16 -1 19 71 58 33 56 10 71 71 32 58 12 27 -1 33 26 12 51 -1 72 16 58 29 71 58 51 62 10 33 
59 10 -1 41 -1 59 54 59 10 59 4 59 64 68 41 59 64 59 21 4 33 -1 59 21 59 -1 59 59 54 25 54 59 70 10 29 59 43 68 64 4 68 21 25 21 39 59 59 21 64 29 49 21 59 25 25 39 64 64 59 -1 41 4 21 25 -1 21 74 43 -1 63 59 59 39 64 21 21 10 70 68 70 29 29 59 21 62 10 43 
76 76 41 -1 62 27 59 41 41 59 62 59 69 82 41 27 69 27 41 56 62 41 27 72 27 42 27 -1 27 34 76 60 34 62 27 72 76 69 27 42 41 -1 41 41 69 34 72 76 69 34 60 42 27 41 59 69 27 69 62 27 41 62 -1 69 56 41 60 60 41 -1 27 27 41 27 27 41 -1 34 69 70 60 27 69 41 62 82 62 
55 10 -1 62 -1 59 54 59 10 59 -1 59 10 68 10 56 64 59 21 -1 33 2 26 72 61 2 10 56 54 19 54 61 67 10 29 10 61 44 42 -1 14 21 39 21 39 55 72 61 67 29 61 10 59 25 39 39 19 61 61 2 61 -1 61 61 2 21 61 61 2 63 39 10 39 56 21 21 10 70 55 70 29 29 59 54 62 10 33 
31 58 59 27 59 -1 31 17 58 59 58 59 58 17 17 17 78 -1 58 59 58 59 59 58 -1 59 27 24 24 59 31 -1 52 58 27 58 58 58 24 58 31 60 38 59 58 59 17 58 78 40 52 58 -1 17 59 78 27 46 -1 -1 24 58 61 58 38 60 60 78 78 82 59 17 46 38 52 17 58 82 -1 58 52 17 -1 59 31 52 17 
30 71 54 59 54 31 -1 75 71 59 54 30 48 75 75 71 48 71 75 59 51 75 59 72 54 54 59 59 54 54 -1 30 67 54 67 30 67 40 75 54 31 67 75 67 54 59 57 67 -1 67 67 48 78 54 -1 30 67 48 67 54 67 67 67 54 48 67 67 -1 67 48 54 30 54 67 75 -1 30 67 67 70 67 71 75 54 30 71 67 
55 71 59 41 59 17 75 -1 14 59 14 59 71 17 -1 17 51 -1 51 59 51 75 45 51 17 59 14 59 59 59 71 71 45 14 45 59 76 40 17 55 14 14 75 59 14 -1 17 51 75 40 71 45 17 17 59 45 14 46 17 -1 71 71 75 55 59 71 71 71 17 41 59 -1 41 26 17 -1 14 45 17 70 59 17 17 55 40 14 45 
55 10 10 41 10 58 71 14 -1 35 -1 55 44 44 -1 71 44 71 41 56 33 41 26 72 44 33 14 56 44 33 71 71 44 -1 56 10 61 44 44 44 14 14 41 33 -1 14 71 58 44 33 71 10 85 33 44 44 -1 44 44 14 71 56 33 56 10 71 71 61 44 44 44 -1 33 56 56 14 14 56 55 70 33 71 85 55 40 -1 33 
35 35 59 59 59 59 59 59 35 -1 35 59 35 51 59 59 51 59 51 59 51 51 51 51 59 59 35 59 59 59 35 59 70 35 51 -1 35 72 51 51 59 51 51 36 70 51 51 36 51 59 72 -1 59 51 59 35 59 51 35 -1 35 36 35 59 51 51 60 43 59 51 59 35 35 36 35 51 35 70 51 70 59 59 59 51 35 59 51 
35 -1 4 62 -1 58 54 14 -1 35 -1 35 1 64 8 71 64 71 51 1 33 4 26 72 64 64 1 26 54 33 71 71 12 -1 33 1 35 44 64 4 14 14 39 33 8 51 72 58 64 33 72 1 85 64 39 39 8 64 1 4 61 4 33 56 -1 21 61 61 4 12 39 1 33 26 12 14 1 72 64 58 33 33 85 51 62 8 33 
-1 35 59 59 59 59 30 59 55 59 35 -1 35 59 59 59 59 59 59 59 59 59 59 72 59 59 59 59 59 59 0 30 70 59 59 0 35 55 55 55 31 60 59 59 55 59 59 36 30 59 80 59 59 59 59 0 59 80 59 -1 0 60 59 55 59 60 60 60 59 59 59 30 35 70 59 59 0 70 55 70 -1 59 59 55 30 59 80 
35 -1 64 69 10 58 48 71 44 35 1 35 -1 44 26 74 -1 71 51 1 33 74 26 51 44 64 1 26 44 19 71 71 -1 1 32 1 35 44 44 44 74 69 44 67 -1 34 57 58 16 32 32 1 74 49 44 44 74 16 1 19 50 58 33 69 16 74 74 32 44 -1 32 1 33 26 -1 74 1 34 16 70 50 71 69 55 74 44 33 
55 51 68 82 68 17 75 17 44 51 64 59 44 -1 17 17 51 -1 53 59 51 75 45 53 38 53 45 17 38 45 71 17 45 86 45 51 68 68 -1 42 53 42 38 68 38 -1 17 53 75 53 53 45 17 -1 53 45 45 46 17 45 38 56 75 53 38 75 60 68 -1 82 86 17 46 38 17 -1 17 82 68 86 86 17 -1 53 53 82 -1 
76 26 41 41 10 17 75 -1 -1 59 8 59 26 17 -1 17 26 7 41 26 33 41 26 72 27 42 -1 26 27 33 40 40 49 8 27 26 76 40 42 42 -1 -1 41 41 8 7 17 76 67 40 49 26 74 49 59 44 8 46 26 7 41 56 33 40 10 41 60 60 40 41 27 7 41 26 40 7 -1 72 17 70 60 17 85 41 40 8 33 
71 71 59 27 56 17 71 17 71 59 71 59 74 17 17 -1 74 -1 74 56 71 74 27 72 27 59 27 -1 27 34 71 71 34 71 27 71 61 74 17 70 74 27 38 74 70 17 17 58 71 74 71 71 74 17 59 74 27 46 17 27 71 56 27 74 56 71 74 71 17 27 27 -1 46 27 -1 17 27 34 17 70 71 17 17 59 71 71 17 
78 12 64 69 64 78 48 51 44 51 64 59 -1 51 26 74 -1 57 51 12 51 51 51 51 64 64 12 64 54 64 48 78 12 12 32 12 35 44 64 44 74 51 51 67 12 51 57 51 -1 32 57 -1 78 51 48 78 64 -1 12 51 57 64 69 69 -1 51 74 48 78 -1 32 12 57 64 12 48 12 82 -1 51 57 57 69 51 48 78 51 
71 71 59 27 59 -1 71 -1 71 59 71 59 71 -1 7 -1 57 -1 53 59 51 74 45 72 5 53 14 15 24 81 71 5 34 71 27 71 58 58 13 72 14 14 38 68 38 7 -1 58 57 53 52 45 5 13 59 45 27 46 5 5 71 58 27 74 38 71 71 71 13 82 27 -1 46 38 15 7 14 81 5 58 71 -1 5 53 71 52 13 
83 51 21 41 21 58 75 51 41 51 51 59 51 53 41 74 51 53 -1 51 51 -1 51 -1 42 42 51 41 83 42 71 53 53 51 51 47 47 58 42 42 53 21 -1 21 42 51 51 -1 51 53 53 -1 74 -1 83 83 74 51 47 21 41 47 21 42 21 21 74 43 21 51 42 51 23 42 21 21 47 72 51 47 86 42 53 -1 62 74 51 
35 -1 4 56 -1 59 59 59 56 59 1 59 1 59 26 56 12 59 51 -1 33 4 26 51 56 29 1 56 59 -1 71 59 12 1 29 1 35 58 64 4 49 21 29 29 12 59 59 58 16 29 49 1 59 29 59 39 -1 16 1 -1 61 4 33 56 56 21 74 43 4 12 59 1 33 56 56 59 1 34 59 70 29 29 59 59 49 56 33 
35 33 33 62 33 58 51 51 33 51 33 59 33 51 33 71 51 51 51 33 -1 51 51 51 51 33 33 33 51 33 71 71 33 -1 33 33 35 72 51 51 33 51 51 33 33 51 51 51 51 33 72 -1 51 51 33 51 33 51 33 33 51 62 33 33 33 51 60 43 43 51 72 33 33 33 33 51 33 72 51 51 33 33 51 51 62 33 33 
60 51 -1 41 2 59 75 75 41 51 4 59 74 75 41 74 51 74 -1 4 51 -1 41 18 60 2 41 41 54 43 75 60 67 62 43 43 43 68 42 4 74 -1 18 -1 74 51 72 18 67 43 60 18 74 18 25 74 74 51 47 2 41 62 -1 74 2 -1 74 43 2 41 59 60 41 43 -1 -1 41 72 67 47 43 43 75 18 62 74 43 
55 26 59 27 26 59 59 45 26 51 26 59 26 45 26 27 51 45 51 26 51 41 -1 51 27 59 -1 26 27 45 55 40 45 26 45 26 73 40 45 55 26 26 51 86 55 -1 45 51 51 40 45 45 46 45 59 45 27 46 26 45 27 56 27 55 26 41 60 45 45 26 27 26 46 26 26 45 26 45 55 70 86 45 45 55 40 26 45 
72 51 21 72 72 58 72 51 72 51 72 72 51 53 72 72 51 72 -1 51 51 18 51 -1 42 42 51 72 72 72 72 72 72 72 77 72 47 72 42 72 72 72 18 21 72 51 72 18 51 53 72 18 72 18 72 72 72 72 47 72 72 47 21 72 21 21 72 43 72 51 72 51 -1 72 21 21 47 72 51 47 72 77 77 18 62 72 51 
60 27 59 27 61 -1 54 17 44 59 64 59 44 38 27 27 64 5 42 56 51 60 27 42 -1 42 27 -1 -1 34 31 5 34 27 27 60 61 44 -1 42 31 60 38 67 38 34 17 58 67 60 60 42 5 38 28 44 27 60 5 5 -1 60 27 56 38 60 60 60 38 27 27 60 60 38 27 38 27 34 5 70 60 17 5 54 31 52 38 
59 29 -1 42 2 59 54 59 33 59 64 59 64 53 42 59 64 53 42 29 33 2 59 42 42 -1 59 59 54 -1 54 59 34 29 29 59 43 63 42 42 49 42 -1 29 42 59 59 42 54 29 49 42 59 -1 -1 63 63 64 59 -1 42 63 21 -1 -1 21 74 43 2 63 59 59 33 42 63 42 29 34 59 70 29 29 53 54 49 33 33 
35 -1 59 27 10 27 59 14 14 35 1 59 1 45 -1 27 12 14 51 1 33 41 -1 51 27 59 -1 -1 27 19 71 40 12 1 27 1 73 40 73 70 14 14 41 73 12 22 45 58 16 40 32 1 27 45 59 45 27 16 1 27 27 56 27 56 10 41 60 32 40 12 27 1 33 -1 12 14 1 34 16 70 29 71 27 51 40 14 33 
59 26 59 -1 56 24 59 59 56 59 26 59 26 17 26 -1 64 15 41 56 33 41 26 72 -1 59 -1 -1 24 34 71 24 34 26 -1 26 61 63 24 70 26 3 38 34 70 34 17 79 59 34 34 26 24 59 59 45 -1 46 24 -1 24 56 3 56 56 60 60 34 59 3 -1 15 70 26 15 59 3 34 24 70 34 17 24 59 62 56 70 
60 27 54 27 54 24 54 59 44 59 54 59 44 38 27 27 54 24 83 59 51 54 27 72 -1 54 27 24 -1 54 54 24 34 54 27 59 61 44 24 54 31 60 38 54 38 59 24 58 54 54 60 42 24 54 -1 54 27 60 24 54 24 60 27 54 38 60 60 54 38 27 27 60 54 38 27 54 27 34 24 70 60 24 24 54 54 52 38 
59 19 25 34 19 59 54 59 33 59 33 59 19 45 33 34 64 81 42 -1 33 43 45 72 34 -1 19 34 54 -1 81 49 34 -1 -1 19 43 49 42 19 49 42 25 -1 33 34 45 43 67 -1 49 19 50 25 25 45 19 50 19 -1 80 19 33 25 25 43 80 43 43 63 59 81 33 43 43 42 19 34 59 70 -1 -1 59 54 49 33 33 
-1 71 54 76 54 31 -1 71 71 35 71 0 71 71 40 71 48 71 71 71 71 75 55 72 31 54 71 71 54 81 -1 -1 67 71 55 0 35 40 31 54 31 60 75 67 55 55 71 36 6 40 60 71 31 49 6 0 71 48 31 11 0 60 84 55 48 60 60 6 40 48 54 -1 35 36 40 6 0 81 31 47 11 71 31 54 -1 71 55 
30 71 59 60 61 -1 30 71 71 59 71 30 71 17 40 71 78 5 53 59 71 60 40 72 5 59 40 24 24 49 -1 -1 49 71 27 30 61 40 24 44 -1 60 60 67 40 59 17 58 30 40 60 71 5 49 30 30 61 60 5 5 -1 60 61 40 38 60 60 60 40 82 59 -1 40 38 40 30 30 81 5 58 60 71 5 54 30 52 80 
60 12 70 34 67 52 67 45 44 70 12 70 -1 45 49 34 12 34 53 12 33 67 45 72 34 34 12 34 34 34 67 49 -1 12 -1 12 67 44 44 70 49 60 70 67 12 34 45 79 67 -1 -1 12 50 49 67 44 34 50 12 70 50 67 67 56 16 60 60 -1 67 12 -1 12 50 70 12 67 12 34 67 70 50 34 69 53 49 52 70 
35 -1 10 62 10 58 54 14 -1 35 -1 59 1 86 8 71 12 71 51 1 -1 62 26 72 27 29 1 26 54 -1 71 71 12 -1 29 1 35 72 44 72 14 72 29 29 8 86 72 58 16 29 72 1 72 29 29 44 8 72 1 29 62 62 -1 29 10 62 62 43 43 12 72 1 -1 26 12 62 1 72 16 72 29 29 77 51 62 8 -1 
55 27 29 27 29 27 67 45 56 51 33 59 32 45 27 27 32 27 51 29 33 43 45 77 27 29 27 -1 27 -1 55 27 -1 29 -1 77 43 63 27 55 49 27 29 29 32 -1 45 43 67 29 32 45 46 29 29 45 -1 46 61 27 27 56 27 56 56 43 74 32 43 27 27 27 77 56 56 45 27 -1 55 70 29 29 77 55 49 56 45 
-1 -1 59 72 10 58 30 59 10 -1 1 0 1 51 26 71 12 71 47 1 33 43 26 72 60 59 1 26 59 19 0 30 12 1 77 -1 -1 72 73 72 72 72 51 36 12 51 72 36 16 72 72 1 72 47 59 0 19 72 1 9 0 36 33 55 10 60 60 43 43 12 72 1 -1 36 12 30 0 72 55 47 11 71 77 55 30 10 33 
35 35 43 76 61 58 67 76 61 35 35 35 35 68 76 61 35 58 47 35 35 43 73 47 61 43 73 61 61 43 35 61 67 35 43 -1 -1 58 73 61 76 43 47 -1 58 86 72 -1 67 43 61 35 58 47 43 35 61 61 47 35 61 -1 61 61 61 43 61 43 43 63 73 35 35 -1 43 43 -1 72 67 47 43 43 58 47 62 61 43 
55 58 68 69 44 58 40 40 44 72 44 55 44 68 40 74 44 58 58 58 72 68 40 72 44 63 40 63 44 49 40 40 44 72 63 72 58 -1 44 44 -1 72 44 68 -1 55 72 58 44 40 72 58 58 49 44 44 63 72 -1 58 40 58 61 -1 44 60 74 61 -1 63 44 40 -1 44 40 68 40 72 68 58 72 77 58 55 40 44 68 
55 44 64 27 42 24 75 17 44 51 64 55 44 -1 42 17 64 13 42 64 51 42 45 42 -1 42 73 24 24 42 31 24 44 44 27 73 73 44 -1 42 44 42 -1 68 -1 13 17 42 64 53 60 42 24 13 28 44 64 64 44 24 24 58 27 42 -1 60 60 60 13 44 44 17 42 -1 44 13 73 70 24 70 60 17 13 42 44 44 13 
55 10 4 42 -1 58 54 55 44 51 4 55 44 42 42 70 44 72 42 4 51 4 55 72 42 42 70 70 54 19 54 44 70 72 55 72 61 44 42 -1 44 42 -1 86 -1 55 72 42 54 70 72 42 72 42 -1 -1 19 72 44 54 42 4 61 55 4 21 60 54 4 44 -1 44 -1 70 44 42 55 70 55 70 72 77 77 54 44 44 70 
31 26 68 41 14 31 31 14 14 59 14 31 74 53 -1 74 74 14 53 49 33 74 26 72 31 49 14 26 31 49 31 -1 49 14 49 72 76 -1 44 44 -1 14 41 49 37 14 72 58 31 -1 49 26 74 49 31 44 74 50 37 14 31 58 84 37 74 60 74 49 37 63 44 31 37 26 -1 14 14 72 31 58 49 49 31 53 -1 14 33 
60 26 21 -1 21 60 67 14 14 51 14 60 69 42 -1 27 51 14 21 21 51 -1 26 72 60 42 14 3 60 42 60 60 60 72 27 72 43 72 42 42 14 -1 -1 21 14 14 72 21 67 40 60 42 60 21 42 42 14 60 61 14 -1 60 3 42 21 21 60 60 21 3 72 60 -1 26 21 21 3 72 67 72 60 71 69 21 40 14 43 
55 51 25 41 39 38 75 75 41 51 39 59 44 38 41 38 51 38 -1 29 51 18 51 18 38 -1 41 38 38 25 75 60 70 29 29 51 47 44 -1 -1 41 -1 -1 21 38 51 51 18 51 29 60 -1 38 18 25 39 63 51 44 25 41 39 21 25 25 21 60 60 25 41 39 51 39 38 21 -1 41 70 51 47 29 29 38 18 41 41 51 
36 29 21 41 21 59 67 59 33 36 33 59 67 68 41 74 67 68 21 29 33 -1 86 21 67 29 73 34 54 -1 67 67 67 29 29 36 -1 68 68 86 49 21 21 -1 68 86 86 36 67 29 49 86 74 21 29 78 29 50 47 29 67 36 21 29 21 21 67 -1 -1 41 86 67 33 36 21 21 36 34 67 47 29 29 68 21 62 33 -1 
55 12 39 69 39 58 54 14 -1 70 8 55 -1 38 8 70 12 38 42 12 33 74 55 72 38 42 12 70 38 33 55 40 12 8 32 12 58 -1 -1 -1 37 14 38 68 -1 55 55 58 16 32 32 12 58 38 39 -1 8 16 -1 70 38 58 33 37 38 60 74 32 37 12 -1 8 37 38 12 38 12 70 55 70 86 71 38 55 40 8 70 
55 51 59 34 55 59 59 -1 14 51 51 59 34 -1 7 17 51 7 51 59 51 51 -1 51 34 59 22 34 59 34 55 59 34 86 -1 51 86 55 13 55 14 14 51 86 55 -1 -1 51 51 34 34 -1 46 13 59 -1 34 46 51 -1 55 56 86 55 38 51 60 34 13 51 59 7 46 26 52 7 14 34 55 70 86 17 13 55 40 52 -1 
55 51 59 72 72 17 57 17 71 51 72 59 57 17 17 17 57 -1 51 59 51 72 45 72 17 59 45 17 24 45 71 17 45 72 45 72 72 72 17 72 72 72 51 86 55 -1 -1 51 57 52 52 45 -1 17 59 45 45 -1 17 45 52 56 72 55 57 60 74 78 17 57 72 17 -1 72 52 17 17 72 52 72 52 17 17 55 71 52 45 
36 58 21 76 61 58 67 51 58 36 58 36 58 53 76 58 51 58 -1 58 51 18 51 18 58 42 58 79 58 43 36 58 79 58 43 36 -1 58 42 42 58 21 18 36 58 51 51 -1 51 53 53 18 58 18 83 58 61 51 -1 58 61 36 21 58 21 21 61 43 43 51 79 58 23 36 21 21 36 79 58 -1 43 43 58 18 58 58 43 
30 16 64 69 67 78 -1 75 44 51 64 30 16 75 67 71 -1 57 51 16 51 67 51 51 67 54 16 59 54 67 6 30 67 16 67 16 67 44 64 54 31 67 51 67 16 51 57 51 -1 67 57 16 78 51 6 78 64 16 67 54 67 67 67 67 16 67 67 -1 67 16 67 30 54 64 16 6 16 67 16 70 67 67 69 54 30 78 51 
60 29 29 34 29 40 67 40 33 59 33 59 32 53 40 74 32 53 53 29 33 43 40 53 60 29 40 34 54 -1 40 40 -1 29 29 72 43 40 53 70 -1 40 29 29 32 34 52 53 67 -1 -1 53 50 -1 29 44 29 50 40 29 50 60 33 29 29 60 60 32 40 32 32 40 50 70 40 53 40 34 52 70 29 29 53 53 40 52 33 
60 32 49 60 61 52 67 71 71 72 72 80 32 53 49 71 57 52 53 49 72 60 45 72 60 49 32 34 60 49 60 60 -1 72 32 72 61 72 60 72 49 60 60 49 32 34 52 53 57 -1 -1 57 -1 49 72 60 34 -1 52 49 -1 60 61 61 57 60 60 32 72 32 32 60 -1 70 52 53 60 72 52 70 -1 49 52 53 49 52 80 
35 -1 21 42 10 58 48 45 10 -1 1 59 1 45 26 71 -1 45 -1 1 -1 18 45 18 42 42 1 26 42 19 71 71 12 1 45 1 35 58 42 42 26 42 -1 86 12 -1 45 18 16 53 57 -1 46 18 42 45 19 16 1 9 42 58 21 42 16 21 60 48 45 16 86 1 23 26 12 42 1 45 16 47 86 71 45 18 62 10 -1 
60 58 59 27 59 -1 78 17 85 59 85 59 74 17 74 74 78 5 74 59 51 74 46 72 5 59 27 24 24 50 31 5 50 72 46 72 58 58 24 72 74 60 38 74 58 46 -1 58 78 50 -1 46 -1 50 59 78 74 46 5 5 50 58 74 74 74 60 74 78 78 74 50 17 46 74 -1 74 58 72 -1 58 50 17 5 78 74 -1 46 
55 51 25 41 25 17 54 17 33 51 64 59 49 -1 49 17 51 13 -1 29 51 18 45 18 38 -1 45 59 54 25 49 49 49 29 29 47 47 49 13 42 49 21 18 21 38 13 17 18 51 -1 49 18 50 -1 25 45 63 50 47 25 50 63 21 25 25 21 60 49 13 63 49 17 23 38 21 13 47 82 68 47 29 17 13 18 49 82 13 
30 59 25 59 39 59 -1 59 44 59 39 59 44 53 59 59 48 59 83 59 33 25 59 72 28 -1 59 59 -1 25 6 30 67 29 29 59 43 44 28 -1 31 42 25 29 39 59 59 83 6 29 72 42 59 25 -1 39 59 48 44 -1 28 39 25 25 25 25 60 6 25 63 39 30 39 70 63 6 30 70 55 70 29 29 59 -1 30 44 59 
-1 35 39 69 39 78 30 45 44 35 39 0 44 45 44 74 78 45 83 39 51 74 45 72 44 63 45 45 54 45 0 30 44 44 45 0 35 44 44 -1 44 42 39 78 -1 -1 45 58 78 44 60 45 78 45 39 -1 63 46 44 45 0 63 63 -1 44 60 60 78 78 63 39 30 39 44 63 42 0 45 -1 70 11 45 45 -1 30 44 45 
61 19 64 27 19 27 67 14 -1 59 8 59 74 45 8 27 64 27 74 -1 33 74 27 72 27 63 27 -1 27 19 71 61 34 8 -1 19 61 63 64 19 74 14 63 29 8 34 45 61 64 29 34 19 74 63 59 63 -1 64 61 19 61 -1 61 -1 -1 61 74 61 63 63 27 8 33 -1 -1 74 14 34 63 70 29 29 69 63 62 8 33 
60 16 64 69 61 46 48 46 44 51 64 80 16 46 46 46 -1 46 51 16 51 51 46 72 60 64 16 46 60 50 48 60 50 72 46 72 61 72 64 72 50 60 51 50 16 46 -1 51 16 50 -1 16 46 50 48 46 64 -1 16 46 50 60 61 69 16 60 60 48 78 16 50 46 46 64 16 46 16 72 16 70 50 46 69 51 50 52 46 
35 -1 59 62 61 -1 67 17 44 35 1 59 1 17 26 17 12 5 47 1 33 47 26 47 5 59 1 24 24 19 31 5 12 1 61 1 47 -1 44 44 37 61 44 47 -1 51 17 -1 67 40 52 1 5 47 44 44 61 16 -1 5 61 -1 61 37 10 61 61 61 37 12 44 1 37 26 12 17 1 70 5 47 61 17 5 47 40 44 33 
11 19 -1 27 2 -1 54 -1 14 -1 4 -1 19 45 7 27 51 5 21 -1 33 2 45 72 5 -1 27 -1 54 -1 11 5 70 29 27 9 35 58 24 54 14 14 25 29 70 -1 45 58 54 29 49 9 5 25 -1 45 19 46 5 -1 11 4 21 25 2 21 60 43 2 27 -1 7 70 70 21 7 11 70 5 70 11 29 5 54 30 52 45 
-1 71 41 41 61 24 67 71 71 35 61 0 50 38 41 71 57 71 41 61 51 41 27 72 -1 42 27 24 24 80 0 -1 50 62 27 0 61 40 24 42 31 -1 41 67 38 55 52 61 67 50 -1 42 50 50 28 0 61 50 61 11 -1 -1 61 61 38 -1 -1 -1 67 41 27 -1 41 38 66 41 0 72 67 61 -1 71 24 55 30 52 80 
60 58 4 62 -1 58 67 71 56 36 4 60 58 56 56 56 64 58 47 4 62 62 56 47 60 63 56 56 60 19 60 60 67 62 56 36 -1 58 58 4 58 60 39 36 58 56 56 36 67 60 60 58 58 63 39 63 -1 60 -1 4 -1 -1 -1 -1 56 60 60 -1 4 63 39 60 36 36 56 62 36 56 67 47 60 71 58 63 62 56 43 
61 33 21 -1 61 61 67 75 33 35 33 59 33 75 33 27 69 27 21 33 33 -1 27 21 27 21 27 3 27 33 84 61 67 -1 27 33 61 61 27 61 84 3 21 21 33 86 72 21 67 33 61 21 74 21 25 63 61 61 61 21 61 -1 -1 61 21 21 61 61 21 3 27 33 33 61 21 21 3 72 67 47 33 33 69 21 -1 33 33 
55 56 25 69 61 58 54 55 56 59 56 55 69 53 40 74 69 74 42 56 33 74 55 72 56 -1 56 56 54 25 55 40 56 29 56 55 61 -1 42 55 37 42 25 29 37 55 55 58 67 29 61 42 74 25 25 -1 -1 69 37 25 61 -1 61 -1 25 61 74 61 37 -1 44 56 37 56 -1 42 55 56 55 58 29 29 69 55 40 56 55 
35 10 -1 56 2 38 48 59 10 51 -1 59 16 38 10 56 -1 38 21 56 33 2 26 21 38 -1 10 56 38 25 48 38 16 10 56 10 61 44 -1 4 74 21 25 21 38 38 57 21 16 29 57 16 74 25 25 44 -1 16 10 2 38 56 21 25 -1 21 74 48 2 16 44 10 33 38 56 21 10 56 16 70 29 29 38 54 62 10 33 
60 71 21 41 21 60 67 71 71 51 21 60 74 75 41 71 51 71 21 21 51 -1 41 21 60 21 41 60 60 43 60 60 60 62 43 60 43 60 60 21 60 21 21 21 60 51 60 21 67 60 60 21 60 21 25 60 61 60 61 21 -1 60 21 61 21 -1 60 60 21 41 59 60 41 43 21 21 60 72 67 47 60 71 60 21 62 60 43 
60 71 74 60 61 60 67 71 71 60 61 60 74 60 60 74 74 71 74 74 60 74 60 72 60 74 60 60 60 80 60 60 60 62 74 60 61 74 60 60 74 60 60 67 74 60 74 61 67 60 60 60 74 60 60 60 74 60 61 60 -1 60 61 74 74 60 -1 60 67 74 60 60 60 74 -1 74 60 72 67 61 60 71 60 60 74 74 80 
60 32 43 60 61 78 -1 71 61 43 61 60 32 68 60 71 48 71 43 43 43 43 45 43 60 43 32 34 54 43 6 60 -1 43 32 43 43 61 60 54 49 60 60 -1 32 34 78 43 -1 32 32 48 78 49 6 78 61 48 61 43 -1 -1 61 61 48 60 60 -1 43 32 32 60 50 43 32 6 43 34 -1 70 60 43 78 54 30 78 43 
78 58 -1 41 2 78 67 17 44 59 4 59 44 -1 40 17 78 13 21 4 43 2 45 72 38 2 40 59 38 43 40 40 67 43 43 43 43 -1 13 4 37 21 25 -1 37 13 17 43 67 40 72 45 78 13 25 78 63 78 37 2 67 4 21 37 2 21 67 43 -1 63 44 17 37 38 21 13 43 72 -1 47 43 17 13 78 40 78 13 
63 12 63 -1 63 82 48 41 44 51 12 59 -1 82 41 27 -1 82 51 12 51 41 26 51 27 63 12 3 27 63 48 82 12 12 27 12 63 63 44 44 63 3 41 41 12 51 57 51 16 32 32 16 74 63 63 63 63 16 12 27 41 63 3 -1 16 41 74 32 63 -1 27 12 41 63 12 82 3 82 16 70 50 82 -1 63 62 82 51 
55 27 59 27 39 59 54 59 44 59 39 59 32 86 27 27 32 27 42 59 72 59 27 72 27 59 27 -1 27 59 54 59 -1 72 27 72 73 44 44 -1 44 72 39 86 -1 59 72 79 67 32 32 86 50 49 39 39 27 50 44 -1 27 39 27 44 44 59 60 32 44 27 -1 27 -1 -1 27 42 27 -1 55 -1 86 77 77 54 44 44 -1 
30 -1 59 27 10 17 30 -1 -1 35 1 30 1 17 7 -1 12 -1 51 1 33 60 26 51 60 59 1 15 60 81 -1 -1 12 1 27 1 35 40 17 44 31 60 51 67 8 7 17 58 30 40 60 1 17 17 30 30 8 46 1 7 -1 60 33 56 10 60 60 60 17 12 27 -1 33 26 15 7 1 81 17 58 60 -1 17 51 30 8 17 
35 33 39 41 39 46 54 41 33 35 33 35 33 46 41 46 57 46 23 33 33 41 46 -1 60 33 33 70 54 33 35 40 50 -1 77 -1 35 -1 42 -1 37 -1 39 33 37 46 -1 23 54 50 -1 23 46 23 39 39 33 46 37 70 41 36 33 37 33 41 60 50 37 41 -1 33 -1 70 40 41 33 -1 52 70 50 77 77 23 40 33 33 
36 26 64 27 56 38 67 26 56 36 26 70 26 38 26 27 64 38 42 56 33 43 26 72 38 42 -1 26 38 43 36 38 70 26 56 36 -1 44 -1 70 26 26 38 36 38 26 72 36 64 70 70 26 74 38 70 44 -1 64 26 70 38 36 61 56 38 43 74 43 38 63 -1 26 70 -1 56 38 36 70 38 70 86 77 38 42 40 56 70 
63 12 21 27 21 52 75 17 56 35 12 59 -1 17 40 -1 12 15 21 56 33 -1 26 21 27 63 12 15 27 43 40 40 12 12 56 12 43 40 44 44 -1 21 21 21 12 52 52 21 16 40 52 12 -1 21 63 63 -1 16 12 21 66 56 21 -1 56 21 -1 32 21 12 27 15 40 56 -1 21 12 56 52 47 52 17 52 21 40 52 43 
30 51 21 41 21 17 -1 -1 14 51 14 59 74 -1 7 17 48 7 21 59 51 -1 45 21 38 42 14 59 54 42 6 30 67 62 45 30 43 68 13 42 14 21 -1 21 38 7 17 21 6 53 53 42 74 13 6 42 74 46 17 7 41 62 21 42 21 21 74 6 13 82 42 7 41 38 21 -1 14 82 67 47 86 17 13 21 30 82 13 
-1 -1 10 -1 10 58 30 14 14 35 1 0 1 17 -1 27 12 14 47 1 33 41 26 47 27 29 1 3 27 19 0 30 12 1 27 0 -1 40 73 55 14 3 41 36 12 14 17 36 16 40 60 1 58 47 30 0 14 16 1 11 0 36 3 55 10 60 60 43 43 3 27 1 33 36 12 14 -1 34 55 47 11 71 69 55 30 14 33 
72 72 70 34 70 82 67 45 56 70 72 70 34 82 72 34 82 81 72 34 72 72 45 72 34 34 34 34 34 34 81 81 34 72 -1 72 72 72 70 70 72 72 70 34 70 34 72 79 67 34 72 45 72 82 70 45 34 72 70 70 72 56 72 56 56 72 72 34 72 82 -1 81 -1 70 56 82 34 -1 82 70 34 -1 -1 55 72 82 70 
55 16 68 69 55 -1 67 17 55 51 64 55 16 68 17 17 -1 5 51 59 51 67 55 51 5 59 16 24 24 59 31 5 67 16 55 55 67 68 24 55 31 67 51 67 55 55 52 58 16 52 52 16 -1 68 55 -1 63 16 5 5 67 67 67 55 16 67 67 -1 -1 16 55 17 52 38 52 67 55 82 -1 58 52 17 5 55 31 52 51 
47 58 70 70 70 58 70 70 70 70 58 70 70 86 70 70 51 58 47 70 51 47 70 47 70 70 70 70 70 70 47 58 70 72 70 47 47 58 70 70 58 72 47 47 70 70 72 -1 70 70 70 47 58 47 70 70 70 70 47 70 61 47 47 58 70 47 61 70 47 70 -1 58 70 70 47 47 47 70 58 -1 86 77 77 47 58 70 70 
11 29 29 60 29 52 67 59 33 59 33 -1 50 86 60 71 57 71 86 29 33 43 86 72 60 29 29 34 60 -1 11 60 50 29 29 11 43 72 60 72 49 60 29 29 86 86 52 43 67 29 -1 86 50 29 29 11 29 50 61 11 -1 60 33 29 29 60 60 60 43 50 86 60 50 86 52 86 11 34 52 86 -1 29 86 54 30 52 -1 
71 71 29 27 29 17 71 17 71 59 33 59 71 17 17 17 57 -1 42 29 33 43 45 77 17 29 71 17 24 -1 71 71 34 29 29 71 43 77 17 77 49 71 29 29 71 17 17 43 67 29 49 71 17 17 29 45 29 46 17 29 71 71 33 29 29 71 71 43 17 82 77 -1 77 77 17 17 71 -1 17 77 29 -1 77 54 71 71 17 
31 58 59 69 59 -1 75 17 85 59 85 59 69 -1 85 17 69 5 53 59 51 75 45 77 5 53 27 24 24 59 31 5 69 77 77 77 58 58 13 77 31 69 38 68 38 13 17 58 69 53 52 45 5 13 59 45 69 69 5 5 24 58 69 69 38 60 60 78 13 -1 77 17 77 38 52 13 69 -1 5 77 86 77 -1 53 31 -1 13 
55 51 21 41 54 59 54 55 55 51 51 55 55 53 41 59 51 53 -1 59 51 18 55 18 54 54 51 59 54 54 54 54 53 51 55 55 47 55 42 54 53 21 18 21 55 55 55 18 54 53 53 18 78 18 -1 -1 63 51 47 54 55 63 21 55 54 21 60 54 78 63 54 51 23 42 21 21 55 55 55 47 54 54 53 -1 54 55 51 
30 62 62 62 62 31 30 40 40 35 62 30 74 53 40 71 48 71 62 49 62 62 40 62 31 49 40 62 54 49 -1 30 49 62 49 30 62 40 44 44 -1 40 41 62 40 40 71 58 30 40 49 62 74 49 30 30 62 50 40 30 30 62 -1 40 62 62 74 30 40 62 44 30 40 40 40 30 30 72 31 58 30 71 31 54 -1 40 62 
55 10 10 82 10 52 71 14 -1 59 8 59 44 82 8 71 78 52 74 56 33 74 26 72 52 33 14 56 52 33 71 52 52 8 56 10 61 44 44 44 14 14 41 33 8 52 52 58 78 52 52 10 -1 82 44 44 8 52 44 52 52 56 33 56 10 60 74 78 78 82 44 8 33 56 52 82 14 82 52 70 52 71 -1 55 40 -1 33 
55 33 43 62 33 17 67 45 33 51 33 80 33 -1 33 17 51 13 51 33 33 43 45 51 38 33 33 70 38 33 55 80 70 -1 45 33 43 68 13 70 33 43 51 -1 70 -1 45 43 51 33 80 -1 46 13 59 45 33 46 33 45 80 43 33 55 33 43 80 43 13 51 -1 17 33 70 43 13 33 70 51 70 -1 17 13 51 62 33 -1 
