66
5 43
-1 32 32 41 39 53 20 -1 20 20 39 24 39 64 41 55 20 39 41 64 -1 24 24 24 -1 24 20 41 39 55 39 -1 31 24 41 60 26 39 20 -1 33 -1 20 44 24 25 7 41 31 20 20 24 20 39 41 31 32 20 64 7 39 31 25 41 -1 7 
32 -1 27 27 27 53 38 46 27 27 38 38 27 27 38 42 32 53 38 38 38 27 27 27 27 27 27 -1 42 58 39 32 -1 38 38 60 52 38 -1 32 38 27 -1 44 27 39 42 27 32 27 42 38 38 27 27 32 32 32 27 42 42 32 52 38 32 42 
32 27 -1 27 25 53 13 46 13 13 27 32 27 -1 27 46 32 53 23 64 41 27 23 -1 23 23 27 -1 46 58 39 32 -1 32 41 60 27 46 23 32 38 27 46 44 23 25 -1 46 32 27 46 23 62 27 13 23 32 23 -1 58 58 32 23 41 13 46 
41 27 27 -1 10 53 38 59 27 16 -1 38 27 27 38 59 10 53 38 10 59 27 59 27 27 10 19 -1 37 49 53 38 16 19 19 60 52 10 -1 10 38 27 59 59 59 25 27 16 59 10 59 38 38 27 27 38 38 59 27 -1 38 10 52 38 19 49 
39 27 25 10 -1 53 19 39 25 16 -1 25 -1 25 -1 37 10 39 25 10 39 25 25 25 25 -1 19 12 37 49 39 25 39 19 37 60 52 -1 10 -1 38 14 14 44 25 25 37 12 39 10 42 12 37 37 37 41 38 25 27 10 39 10 25 14 19 37 
53 53 53 53 53 -1 53 59 53 53 53 53 53 53 53 55 53 53 55 53 53 53 53 53 53 53 53 53 53 53 53 55 53 53 53 60 53 53 53 53 53 53 60 53 53 53 53 53 53 53 60 53 53 -1 53 53 53 53 53 53 53 53 53 53 53 53 
20 38 13 38 19 53 -1 59 -1 8 19 38 27 8 38 42 9 60 38 -1 -1 8 -1 8 22 23 19 8 37 49 33 20 57 19 19 60 52 19 -1 60 38 20 -1 44 22 62 42 41 59 -1 42 22 -1 49 8 60 38 -1 59 -1 -1 59 52 49 19 49 
-1 46 46 59 39 59 59 -1 59 20 59 24 47 64 41 46 47 64 41 64 0 24 59 46 0 24 20 41 46 59 64 0 64 64 41 60 26 46 59 0 59 0 46 59 59 64 -1 46 59 59 46 59 59 59 59 31 46 46 59 -1 39 59 25 41 -1 -1 
20 27 13 27 25 53 -1 59 -1 -1 16 24 27 -1 27 42 9 54 23 6 6 -1 6 -1 21 23 21 -1 37 49 53 24 13 19 54 60 26 19 6 60 38 21 6 44 22 25 13 16 54 6 9 54 6 27 -1 23 38 6 27 6 6 59 23 41 13 49 
20 27 13 16 16 53 8 20 -1 -1 16 33 27 8 38 50 -1 54 23 -1 -1 8 8 8 20 23 19 8 37 49 33 20 16 19 19 60 26 19 19 20 33 20 50 44 22 25 47 16 54 8 -1 38 8 27 8 41 32 50 27 20 8 16 23 41 19 20 
39 38 27 -1 -1 53 19 59 16 16 -1 38 4 64 4 63 -1 53 38 -1 16 49 19 25 25 4 19 3 37 49 33 61 16 19 19 60 26 4 -1 4 38 14 14 44 22 25 47 16 56 -1 16 38 38 49 34 38 38 19 27 3 19 -1 25 49 19 49 
24 38 32 38 25 53 38 24 24 33 38 -1 38 24 38 42 32 33 38 33 24 24 24 24 -1 24 24 24 33 49 33 -1 31 -1 33 60 52 33 -1 24 33 24 -1 44 24 25 42 46 31 -1 42 38 38 49 48 31 38 32 49 42 42 -1 25 49 24 49 
39 27 27 27 -1 53 27 47 27 27 4 38 -1 27 -1 42 47 53 38 10 41 27 51 25 25 4 27 -1 37 58 39 25 27 19 37 60 27 4 14 4 38 14 14 51 51 25 47 -1 54 10 42 -1 37 27 51 41 38 47 27 27 39 10 25 14 58 37 
64 27 -1 27 25 53 8 64 -1 8 64 24 27 -1 27 42 9 54 23 64 8 8 8 2 21 23 21 2 46 58 64 32 2 64 54 60 26 54 8 32 38 21 8 44 22 64 2 46 54 8 9 54 8 27 -1 23 32 8 2 8 8 32 23 41 -1 64 
41 38 27 38 -1 53 38 41 27 38 4 38 -1 27 -1 42 10 60 38 38 41 41 38 25 25 4 38 12 37 55 39 38 38 38 41 60 52 4 -1 4 38 -1 -1 44 38 25 42 12 56 63 42 12 38 27 41 41 38 38 27 42 41 63 25 -1 38 63 
55 42 46 59 37 55 42 46 42 50 63 42 42 42 42 -1 57 30 55 37 42 55 42 57 42 57 37 42 -1 55 28 55 57 30 37 60 52 28 42 30 33 55 -1 44 42 30 28 46 30 63 42 42 37 55 30 -1 42 -1 55 42 42 63 57 -1 30 28 
20 32 32 10 10 53 9 47 9 -1 -1 32 47 9 10 57 -1 39 38 9 9 9 9 9 32 10 19 9 47 49 39 32 -1 19 19 60 26 10 10 32 38 47 32 44 22 25 47 -1 32 10 9 38 38 49 9 32 32 32 32 10 39 10 23 47 32 49 
39 53 53 53 39 53 60 64 54 54 53 33 53 54 60 30 39 -1 55 33 60 53 54 54 33 45 33 53 30 53 -1 48 39 30 54 60 53 53 54 30 33 60 60 54 54 30 30 60 30 53 60 54 53 -1 -1 53 48 60 53 48 -1 33 45 53 30 30 
41 38 23 38 25 55 38 41 23 23 38 38 38 23 38 55 38 55 -1 38 41 41 23 -1 23 23 38 41 55 55 55 55 23 38 41 60 52 38 -1 41 38 -1 38 44 23 25 23 41 55 38 57 38 38 55 23 -1 38 23 23 23 41 38 23 41 38 41 
64 38 64 10 10 53 -1 64 6 -1 -1 33 10 64 38 37 9 33 38 -1 6 26 6 8 22 10 -1 8 37 49 33 33 64 -1 -1 60 26 -1 -1 10 33 34 6 44 22 33 37 16 33 6 9 38 6 37 34 38 38 6 64 6 6 10 52 38 -1 37 
-1 38 41 59 39 53 -1 0 6 -1 16 24 41 8 41 42 9 60 41 6 -1 26 6 8 0 24 -1 41 37 49 39 0 16 19 41 60 26 19 6 0 38 -1 6 44 22 25 7 41 59 6 9 22 6 41 8 41 38 6 59 -1 6 59 52 41 0 7 
24 27 27 27 25 53 8 24 -1 8 49 24 27 8 41 55 9 53 41 26 26 -1 -1 8 -1 24 -1 -1 65 49 53 24 27 24 41 60 26 26 8 24 33 -1 8 44 22 25 27 41 31 -1 9 22 8 27 8 41 49 8 27 22 41 24 23 41 13 49 
24 27 23 59 25 53 -1 59 6 8 19 24 51 8 38 42 9 54 23 6 6 -1 -1 -1 -1 23 21 21 37 49 59 24 23 19 19 60 26 19 6 24 38 21 6 44 -1 25 23 41 59 6 42 -1 6 27 51 23 38 6 59 -1 6 59 23 41 19 49 
24 27 -1 27 25 53 8 46 -1 8 25 24 25 2 25 57 9 54 -1 8 8 8 -1 -1 22 -1 21 2 46 55 45 24 2 19 41 62 62 25 18 25 38 18 8 44 22 25 2 41 54 8 57 22 62 27 8 18 32 -1 2 22 8 59 -1 41 13 46 
-1 27 23 27 25 53 22 0 21 20 25 -1 25 21 25 42 32 33 23 22 0 -1 -1 22 -1 -1 21 21 33 49 33 -1 31 11 41 62 26 25 11 0 33 0 11 44 22 25 7 41 31 11 42 22 22 27 21 31 32 22 27 22 22 11 25 41 0 7 
24 27 23 10 -1 53 23 24 23 23 4 24 4 23 4 57 10 45 23 10 24 24 23 -1 -1 -1 24 12 37 49 45 24 23 24 37 62 62 4 10 4 33 14 14 44 23 -1 23 12 31 10 57 12 62 37 23 23 32 23 23 23 39 10 -1 14 24 24 
20 27 27 19 19 53 19 20 21 19 19 24 27 21 38 37 19 33 38 -1 -1 -1 21 21 21 24 -1 21 37 49 33 20 64 19 19 60 -1 19 19 20 33 20 19 44 22 25 20 41 59 21 19 22 36 27 21 41 38 19 27 20 19 19 52 41 19 49 
41 -1 -1 -1 12 53 8 41 -1 8 3 24 -1 2 12 42 9 53 41 8 41 -1 21 2 21 12 21 -1 46 58 53 24 1 53 41 60 26 53 1 12 38 -1 1 44 22 53 2 12 53 21 9 12 8 -1 8 41 32 8 -1 3 41 10 23 41 58 49 
39 42 46 37 37 53 37 46 37 37 37 33 37 46 37 -1 47 30 55 37 37 65 37 46 33 37 37 46 -1 55 -1 48 39 30 37 60 52 -1 37 30 33 37 15 44 37 30 -1 46 30 65 42 37 37 30 30 15 42 15 46 42 30 63 45 15 30 -1 
55 58 58 49 49 53 49 59 49 49 49 49 58 58 55 55 49 53 55 49 49 49 49 55 49 49 49 58 55 -1 53 55 55 49 55 60 49 53 49 60 49 55 49 49 49 53 58 55 55 -1 49 49 49 49 49 -1 49 49 -1 49 55 49 52 49 58 49 
39 39 39 53 39 53 33 64 53 33 33 33 39 64 39 28 39 -1 55 33 39 53 59 45 33 45 33 53 -1 53 -1 48 39 -1 33 60 33 28 33 -1 33 39 28 59 59 -1 28 46 -1 53 33 54 37 -1 17 53 48 28 53 48 17 33 45 28 -1 28 
-1 32 32 38 25 55 20 0 24 20 61 -1 25 32 38 55 32 48 55 33 0 24 24 24 -1 24 20 24 48 55 48 -1 -1 11 41 60 26 55 11 0 33 0 11 44 24 25 7 32 -1 11 42 24 38 55 48 -1 32 32 32 48 55 -1 25 61 0 7 
31 -1 -1 16 39 53 57 64 13 16 16 31 27 2 38 57 -1 39 23 64 16 27 23 2 31 23 64 1 39 55 39 -1 -1 31 64 60 52 39 1 -1 38 27 1 44 23 39 2 16 31 56 57 38 38 27 13 31 -1 -1 2 57 39 31 23 56 -1 56 
24 38 32 19 19 53 19 64 19 19 19 -1 19 64 38 30 19 30 38 -1 19 24 19 19 11 24 19 53 30 49 -1 11 31 -1 19 60 26 19 11 30 -1 34 11 44 22 30 30 19 30 11 19 38 19 30 30 31 38 19 53 19 19 11 45 49 19 30 
41 38 41 19 37 53 19 41 54 19 19 33 37 54 41 37 19 54 41 -1 41 41 19 41 41 37 19 41 37 55 33 41 64 19 -1 60 26 -1 19 37 33 -1 19 44 22 33 37 41 54 19 19 54 37 37 -1 41 38 19 41 19 41 19 52 41 19 37 
60 60 60 60 60 60 60 60 60 60 60 60 60 60 60 60 60 60 60 60 60 60 60 62 62 62 60 60 60 60 60 60 60 60 60 -1 62 60 60 60 60 60 60 60 60 62 60 60 60 60 60 60 62 60 60 60 60 60 60 60 -1 60 -1 60 60 60 
26 52 27 52 52 53 52 26 26 26 26 52 27 26 52 52 26 53 52 26 26 26 26 62 26 62 -1 26 52 49 33 26 52 26 26 62 -1 52 52 26 52 26 52 44 26 62 52 41 56 26 26 52 -1 52 26 41 52 52 27 26 52 26 52 41 26 49 
39 38 46 10 -1 53 19 46 19 19 4 33 4 54 4 28 10 53 38 -1 19 26 19 25 25 4 19 53 -1 53 28 55 39 19 -1 60 52 -1 19 4 33 34 14 44 22 25 28 12 30 53 19 12 -1 -1 34 53 38 19 53 19 53 10 52 14 19 28 
20 -1 23 -1 10 53 -1 59 6 19 -1 -1 14 8 -1 42 10 54 -1 -1 6 8 6 18 11 10 19 1 37 49 33 11 1 11 19 60 52 19 -1 10 -1 14 1 44 22 62 42 14 56 6 19 -1 -1 27 51 18 -1 6 27 3 6 10 52 14 19 49 
-1 32 32 10 -1 53 60 0 60 20 4 24 4 32 4 30 32 30 41 10 0 24 24 25 0 4 20 12 30 60 -1 0 -1 30 37 60 26 4 10 -1 33 0 60 44 24 30 7 12 30 10 57 12 37 30 30 60 32 32 60 7 -1 10 25 14 0 7 
33 38 38 38 38 53 38 59 38 33 38 33 38 38 38 33 38 33 38 33 38 33 38 38 33 33 33 38 33 49 33 33 38 -1 33 60 52 33 -1 33 -1 38 33 44 38 33 33 38 33 33 33 38 38 33 51 38 38 38 38 38 38 33 52 38 33 33 
-1 27 27 27 14 53 20 0 21 20 14 24 14 21 -1 55 47 60 -1 34 -1 -1 21 18 0 14 20 -1 37 55 39 0 27 34 -1 60 26 34 14 0 38 -1 14 44 22 25 47 -1 31 21 20 14 20 27 34 -1 38 20 27 20 -1 63 23 -1 0 7 
20 -1 46 59 14 60 -1 46 6 50 14 -1 14 8 -1 -1 32 60 38 6 6 8 6 8 11 14 19 1 15 49 28 11 1 11 19 60 52 14 1 60 33 14 -1 44 22 25 -1 46 56 6 -1 14 6 60 8 15 -1 6 59 -1 -1 11 52 14 19 28 
44 44 44 59 44 53 44 59 44 44 44 44 51 44 44 44 44 54 44 44 44 44 44 44 44 44 44 44 44 49 59 44 44 44 44 60 44 44 44 44 44 44 44 -1 -1 44 44 44 59 44 44 44 44 44 51 44 44 44 59 44 44 59 44 44 44 49 
24 27 23 59 25 53 22 59 22 22 22 24 51 22 38 42 22 54 23 22 22 22 -1 22 22 23 22 22 37 49 59 24 23 22 22 60 26 22 22 24 38 22 22 -1 -1 25 23 41 59 22 42 22 22 27 51 23 38 22 59 22 22 59 23 41 22 49 
25 39 25 25 25 53 62 64 25 25 25 25 25 64 25 30 25 30 25 33 25 25 25 25 25 -1 25 53 30 53 -1 25 39 30 33 62 62 25 62 30 33 25 25 44 25 -1 30 25 30 53 57 25 62 30 30 53 48 25 53 48 30 25 -1 25 30 30 
7 42 -1 27 37 53 42 -1 13 47 47 42 47 2 42 28 47 30 23 37 7 27 23 2 7 23 20 2 -1 58 28 7 2 30 37 60 52 28 42 7 33 47 -1 44 23 30 -1 -1 30 42 42 47 37 27 13 28 42 -1 2 7 42 42 23 28 7 7 
41 27 46 16 12 53 41 46 16 16 16 46 -1 46 12 46 -1 60 41 16 41 41 41 41 41 12 41 12 46 55 46 32 16 19 41 60 41 12 14 12 38 -1 46 44 41 25 -1 -1 32 16 16 12 37 27 41 41 32 46 27 41 41 16 25 41 32 46 
31 32 32 59 39 53 59 59 54 54 56 31 54 54 56 30 32 30 55 33 59 31 59 54 31 31 59 53 30 55 -1 -1 31 30 54 60 56 30 56 30 33 31 56 59 59 30 30 32 -1 56 56 54 56 30 -1 31 -1 59 59 -1 30 31 45 56 30 30 
20 27 27 10 10 53 -1 59 6 8 -1 -1 10 8 63 63 10 53 38 6 6 -1 6 8 11 10 21 21 65 -1 53 11 56 11 19 60 26 53 6 10 33 21 6 44 22 53 42 16 56 -1 42 22 6 -1 8 29 -1 6 29 -1 6 10 52 -1 19 -1 
20 42 46 59 42 60 42 46 9 -1 16 42 42 9 42 42 9 60 57 9 9 9 42 57 42 57 19 9 42 49 33 42 57 19 19 60 26 19 19 57 33 20 -1 44 42 57 42 16 56 42 -1 38 42 60 9 42 42 -1 59 42 42 42 57 42 19 42 
24 38 23 38 12 53 22 59 54 38 38 38 -1 54 12 42 38 54 38 38 22 22 -1 22 22 12 22 12 37 49 54 24 38 38 54 60 52 12 -1 12 38 14 14 44 22 25 47 12 54 22 38 -1 38 27 -1 38 38 22 27 22 22 38 23 14 38 49 
20 38 62 38 37 53 -1 59 6 8 38 38 37 8 38 37 38 53 38 6 6 8 6 62 22 62 36 8 37 49 37 38 38 19 37 62 -1 -1 -1 37 38 20 6 44 22 62 37 37 56 6 42 38 -1 37 8 38 38 6 53 6 6 38 -1 38 19 37 
39 27 27 27 37 -1 49 59 27 27 49 49 27 27 27 55 49 -1 55 37 41 27 27 27 27 37 27 -1 30 49 -1 55 27 30 37 60 52 -1 27 30 33 27 60 44 27 30 27 27 30 -1 60 27 37 -1 17 -1 49 49 -1 49 -1 49 45 49 30 49 
41 27 13 27 37 53 8 59 -1 8 34 48 51 -1 41 30 9 -1 23 34 8 8 51 8 21 23 21 8 30 49 17 48 13 30 -1 60 26 34 51 30 51 34 8 51 51 30 13 41 -1 8 9 -1 8 17 -1 41 48 8 13 48 17 48 23 41 13 30 
31 32 23 38 41 53 60 31 23 41 38 31 41 23 41 -1 32 53 -1 38 41 41 23 18 31 23 41 41 15 -1 53 -1 31 31 41 60 41 53 18 60 38 -1 15 44 23 53 28 41 31 29 42 38 38 -1 41 -1 32 15 29 41 -1 31 23 15 31 28 
32 32 32 38 38 53 38 46 38 32 38 38 38 32 38 42 32 48 38 38 38 49 38 32 32 32 38 32 42 49 48 32 -1 38 38 60 52 38 -1 32 38 38 -1 44 38 48 42 32 -1 -1 42 38 38 49 48 32 -1 32 32 42 42 32 52 49 32 49 
20 32 23 59 25 53 -1 46 6 50 19 32 47 8 38 -1 32 60 23 6 6 8 6 -1 22 23 19 8 15 49 28 32 -1 19 19 60 52 19 6 32 38 20 6 44 22 25 -1 46 59 6 -1 22 6 49 8 15 32 -1 59 -1 6 59 23 15 32 28 
64 27 -1 27 27 53 59 59 27 27 27 49 27 2 27 55 32 53 23 64 59 27 59 2 27 23 27 -1 46 -1 53 32 2 53 41 60 27 53 27 60 38 27 59 59 59 53 2 27 59 29 59 27 53 -1 13 29 32 59 -1 -1 -1 59 23 41 -1 49 
7 42 58 -1 10 53 -1 -1 6 20 3 42 27 8 42 42 10 48 23 6 -1 22 -1 22 22 23 20 3 42 49 48 48 57 19 19 60 26 19 3 7 38 20 -1 44 22 48 7 41 -1 -1 42 22 6 49 48 41 42 -1 -1 -1 6 -1 23 49 7 7 
39 42 58 38 39 53 -1 39 6 8 19 42 39 8 41 42 39 -1 41 6 6 41 6 8 22 39 19 41 30 55 17 55 39 19 41 -1 52 53 6 -1 38 -1 -1 44 22 30 42 41 30 6 42 22 6 -1 17 -1 42 6 -1 6 -1 42 35 41 58 49 
31 32 32 10 10 53 59 59 59 16 -1 -1 10 32 63 63 10 33 38 10 59 24 59 59 11 10 19 10 63 49 33 -1 31 11 19 60 26 10 10 10 33 63 11 59 59 25 42 16 31 10 42 38 38 49 48 31 32 59 59 -1 42 -1 25 -1 19 49 
25 52 23 52 25 53 52 25 23 23 25 25 25 23 25 57 23 45 23 52 52 23 23 -1 25 -1 52 23 45 52 45 25 23 45 52 -1 52 52 52 25 52 23 52 44 23 -1 23 25 45 52 57 23 -1 45 23 23 52 23 23 23 35 25 -1 25 45 45 
41 38 41 38 14 53 49 41 41 41 49 49 14 41 -1 -1 47 53 41 38 41 41 41 41 41 14 41 41 15 49 28 61 56 49 41 60 41 14 14 14 38 -1 14 44 41 25 28 41 56 -1 42 14 38 49 41 15 49 15 41 49 41 -1 25 -1 41 49 
-1 32 13 19 19 53 19 -1 13 19 19 24 58 -1 38 30 32 30 38 -1 0 13 19 13 0 24 19 58 30 58 -1 0 -1 19 19 60 26 19 19 0 33 0 19 44 22 30 7 32 30 19 19 38 19 30 13 31 32 32 -1 7 58 19 45 41 -1 7 
7 42 46 49 37 53 49 -1 49 20 49 49 37 64 63 28 49 30 41 37 7 49 49 46 7 24 49 49 -1 49 28 7 56 30 37 60 49 28 49 7 33 7 28 49 49 30 7 46 30 -1 42 49 37 49 30 28 49 28 49 7 49 49 45 49 7 -1 
