78
2 40
-1 27 30 50 42 43 39 77 -1 71 27 70 48 -1 43 44 50 48 50 43 -1 45 52 60 39 30 73 -1 30 58 -1 77 48 39 50 39 27 45 42 20 63 43 20 20 8 20 45 27 8 42 -1 45 13 50 48 42 50 39 20 39 50 27 30 20 44 30 39 50 42 27 8 50 30 42 50 13 58 20 
27 -1 18 18 10 16 75 10 27 10 -1 36 61 52 52 47 -1 18 -1 36 27 36 52 10 35 44 68 -1 33 36 27 10 16 16 36 18 -1 16 10 27 63 36 27 16 27 27 16 -1 18 31 16 16 -1 10 38 47 18 10 27 10 43 -1 10 27 52 42 41 47 61 27 36 10 52 36 18 10 36 10 
30 18 -1 18 38 38 39 38 44 38 38 36 48 30 38 33 33 -1 17 38 30 36 33 38 38 -1 68 44 -1 36 25 62 38 28 36 38 17 38 -1 33 63 36 38 30 25 42 28 55 17 42 18 17 36 36 38 38 18 28 30 33 38 68 25 30 44 25 39 33 38 33 36 38 25 36 28 33 36 25 
50 18 18 -1 37 43 39 59 50 71 18 41 61 50 43 33 18 18 -1 43 43 41 33 56 35 18 68 18 74 41 42 64 56 18 50 18 41 35 35 33 66 -1 35 41 64 37 74 18 18 59 18 18 18 41 38 33 18 68 71 41 43 -1 18 43 61 42 41 33 61 33 41 41 33 41 -1 33 41 61 
42 10 38 37 -1 7 39 -1 48 37 7 52 77 52 37 37 37 38 37 38 42 45 37 7 57 38 68 10 38 57 42 10 38 37 45 37 52 -1 -1 37 63 59 38 7 37 37 37 55 38 42 37 37 37 10 38 38 23 -1 37 7 23 68 10 42 37 42 39 37 38 38 37 37 57 42 38 10 37 7 
43 16 38 43 7 -1 60 -1 48 10 7 70 48 43 43 33 -1 48 16 32 43 32 32 7 32 72 68 16 33 32 43 10 -1 16 50 32 16 7 32 32 63 43 38 -1 43 37 16 43 32 59 16 16 16 10 38 32 32 7 43 7 43 16 10 43 32 42 43 33 38 32 43 43 32 43 33 10 10 7 
39 75 39 39 39 60 -1 59 60 75 75 70 70 75 60 39 39 39 39 60 39 75 39 60 39 39 68 39 39 39 39 60 39 39 60 39 39 39 39 -1 66 59 39 60 39 39 39 75 39 60 60 39 60 39 39 75 60 39 39 39 -1 64 69 39 39 42 39 39 60 60 60 60 39 60 39 -1 39 39 
77 10 38 59 -1 -1 59 -1 48 10 -1 36 77 52 37 37 5 18 10 32 77 45 37 -1 57 77 68 10 57 57 77 10 5 59 53 37 10 -1 4 59 66 59 37 5 77 37 16 10 32 59 16 16 37 10 38 57 23 -1 37 -1 23 10 10 77 31 77 53 37 57 32 37 10 57 59 57 10 10 -1 
-1 27 44 50 48 48 60 48 -1 71 27 70 48 0 70 44 50 48 50 48 0 50 48 60 48 44 73 0 44 48 0 64 48 44 50 44 48 50 48 20 63 70 20 70 -1 20 50 44 -1 60 -1 48 13 50 48 47 48 48 20 60 50 48 44 20 44 44 70 44 48 27 -1 50 44 70 50 13 48 20 
71 10 38 71 37 10 75 10 71 -1 -1 71 71 52 37 37 37 38 10 38 42 45 37 10 37 38 68 10 38 76 42 10 38 37 53 37 76 -1 -1 37 66 71 38 37 27 37 37 10 38 31 71 37 37 10 38 38 37 10 71 10 37 10 10 42 31 42 53 37 38 38 37 -1 37 42 38 10 -1 10 
27 -1 38 18 7 7 75 -1 27 -1 -1 36 61 75 37 47 1 18 1 32 27 36 37 7 53 62 68 1 38 36 62 -1 7 59 53 53 1 7 9 59 66 53 38 7 27 37 16 1 18 31 16 16 1 -1 38 38 18 7 71 -1 59 1 -1 27 31 62 53 53 38 53 53 9 52 36 18 -1 9 7 
70 36 36 41 52 70 70 36 70 71 36 -1 70 52 70 47 36 36 36 36 70 36 52 70 36 36 73 36 36 36 70 36 36 36 36 53 -1 52 71 36 66 36 73 70 70 36 36 36 36 70 71 36 36 36 48 47 70 36 71 41 70 36 36 70 52 73 41 36 61 53 -1 -1 36 36 41 36 36 70 
48 61 48 61 77 48 70 77 48 71 61 70 -1 48 70 48 61 48 48 48 77 48 48 70 48 77 68 61 48 71 77 77 48 48 71 48 48 70 48 77 70 70 77 70 48 77 61 61 -1 68 71 48 61 70 48 48 48 68 71 70 70 -1 77 77 61 77 70 71 61 48 -1 -1 48 70 61 61 71 -1 
-1 52 30 50 52 43 75 52 0 52 75 52 48 -1 52 75 50 52 50 43 0 52 52 52 64 30 73 0 75 52 0 64 52 75 50 52 52 52 42 20 63 52 20 20 8 20 45 75 8 42 0 45 -1 52 48 52 52 72 20 52 50 52 75 20 52 30 39 50 61 27 8 50 52 52 75 -1 52 20 
43 52 38 43 37 43 60 37 70 37 37 70 70 52 -1 37 37 52 56 43 43 43 37 56 60 64 68 43 37 58 43 64 56 37 60 37 52 -1 37 37 63 43 37 -1 64 37 37 43 56 60 60 37 -1 37 38 37 -1 37 -1 37 -1 64 64 43 -1 42 43 37 60 60 -1 58 52 43 43 47 58 37 
44 47 33 33 37 33 39 37 44 37 47 47 48 75 37 -1 33 33 33 47 44 47 33 69 35 44 68 44 33 35 44 64 69 -1 67 -1 47 35 35 33 63 47 35 47 -1 37 33 -1 44 42 33 33 33 35 38 47 33 33 44 33 69 47 69 44 44 42 39 -1 38 -1 44 37 33 42 33 33 35 44 
50 -1 33 18 37 -1 39 5 50 37 1 36 61 50 37 33 -1 51 1 43 43 46 33 7 32 33 68 1 33 36 43 10 5 -1 50 37 1 -1 32 33 63 43 37 -1 27 37 -1 1 32 59 -1 -1 1 10 38 33 18 7 37 33 43 1 10 43 37 42 39 33 61 33 43 50 32 36 33 33 36 7 
48 18 -1 18 38 48 39 18 48 38 18 36 48 52 52 33 51 -1 -1 36 51 36 33 56 35 2 73 18 2 36 25 18 48 18 36 18 -1 35 2 33 66 36 35 41 25 51 28 18 -1 73 18 -1 36 36 48 38 18 28 36 33 50 18 25 51 52 25 41 33 38 33 36 36 25 36 18 33 36 25 
50 -1 17 -1 37 16 39 10 50 10 1 36 48 50 56 33 1 -1 -1 56 27 36 33 56 35 17 68 1 33 35 42 10 56 -1 50 -1 1 35 35 33 66 3 35 16 27 37 16 1 17 42 -1 17 1 35 38 33 -1 33 56 33 50 1 10 27 35 42 39 33 38 33 41 50 33 36 3 33 36 10 
43 36 38 43 38 32 60 32 48 38 32 36 48 43 43 47 43 36 56 -1 43 -1 32 56 32 72 68 43 38 32 43 60 -1 32 21 32 21 32 32 32 63 43 38 -1 43 21 21 21 32 60 34 43 32 34 38 32 32 32 43 43 43 36 69 43 32 42 43 34 38 32 43 43 32 36 38 47 36 43 
-1 27 30 43 42 43 39 77 0 42 27 70 77 0 43 44 43 51 27 43 -1 45 39 60 39 30 73 -1 39 58 -1 77 39 39 45 39 27 45 42 -1 63 43 -1 -1 -1 -1 45 43 8 42 0 45 13 39 42 42 43 39 -1 39 43 27 30 -1 44 42 39 44 42 27 43 58 30 42 39 13 58 -1 
45 36 36 41 45 32 75 45 50 45 36 36 48 52 43 47 46 36 36 -1 45 -1 32 45 32 36 73 36 46 36 45 36 19 46 -1 45 -1 45 32 45 63 36 45 19 45 -1 -1 -1 32 45 34 45 36 34 38 47 32 46 36 41 43 36 36 45 52 45 41 34 38 32 36 36 32 36 46 47 36 45 
52 52 33 33 37 32 39 37 48 37 37 52 48 52 37 33 33 33 33 32 39 32 -1 37 32 72 68 52 33 72 72 64 -1 -1 32 37 52 -1 32 33 66 52 37 32 33 37 33 55 32 59 33 33 -1 37 38 -1 32 55 37 33 32 52 69 39 52 72 39 33 38 32 37 37 -1 52 33 33 37 37 
60 10 38 56 7 7 60 -1 60 10 7 70 70 52 56 69 7 56 56 56 60 45 37 -1 60 77 68 69 57 60 60 10 56 56 60 37 10 7 7 59 63 59 60 60 60 37 16 60 56 60 60 16 37 10 38 57 -1 7 56 7 -1 10 10 60 56 60 53 60 57 60 60 60 56 60 56 10 10 7 
39 35 38 35 57 32 39 57 48 37 53 36 48 64 60 35 32 35 35 32 39 32 32 60 -1 64 68 39 57 -1 39 64 -1 39 53 -1 29 35 32 -1 66 36 35 60 64 37 57 35 32 60 60 32 64 35 38 57 32 -1 29 39 -1 64 64 39 -1 42 39 35 57 32 60 58 29 36 57 39 29 39 
30 44 -1 18 38 72 39 77 44 38 62 36 77 30 64 44 33 2 17 72 30 36 72 77 64 -1 68 44 2 72 -1 62 72 28 50 38 17 72 2 30 63 36 30 30 -1 30 28 44 17 42 30 17 72 62 38 38 72 72 30 62 69 64 -1 30 44 -1 39 44 38 62 44 77 -1 42 28 62 72 -1 
73 68 68 68 68 68 68 68 73 68 68 73 68 73 68 68 68 73 68 68 73 73 68 68 68 68 -1 68 68 73 73 68 68 68 73 68 73 68 68 73 73 73 73 73 68 73 68 68 68 68 68 73 73 73 68 68 68 68 73 68 68 68 68 73 68 73 73 68 -1 68 73 73 68 -1 68 68 73 68 
-1 -1 44 18 10 16 39 10 0 10 1 36 61 0 43 44 1 18 1 43 -1 36 52 69 39 44 68 -1 69 36 0 10 69 69 50 18 1 16 42 20 63 36 20 20 -1 20 16 1 8 42 0 16 1 69 42 47 18 10 20 10 69 1 69 20 44 42 39 44 61 -1 8 50 44 36 18 10 36 20 
30 33 -1 74 38 33 39 57 44 38 38 36 48 75 37 33 33 2 33 38 39 46 33 57 57 2 68 69 -1 57 25 38 38 -1 46 38 17 33 -1 33 66 59 38 33 25 46 -1 33 17 42 33 17 33 38 38 38 33 -1 39 33 57 68 25 39 57 25 39 33 38 33 43 38 57 42 -1 33 38 25 
58 36 36 41 57 32 39 57 48 76 36 36 71 52 58 35 36 36 35 32 58 36 72 60 -1 72 73 36 57 -1 58 64 24 39 36 24 -1 35 32 24 63 36 35 41 58 36 36 36 32 60 60 36 36 36 38 57 32 24 -1 39 24 36 72 58 24 72 39 35 57 32 36 58 -1 36 41 36 -1 58 
-1 27 25 42 42 43 39 77 0 42 62 70 77 0 43 44 43 25 42 43 -1 45 72 60 39 -1 73 0 25 58 -1 49 42 39 50 42 73 42 42 20 63 43 -1 20 -1 20 45 43 8 42 0 45 13 42 42 42 42 72 20 39 43 64 25 20 44 25 39 44 42 27 8 50 25 42 28 13 58 20 
77 10 62 64 10 10 60 10 64 10 -1 36 77 64 64 64 10 18 10 60 77 36 64 10 64 62 68 10 38 64 49 -1 64 59 53 49 10 10 10 59 66 53 49 60 64 49 16 10 77 -1 60 16 64 10 38 38 64 10 64 10 49 64 -1 77 -1 49 53 53 49 62 60 10 62 49 64 10 10 -1 
48 16 38 56 38 -1 39 5 48 38 7 36 48 52 56 69 5 48 56 -1 39 19 -1 56 -1 72 68 69 38 24 42 64 -1 22 21 24 21 22 -1 24 66 43 38 5 48 21 16 21 -1 42 16 16 22 69 38 22 -1 24 29 7 24 48 69 39 24 42 39 69 38 -1 43 38 -1 42 38 33 29 7 
39 16 28 18 37 16 39 59 44 37 59 36 48 75 37 -1 -1 18 -1 32 39 46 -1 56 39 28 68 69 -1 39 39 59 22 -1 50 15 16 16 28 -1 66 59 35 16 15 37 16 15 18 59 16 16 22 69 38 22 18 28 39 -1 59 16 69 39 39 28 39 15 38 -1 43 50 22 59 28 -1 36 39 
50 36 36 50 45 50 60 53 50 53 53 36 71 50 60 67 50 36 50 21 45 -1 32 60 53 50 73 50 46 36 50 53 21 50 -1 53 21 45 53 53 66 53 45 21 50 21 21 21 50 60 -1 45 36 -1 50 47 50 46 71 53 50 36 53 45 50 45 53 -1 53 53 50 50 32 36 46 47 36 45 
39 18 38 18 37 32 39 37 44 37 53 53 48 52 37 -1 37 18 -1 32 39 45 37 37 -1 38 68 18 38 24 42 49 24 15 53 -1 53 -1 -1 -1 66 53 -1 37 15 37 37 15 18 42 18 18 37 -1 38 38 18 24 29 37 24 18 53 39 24 42 39 15 38 15 37 37 29 42 18 33 29 37 
27 -1 17 41 52 16 39 10 48 76 1 -1 48 52 52 47 1 -1 1 21 27 -1 52 10 29 17 73 1 17 -1 73 10 21 16 21 53 -1 52 17 29 66 -1 73 41 27 21 21 1 17 73 16 17 -1 -1 48 47 18 29 29 41 29 1 10 27 52 73 41 34 61 53 11 11 29 -1 41 10 -1 10 
45 16 38 35 -1 7 39 -1 50 -1 7 52 70 52 -1 35 -1 35 35 32 45 45 -1 7 35 72 68 16 33 35 42 10 22 16 45 -1 52 -1 4 35 63 59 35 14 35 -1 16 16 32 59 16 16 -1 35 38 22 14 4 14 -1 14 16 10 45 14 42 39 35 38 32 14 9 22 42 33 10 9 7 
42 10 -1 35 -1 32 39 4 48 -1 9 71 48 42 37 35 32 2 35 32 42 32 32 7 32 2 68 42 -1 32 42 10 -1 28 53 -1 17 4 -1 35 63 53 -1 32 25 42 28 55 32 42 35 17 32 35 -1 -1 32 4 42 7 32 68 10 42 32 42 39 35 -1 32 37 9 32 42 28 10 9 7 
20 27 33 33 37 32 -1 59 20 37 59 36 77 20 37 33 33 33 33 32 -1 45 33 59 -1 30 73 20 33 24 20 59 24 -1 53 -1 29 35 35 -1 66 59 20 20 20 20 33 33 32 59 20 33 33 35 38 33 32 24 20 -1 6 64 59 20 24 42 -1 33 38 33 43 58 29 66 33 6 29 20 
63 63 63 66 63 63 66 66 63 66 66 66 70 63 63 63 63 66 66 63 63 63 66 63 66 63 73 63 66 63 63 66 66 66 66 66 66 63 63 66 -1 66 63 63 63 63 63 63 63 73 63 63 66 66 63 63 63 66 63 66 63 66 66 -1 63 63 -1 66 73 66 66 66 63 66 66 66 63 63 
43 36 36 -1 59 43 59 59 70 71 53 36 70 52 43 47 43 36 3 43 43 36 52 59 36 36 73 36 59 36 43 53 43 59 53 53 -1 59 53 59 66 -1 73 -1 43 36 36 43 36 59 71 36 36 -1 48 47 18 59 71 -1 43 3 53 43 43 73 -1 53 59 53 -1 -1 36 -1 3 47 36 43 
20 27 38 35 38 38 39 37 20 38 38 73 77 20 37 35 37 35 35 38 -1 45 37 60 35 30 73 20 38 35 -1 49 38 35 45 -1 73 35 -1 20 63 73 -1 20 20 -1 45 35 38 -1 20 45 37 35 38 38 35 35 20 49 49 68 30 20 35 -1 73 35 38 27 43 38 30 -1 38 20 38 20 
20 16 30 41 7 -1 60 5 70 37 7 70 70 20 -1 47 -1 41 16 -1 -1 19 32 60 60 30 73 20 33 41 20 60 5 16 21 37 41 14 32 20 63 -1 20 -1 20 20 16 -1 32 60 16 16 14 41 38 47 14 7 14 41 -1 16 69 20 14 42 41 47 60 60 -1 41 32 41 41 47 41 20 
8 27 25 64 37 43 39 77 -1 27 27 70 48 8 64 -1 27 25 27 43 -1 45 33 60 64 -1 68 -1 25 58 -1 64 48 15 50 15 27 35 25 20 63 43 20 20 -1 20 45 15 8 42 8 45 64 35 48 47 64 64 20 33 43 64 25 20 -1 25 39 15 64 15 8 50 25 42 28 33 58 20 
20 27 42 37 37 37 39 37 20 37 37 36 77 20 37 37 37 51 37 21 -1 -1 37 37 37 30 73 20 46 36 20 49 21 37 21 37 21 -1 42 20 63 36 -1 20 20 -1 -1 21 51 42 20 -1 37 34 42 37 37 37 20 37 37 27 30 20 37 42 39 34 42 27 37 37 37 42 46 47 36 20 
45 16 28 74 37 16 39 16 50 37 16 36 61 45 37 33 -1 28 16 21 45 -1 33 16 57 28 68 16 -1 36 45 16 16 16 21 37 21 16 28 33 63 36 45 16 45 -1 -1 21 28 45 16 16 16 34 38 38 18 28 45 33 43 16 16 45 37 45 39 34 38 33 43 50 57 36 28 33 36 45 
27 -1 55 18 55 43 75 10 44 10 1 36 61 75 43 -1 1 18 1 21 43 -1 55 60 35 44 68 1 33 36 43 10 21 15 21 15 1 16 55 33 63 43 35 -1 15 21 21 -1 18 60 16 16 1 10 55 -1 18 55 43 10 43 1 10 43 43 42 43 15 55 15 43 43 52 36 18 -1 36 43 
8 18 17 18 38 32 39 32 -1 38 18 36 -1 8 56 44 32 -1 17 32 8 32 32 56 32 17 68 8 17 32 8 77 -1 18 50 18 17 32 32 32 63 36 38 32 8 51 28 18 -1 42 8 17 32 36 -1 32 32 32 71 32 32 12 69 20 32 25 39 44 38 32 8 12 32 36 18 13 36 12 
42 31 42 59 42 59 60 59 60 31 31 70 68 42 60 42 59 73 42 60 42 45 59 60 60 42 68 42 42 60 42 -1 42 59 60 42 73 59 42 59 73 59 -1 60 42 42 45 60 42 -1 60 45 59 31 42 42 60 68 42 -1 -1 68 31 42 31 42 73 42 -1 60 60 59 68 -1 42 31 73 31 
-1 16 18 18 37 16 60 16 -1 71 16 71 71 0 60 33 -1 18 -1 34 0 34 33 60 60 30 68 0 33 60 0 60 16 16 -1 18 16 16 35 20 63 71 20 16 8 20 16 16 8 60 -1 16 13 34 48 33 18 60 71 60 -1 16 69 20 44 30 53 34 60 60 8 -1 30 60 18 13 71 20 
45 16 17 18 37 16 39 16 48 37 16 36 48 45 37 33 -1 -1 17 43 45 45 33 16 32 17 73 16 17 36 45 16 16 16 45 18 17 16 17 33 63 36 45 16 45 -1 16 16 17 45 16 -1 16 36 48 33 18 16 45 33 43 16 16 45 37 45 39 33 38 33 43 50 25 36 18 33 36 45 
13 -1 36 18 37 16 60 37 13 37 1 36 61 -1 -1 33 1 36 1 32 13 36 -1 37 64 72 73 1 33 36 13 64 22 22 36 37 -1 -1 32 33 66 36 37 14 64 37 16 1 32 59 13 16 -1 36 38 22 14 72 14 37 14 1 10 20 -1 72 41 33 61 27 14 36 -1 36 18 13 36 37 
50 10 36 41 10 10 39 10 50 10 -1 36 70 52 37 35 10 36 35 34 39 34 37 10 35 62 73 69 38 36 42 10 69 69 -1 -1 -1 35 35 35 66 -1 35 41 35 34 34 10 36 31 34 36 36 -1 38 38 35 10 36 10 69 10 10 66 31 42 -1 34 38 -1 41 41 36 36 41 10 36 10 
48 38 38 38 38 38 39 38 48 38 38 48 48 48 38 38 38 48 38 38 42 38 38 38 38 38 68 42 38 38 42 38 38 38 50 38 48 38 -1 38 63 48 38 38 48 42 38 55 -1 42 48 48 38 38 -1 38 38 38 42 38 38 48 38 42 38 42 39 38 38 38 48 38 38 42 38 38 38 48 
42 47 38 33 38 32 75 57 47 38 38 47 48 52 37 47 33 38 33 32 42 47 -1 57 57 38 68 47 38 57 42 38 22 22 47 38 47 22 -1 33 63 47 38 47 47 37 38 -1 32 42 33 33 22 38 38 -1 32 -1 37 33 47 47 38 42 52 42 39 47 38 32 47 38 22 42 38 47 38 57 
50 18 18 18 23 32 60 23 48 37 18 70 48 52 -1 33 18 18 -1 32 43 32 32 -1 32 72 68 18 33 32 42 64 -1 18 50 18 18 14 32 32 63 18 35 14 64 37 18 18 32 60 18 18 14 35 38 32 -1 23 14 23 14 18 69 43 14 42 39 33 38 32 14 50 32 36 18 33 58 23 
39 10 28 68 -1 7 39 -1 48 10 7 36 68 72 37 33 7 28 33 32 39 46 55 7 -1 72 68 10 -1 24 72 10 24 28 46 24 29 4 4 24 66 59 35 7 64 37 28 55 32 68 60 16 72 10 38 -1 23 -1 29 7 24 68 10 39 24 72 39 33 -1 32 60 10 -1 68 28 10 29 7 
20 27 30 71 37 43 39 37 20 71 71 71 71 20 -1 44 37 36 56 43 -1 36 37 56 29 30 73 20 39 -1 20 64 29 39 71 29 29 14 42 20 63 71 20 14 20 20 45 43 71 42 71 45 14 36 42 37 14 29 -1 37 14 64 30 20 14 42 39 44 42 27 14 -1 29 36 71 20 -1 20 
39 10 33 41 7 7 39 -1 60 10 -1 41 70 52 37 33 33 33 33 43 39 41 33 7 39 62 68 10 33 39 39 10 7 -1 53 37 41 -1 7 -1 66 -1 49 41 33 37 33 10 32 -1 60 33 37 10 38 33 23 7 37 -1 -1 10 10 39 31 49 39 33 49 33 41 41 33 41 33 10 10 7 
50 43 38 43 23 43 -1 23 50 37 59 70 70 50 -1 69 43 50 50 43 43 43 32 -1 -1 69 68 69 57 24 43 49 24 59 50 24 29 14 32 6 63 43 49 -1 43 37 43 43 32 -1 -1 43 14 69 38 47 14 24 14 -1 -1 64 69 43 14 49 39 50 49 -1 -1 50 29 49 43 6 29 23 
27 -1 68 -1 68 16 64 10 48 10 1 36 -1 52 64 47 1 18 1 36 27 36 52 10 64 64 68 1 68 36 64 64 48 16 36 18 1 16 68 64 66 3 68 16 64 27 16 1 12 68 16 16 1 10 48 47 18 68 64 10 64 -1 10 27 -1 64 41 47 -1 27 12 12 52 36 3 10 36 12 
30 10 25 18 10 10 69 10 44 10 -1 36 77 75 64 69 10 25 10 69 30 36 69 10 64 -1 68 69 25 72 25 -1 69 69 53 53 10 10 10 59 66 53 30 69 25 30 16 10 69 31 69 16 10 10 38 38 69 10 30 10 69 10 -1 30 31 25 53 69 49 -1 69 10 25 49 28 10 10 25 
20 27 30 43 42 43 39 77 20 42 27 70 77 20 43 44 43 51 27 43 -1 45 39 60 39 30 73 20 39 58 20 77 39 39 45 39 27 45 42 20 -1 43 20 20 20 20 45 43 20 42 20 45 20 66 42 42 43 39 20 39 43 27 30 -1 44 42 40 44 42 27 43 58 30 42 39 20 58 20 
44 52 44 61 37 32 39 31 44 31 31 52 61 52 -1 44 37 52 35 32 44 52 52 56 -1 44 68 44 57 24 44 -1 24 39 50 24 52 14 32 24 63 43 35 14 -1 37 37 43 32 31 44 37 -1 31 38 52 14 24 14 31 14 -1 31 44 -1 44 39 44 61 32 14 58 52 49 61 31 29 31 
30 42 25 42 42 42 42 77 44 42 62 73 77 30 42 42 42 25 42 42 42 45 72 60 42 -1 73 42 25 72 25 49 42 28 45 42 73 42 42 42 63 73 -1 42 25 42 45 42 25 42 30 45 72 42 42 42 42 72 42 49 49 64 25 42 44 -1 73 42 42 62 43 42 25 42 28 62 42 25 
39 41 39 41 39 43 39 53 70 53 53 41 70 39 43 39 39 41 39 43 39 41 39 53 39 39 73 39 39 39 39 53 39 39 53 39 41 39 39 -1 -1 -1 73 41 39 39 39 43 39 73 53 39 41 -1 39 39 39 39 39 39 39 41 53 40 39 73 -1 53 73 53 41 41 39 -1 41 39 41 39 
50 47 33 33 37 33 39 37 44 37 53 36 71 50 37 -1 33 33 33 34 44 34 33 60 35 44 68 44 33 35 44 53 69 15 -1 15 34 35 35 33 66 53 35 47 15 34 34 15 44 42 34 33 33 34 38 47 33 33 44 33 50 47 69 44 44 42 53 -1 38 15 44 50 33 36 33 33 36 44 
42 61 38 61 38 38 60 57 48 38 38 61 61 61 60 38 61 38 38 38 42 38 38 57 57 38 -1 61 38 57 42 49 38 38 53 38 61 38 -1 38 73 59 38 60 64 42 38 55 38 -1 60 38 61 38 38 38 38 -1 42 49 49 -1 49 42 61 42 73 38 -1 38 60 38 57 26 38 38 38 49 
27 27 33 33 38 32 60 32 27 38 53 53 48 27 60 -1 33 33 33 32 27 32 32 60 32 62 68 -1 33 32 27 62 -1 -1 53 15 53 32 32 33 66 53 27 60 15 27 33 15 32 60 60 33 27 -1 38 32 32 32 27 33 -1 27 -1 27 32 62 53 15 38 -1 60 53 32 53 33 33 53 27 
8 36 36 41 37 43 60 37 -1 37 53 -1 -1 8 -1 44 43 36 41 43 43 36 37 60 60 44 73 8 43 36 8 60 43 43 50 37 11 14 37 43 66 -1 43 -1 8 37 43 43 8 60 8 43 14 41 48 47 14 60 14 41 -1 12 69 43 14 43 41 44 60 60 -1 11 52 41 41 47 36 12 
50 10 38 41 37 43 60 10 50 -1 9 -1 -1 50 58 37 50 36 50 43 58 36 37 60 58 77 73 50 38 58 50 10 38 50 50 37 11 9 9 58 66 -1 38 41 50 37 50 43 12 59 -1 50 36 41 38 38 50 10 -1 41 50 12 10 58 58 42 41 50 38 53 11 -1 58 41 41 10 9 12 
30 52 25 33 57 32 39 57 44 37 52 36 48 52 52 33 32 25 33 32 30 32 -1 56 29 -1 68 44 57 -1 25 62 -1 22 32 29 29 22 32 29 63 36 30 32 25 37 57 52 32 68 30 25 -1 36 38 22 32 -1 29 33 29 52 25 30 52 25 39 33 57 32 52 58 -1 36 57 33 29 25 
42 36 36 41 42 43 60 59 70 42 36 36 70 52 43 42 36 36 36 36 42 36 52 60 36 42 -1 36 42 36 42 49 42 59 36 42 -1 42 42 66 66 -1 -1 41 42 42 36 36 36 -1 60 36 36 36 42 42 36 68 36 41 49 36 49 42 49 42 -1 36 26 53 41 41 36 -1 41 36 36 42 
50 18 28 -1 38 33 39 57 50 38 18 41 61 75 43 33 33 18 3 38 39 46 33 56 57 28 68 18 -1 41 28 64 38 28 46 18 41 33 28 33 66 3 38 41 28 46 28 18 18 42 18 18 18 41 38 38 18 28 71 33 43 3 28 39 61 28 41 33 38 33 41 41 57 41 -1 33 38 28 
13 10 33 33 10 10 -1 10 13 10 -1 36 61 -1 47 33 33 33 33 47 13 47 33 10 39 62 68 10 33 36 13 10 33 -1 47 33 10 10 10 6 66 47 20 47 33 47 33 -1 13 31 13 33 13 10 38 47 33 10 20 10 6 10 10 20 31 62 39 33 38 33 47 10 33 36 33 -1 10 10 
58 36 36 41 37 10 39 10 48 -1 9 36 71 52 58 35 36 36 36 36 58 36 37 10 29 72 73 36 38 -1 58 10 29 36 36 29 -1 9 9 29 63 36 38 41 58 36 36 36 36 73 71 36 36 36 38 38 58 29 -1 10 29 36 10 58 29 42 41 36 38 53 36 9 29 36 38 10 -1 58 
20 10 25 61 7 7 39 -1 20 10 7 70 -1 20 37 44 7 25 10 43 -1 45 37 7 39 -1 68 20 25 58 20 -1 7 39 45 37 10 7 7 20 63 43 20 20 20 20 45 43 12 31 20 45 37 10 48 57 23 7 20 7 23 12 25 20 31 25 39 44 49 27 12 12 25 42 28 10 58 -1 
