106
2 39
-1 50 15 53 -1 4 55 73 15 95 80 103 73 53 25 -1 95 15 73 73 53 4 70 53 73 4 84 80 80 17 15 58 53 73 17 5 51 88 80 55 73 73 73 70 15 15 4 29 80 51 -1 46 55 -1 73 53 29 30 4 53 17 73 44 53 73 96 29 5 53 73 15 73 58 -1 99 17 5 93 25 73 -1 44 15 80 17 5 58 73 4 53 73 58 4 44 80 73 44 80 80 15 57 15 80 50 15 83 
50 -1 91 50 50 50 94 93 93 83 83 103 83 50 93 50 95 50 93 73 83 50 94 53 93 50 84 38 83 50 50 94 49 98 50 105 83 103 -1 83 83 84 80 97 93 93 93 50 80 38 -1 105 83 50 50 83 93 83 91 93 50 83 93 97 73 96 50 83 50 73 50 105 94 50 105 50 94 93 103 83 38 93 50 -1 50 50 94 92 50 50 91 83 83 -1 38 83 93 38 38 38 97 93 80 50 91 83 
15 91 -1 101 67 67 70 45 -1 -1 67 91 67 17 78 8 95 15 45 67 67 104 70 67 45 78 90 99 67 78 15 91 67 45 91 67 67 67 102 62 9 67 67 70 15 8 67 40 91 67 103 67 91 15 67 70 45 70 91 91 67 78 44 40 91 96 78 -1 101 90 67 81 91 67 99 17 101 93 -1 40 102 78 90 91 90 67 91 81 67 90 -1 -1 67 45 40 9 90 91 78 67 78 -1 -1 78 8 101 
53 50 101 -1 48 68 55 45 17 85 80 34 54 17 59 17 54 -1 48 54 53 68 48 53 73 48 84 49 74 17 17 58 -1 48 17 68 54 68 80 55 85 54 53 70 17 29 48 29 -1 32 17 54 49 -1 -1 53 29 48 48 53 17 29 48 53 48 96 29 54 -1 58 54 48 58 54 60 17 101 93 29 53 48 58 17 80 17 17 58 64 48 17 69 34 68 59 62 73 55 34 29 17 57 68 80 50 68 54 
-1 50 67 48 -1 -1 89 69 15 67 67 35 25 53 25 0 51 15 48 5 76 -1 64 53 25 -1 84 51 67 51 15 58 48 64 48 5 51 88 80 55 85 51 25 76 46 25 -1 51 46 51 0 46 92 0 58 53 45 85 -1 46 58 69 46 51 58 96 76 5 35 58 15 81 58 0 60 35 5 93 25 25 0 58 15 80 69 5 58 92 -1 88 69 58 -1 46 58 73 46 48 85 15 78 76 5 50 21 35 
4 50 67 68 -1 -1 70 85 67 67 67 35 24 85 25 4 76 85 76 -1 76 4 76 67 19 4 84 99 67 51 82 58 51 75 35 -1 51 88 94 62 85 51 67 76 46 85 4 85 88 51 4 19 92 4 51 89 76 85 4 46 67 35 35 85 58 96 76 -1 35 58 67 105 58 19 76 35 -1 93 25 24 102 58 76 67 76 -1 58 92 -1 88 67 58 4 85 76 67 76 76 85 67 85 76 -1 35 35 35 
55 94 70 55 89 70 -1 94 70 94 70 89 61 89 59 70 70 70 70 70 94 104 70 55 70 89 94 94 70 61 70 94 55 70 89 104 70 70 94 55 94 89 70 70 70 94 59 94 89 55 55 70 55 55 70 -1 70 70 70 55 70 55 94 94 70 96 94 70 70 89 -1 94 94 70 70 70 94 93 94 94 94 94 70 55 94 70 94 70 89 -1 89 89 55 59 -1 94 55 70 94 70 70 94 94 96 89 70 
73 93 45 45 69 85 94 -1 45 94 94 69 45 89 45 45 95 45 45 45 94 69 94 94 45 45 84 94 94 45 45 94 69 45 89 69 69 94 94 94 94 69 45 56 45 -1 45 45 45 51 45 45 69 73 69 89 -1 45 69 93 69 69 94 94 45 96 45 85 101 -1 56 45 94 69 94 45 94 93 45 45 94 94 90 69 69 45 94 64 89 69 69 69 69 45 -1 45 69 56 45 45 57 45 94 93 45 101 
15 93 -1 17 15 67 70 45 -1 2 67 104 45 17 45 -1 95 15 45 45 104 104 45 104 45 45 104 99 67 45 15 91 17 45 17 104 51 45 80 62 9 104 45 56 15 -1 44 45 45 51 15 45 61 15 70 104 45 30 91 93 17 45 44 95 45 96 45 2 101 45 15 45 91 15 99 17 82 93 2 45 15 44 15 91 104 45 91 64 104 104 2 2 15 45 45 45 44 34 45 15 78 2 2 78 -1 101 
95 83 -1 85 67 67 94 94 2 -1 40 91 40 60 78 8 95 85 95 95 40 104 94 42 42 78 95 94 40 47 15 94 60 79 91 67 63 67 94 94 -1 95 40 95 95 95 67 40 80 60 85 67 83 42 95 94 95 85 91 91 42 40 94 40 79 96 95 2 101 90 67 81 94 95 40 85 94 95 2 40 40 78 90 40 95 40 94 79 67 90 2 2 67 95 40 -1 40 63 85 67 63 2 2 78 8 101 
80 83 67 80 67 67 70 94 67 40 -1 61 -1 60 25 70 95 60 57 24 -1 104 70 20 12 24 95 80 -1 47 57 91 60 57 91 67 51 51 80 80 -1 51 -1 70 95 95 51 40 80 51 80 12 83 23 51 83 95 20 91 91 42 12 80 40 73 96 61 -1 80 61 67 105 91 42 28 57 20 93 95 20 -1 91 60 -1 95 40 91 73 67 91 67 -1 83 83 20 -1 20 63 80 67 57 67 40 12 20 83 
103 103 91 34 35 35 89 69 104 91 61 -1 61 34 59 34 61 34 48 35 94 35 62 59 61 103 103 105 61 61 34 94 61 75 -1 -1 61 62 94 62 94 69 61 97 62 61 48 61 34 61 103 54 61 59 34 61 61 61 48 34 61 -1 -1 61 48 103 61 35 35 61 54 105 62 54 61 35 35 103 103 61 48 62 61 61 34 34 94 92 35 34 69 34 61 103 62 103 103 34 61 34 103 61 35 -1 35 35 
73 83 67 54 25 24 61 45 45 40 -1 61 -1 61 25 45 51 51 45 24 10 25 51 20 -1 24 103 51 10 51 57 58 51 45 54 61 51 51 80 61 10 51 10 103 45 24 51 40 51 51 103 -1 61 23 51 61 45 20 51 51 61 -1 51 40 73 103 61 10 51 61 54 51 51 24 28 51 20 103 51 24 10 51 61 10 51 40 58 71 51 69 69 10 51 103 20 10 103 103 51 67 78 45 40 -1 20 51 
53 50 17 17 53 85 89 89 17 60 60 34 61 -1 59 17 61 -1 45 51 53 104 74 53 60 53 84 60 74 17 17 60 60 75 17 75 61 89 50 55 60 84 60 84 17 29 59 29 17 60 17 29 55 -1 60 53 29 85 60 53 -1 60 34 53 60 96 29 60 17 89 17 60 60 53 60 17 82 93 29 53 53 44 60 50 17 17 60 71 89 -1 82 34 53 59 84 84 55 34 29 17 63 29 60 50 89 74 
25 93 78 59 25 25 59 45 45 78 25 59 25 59 -1 25 79 59 45 25 59 25 45 59 25 -1 84 59 25 78 25 58 59 45 59 25 59 59 93 59 42 59 25 97 59 25 59 78 59 59 25 59 59 59 59 59 45 100 25 -1 42 25 59 59 58 96 78 25 59 58 59 81 58 25 60 59 25 93 25 25 25 78 25 91 59 25 58 92 25 59 78 59 25 59 81 78 59 59 78 25 78 45 25 78 25 59 
-1 50 8 17 0 4 70 45 -1 8 70 34 45 17 25 -1 57 -1 45 73 57 4 70 53 45 4 84 99 99 17 -1 58 17 57 17 75 57 62 80 62 85 81 60 70 -1 8 44 29 17 60 0 29 55 0 70 53 29 30 4 34 17 29 44 53 70 96 29 70 17 73 -1 81 58 0 99 17 82 93 8 45 0 44 -1 80 17 17 58 70 4 17 82 8 4 44 62 45 44 34 29 -1 57 8 8 50 8 99 
95 95 95 54 51 76 70 95 95 95 95 61 51 61 79 57 -1 66 57 51 79 104 76 63 79 79 95 51 95 66 57 79 51 57 54 61 -1 51 94 61 79 51 79 76 95 95 51 66 51 51 66 36 61 63 51 61 66 36 79 51 61 36 51 36 79 96 -1 51 51 61 57 51 51 95 61 57 66 95 95 -1 95 95 76 95 95 57 79 79 51 69 69 95 51 95 76 -1 79 63 66 67 57 66 79 95 79 51 
15 50 15 -1 15 85 70 45 15 85 60 34 51 -1 59 -1 66 -1 45 51 85 75 70 53 45 78 84 60 74 -1 15 94 3 75 -1 75 51 51 50 55 85 84 60 84 15 29 44 29 3 60 -1 29 60 3 3 53 29 85 48 34 -1 29 34 85 75 96 29 85 3 84 15 60 94 15 60 -1 66 93 29 85 15 44 15 50 -1 -1 94 71 48 13 82 34 15 44 84 84 44 34 29 15 78 29 85 50 84 51 
73 93 45 48 48 76 70 45 45 95 57 48 45 45 45 45 57 45 -1 45 57 48 -1 57 45 45 94 71 74 45 57 58 48 -1 48 68 57 22 80 62 79 81 45 56 45 -1 48 45 -1 71 45 37 71 48 48 53 45 -1 48 48 71 45 48 57 -1 96 45 70 48 45 22 -1 37 64 22 33 22 93 45 64 48 71 57 80 94 45 58 64 48 48 45 48 37 45 22 45 45 48 33 74 57 45 80 37 45 71 
73 73 67 54 5 -1 70 45 45 95 24 35 24 51 25 73 51 51 45 -1 76 5 51 42 -1 24 84 51 24 51 57 58 51 73 54 5 51 51 51 62 42 51 24 76 45 24 51 51 51 51 73 -1 51 73 51 52 45 51 5 51 42 24 51 51 73 96 51 5 35 73 54 51 51 -1 105 35 5 93 51 24 42 51 76 105 51 5 58 73 5 73 73 24 5 45 76 73 73 54 51 67 78 45 5 24 35 51 
53 83 67 53 76 76 94 94 104 40 -1 94 10 53 59 57 79 85 57 76 -1 104 76 -1 79 79 96 94 10 76 57 94 53 57 91 104 57 76 94 94 10 94 10 76 96 57 96 40 57 51 103 12 83 23 70 96 76 -1 79 53 42 12 94 23 79 96 76 10 101 96 57 57 94 42 28 57 -1 96 94 -1 10 94 76 10 94 57 94 79 76 104 82 10 76 96 -1 10 -1 63 57 67 57 76 40 96 -1 83 
4 50 104 68 -1 4 104 69 104 104 104 35 25 104 25 4 104 75 48 5 104 -1 64 104 25 4 104 105 104 51 15 58 68 75 35 -1 51 68 80 62 85 104 25 104 46 104 4 51 46 51 4 46 92 4 58 104 104 104 4 46 58 35 35 104 58 104 61 5 35 58 15 105 58 4 105 35 5 93 25 104 4 58 15 104 104 5 58 92 4 104 69 104 4 46 104 104 104 35 75 15 78 68 5 35 -1 35 
70 94 70 48 64 76 70 94 45 94 70 62 51 74 45 70 76 70 -1 51 76 64 -1 76 45 45 94 94 74 45 57 94 74 18 48 68 51 -1 94 62 94 51 70 70 45 18 48 94 18 51 103 37 92 48 70 70 45 18 64 48 74 74 37 94 -1 96 76 70 37 64 -1 18 37 64 -1 33 -1 93 51 64 48 94 76 105 94 45 94 64 37 70 82 64 37 45 -1 45 76 70 33 74 57 76 76 37 76 74 
53 53 67 53 53 67 55 94 104 42 20 59 20 53 59 53 63 53 57 42 -1 104 76 -1 42 42 96 60 20 45 57 94 53 57 59 104 63 63 80 55 42 63 -1 76 96 42 59 42 53 60 53 63 55 -1 53 53 45 20 53 53 42 60 94 -1 73 96 63 42 53 73 57 57 94 42 60 53 20 93 95 20 42 94 60 20 94 42 94 73 53 53 67 20 53 59 20 63 20 63 57 67 63 76 42 96 20 63 
73 93 45 73 25 19 70 45 45 42 12 61 -1 60 25 45 79 45 45 -1 79 25 45 42 -1 -1 84 51 12 45 45 58 60 45 73 19 51 51 80 62 42 51 -1 56 45 -1 25 42 45 51 73 12 61 42 73 53 45 45 25 25 42 12 45 42 73 96 45 42 73 73 67 45 51 -1 60 35 19 93 25 -1 42 45 60 12 73 45 58 73 19 73 73 12 25 45 42 45 45 103 45 67 78 45 19 12 45 51 
4 50 78 48 -1 4 89 45 45 78 24 103 24 53 -1 4 79 78 45 24 79 4 45 42 -1 -1 95 78 24 78 15 58 60 45 59 5 78 78 80 55 42 78 24 56 45 24 4 78 46 78 4 78 92 4 58 53 45 100 4 14 42 24 45 95 58 103 78 5 35 58 15 81 58 24 60 35 5 93 -1 24 4 78 15 24 95 5 58 92 4 88 78 58 4 45 81 78 103 103 78 15 78 45 5 78 21 78 
84 84 90 84 84 84 94 84 104 95 95 103 103 84 84 84 95 84 94 84 96 104 94 96 84 95 -1 94 95 84 96 94 84 84 84 104 84 103 94 96 94 84 84 84 96 95 96 84 84 84 84 84 96 96 84 96 84 96 84 84 84 84 94 95 84 96 84 84 84 84 84 84 94 84 84 84 84 96 95 96 94 84 96 95 -1 84 94 84 89 84 84 104 96 96 84 84 -1 84 84 84 95 84 94 96 84 84 
80 38 99 49 51 99 94 94 99 94 80 105 51 60 59 99 51 60 71 51 94 105 94 60 51 78 94 -1 99 51 99 94 49 98 97 105 51 51 -1 55 94 51 60 97 99 105 51 51 80 -1 38 49 49 49 51 52 51 51 51 51 49 52 94 97 71 96 51 99 105 51 99 49 94 51 99 105 94 93 51 94 38 71 60 105 94 98 94 71 51 55 82 105 52 38 38 78 55 38 38 -1 78 105 80 97 105 -1 
80 83 67 74 67 67 70 94 67 40 -1 61 10 74 25 99 95 74 74 24 10 104 74 20 12 24 95 99 -1 47 57 91 74 57 91 105 51 74 80 74 10 51 10 70 95 95 51 40 80 74 74 12 83 23 74 83 95 20 91 91 74 12 74 40 74 96 61 10 74 61 67 105 74 42 -1 74 20 93 95 20 10 91 74 10 95 40 91 74 67 74 67 10 74 83 20 10 20 63 80 74 57 105 40 12 20 74 
17 50 78 17 51 51 61 45 45 47 47 61 51 17 78 17 66 -1 45 51 76 51 45 45 45 78 84 51 47 -1 17 58 17 98 17 61 51 51 98 61 47 51 45 56 45 -1 51 -1 17 51 17 -1 61 17 51 61 -1 45 51 34 17 -1 45 47 45 96 -1 51 101 61 17 45 51 45 60 17 66 93 -1 45 98 78 17 61 17 17 58 64 51 17 69 34 51 45 45 45 45 34 -1 17 78 -1 47 78 45 51 
15 50 15 17 15 82 70 45 15 15 57 34 57 17 25 -1 57 15 57 57 57 15 57 57 45 15 96 99 57 17 -1 94 82 57 17 75 57 57 80 62 85 57 82 70 15 15 44 29 57 82 15 57 61 15 70 96 29 -1 15 34 82 57 44 57 57 96 57 70 17 90 15 57 94 15 82 17 82 93 100 57 15 44 -1 57 17 57 94 64 15 17 82 15 15 44 57 45 82 34 57 15 57 82 15 96 15 57 
58 94 91 58 58 58 94 94 91 94 91 94 58 60 58 58 79 94 58 58 94 58 94 94 58 58 94 94 91 58 94 -1 58 64 58 58 58 72 94 94 94 69 94 94 58 94 58 94 58 58 58 58 69 58 58 94 94 94 -1 58 58 69 94 94 58 96 94 58 58 58 58 81 58 58 94 64 94 93 81 64 58 58 94 91 94 94 58 64 58 69 69 58 58 58 -1 94 69 94 94 94 81 94 94 72 91 58 
53 49 67 -1 48 51 55 69 17 60 60 61 51 60 59 17 51 3 48 51 53 68 74 53 60 60 84 49 74 17 82 58 -1 48 17 68 51 51 49 55 60 51 60 70 17 29 48 29 3 -1 17 49 49 3 3 52 29 48 48 53 -1 60 48 51 48 96 61 51 3 61 54 49 51 54 60 17 82 93 51 60 48 71 60 52 17 17 58 71 48 60 82 34 52 59 49 60 82 34 29 49 78 68 60 50 68 49 
73 98 45 48 64 75 70 45 45 79 57 75 45 75 45 57 57 75 -1 73 57 75 18 57 45 45 84 98 57 98 57 64 48 -1 48 75 57 22 98 62 79 57 73 70 45 18 48 98 18 71 75 57 61 48 64 70 45 -1 64 48 75 57 48 57 -1 96 57 70 48 64 57 18 64 64 22 -1 22 93 98 64 48 64 57 57 75 57 64 64 48 48 69 64 87 45 22 45 57 98 -1 57 57 45 75 37 57 71 
17 50 91 17 48 35 89 89 17 91 91 -1 54 17 59 17 54 -1 48 54 91 35 48 59 73 59 84 97 91 17 17 58 17 48 -1 11 54 54 97 62 85 54 60 97 17 29 48 29 -1 54 17 54 61 59 -1 89 29 48 48 -1 17 11 11 97 48 96 29 54 48 89 54 48 58 54 60 17 97 93 29 64 48 58 17 91 17 17 58 64 48 -1 89 -1 48 59 62 73 89 -1 29 17 97 29 80 11 89 35 
5 105 67 68 5 -1 104 69 104 67 67 -1 61 75 25 75 61 75 68 5 104 -1 68 104 19 5 104 105 105 61 75 58 68 75 11 -1 61 68 105 62 85 104 67 76 62 85 5 61 68 105 75 105 61 68 68 104 61 75 5 34 61 11 11 61 75 103 61 5 -1 61 67 105 68 19 105 -1 5 103 103 104 68 105 76 105 104 5 58 105 5 104 67 104 5 103 62 104 103 34 75 67 75 68 5 11 -1 -1 
51 83 67 54 51 51 70 69 51 63 51 61 51 61 59 57 -1 51 57 51 57 51 51 63 51 78 84 51 51 51 57 58 51 57 54 61 -1 51 97 61 63 51 61 70 51 51 51 51 51 51 51 -1 61 63 51 61 51 -1 51 51 61 -1 51 -1 57 96 -1 51 51 61 57 51 51 51 61 57 66 93 51 16 51 51 57 61 51 57 58 64 51 69 69 51 51 51 57 16 57 63 51 67 57 51 63 51 57 51 
88 103 67 68 88 88 70 94 45 67 51 62 51 89 59 62 51 51 22 51 76 68 -1 63 51 78 103 51 74 51 57 72 51 22 54 68 51 -1 94 62 94 51 67 70 62 22 51 51 62 51 103 -1 92 68 51 62 51 22 72 51 51 51 -1 51 22 103 51 51 -1 51 22 22 -1 51 22 68 22 103 51 64 62 51 76 92 51 67 72 92 -1 88 67 72 -1 103 22 78 103 103 51 67 78 68 88 -1 68 51 
80 -1 102 80 80 94 94 94 80 94 80 94 80 50 93 80 94 50 80 51 94 80 94 80 80 80 94 -1 80 98 80 94 49 98 97 105 97 94 -1 94 94 94 80 97 93 93 80 94 80 27 1 49 49 80 97 94 94 94 80 93 49 98 94 97 94 96 94 80 80 94 94 49 94 80 94 98 94 93 94 94 -1 94 94 1 94 98 94 71 80 94 94 80 52 1 -1 80 94 -1 -1 27 97 94 80 97 94 27 
55 83 62 55 55 62 55 94 62 94 80 62 61 55 59 62 61 55 62 62 94 62 62 55 62 55 96 55 74 61 62 94 55 62 62 62 61 62 94 -1 94 62 55 70 62 62 62 94 62 55 55 62 55 55 55 -1 62 62 62 55 55 55 -1 55 62 96 61 62 62 89 55 55 62 55 62 62 94 93 62 94 62 62 96 55 94 62 94 92 62 55 89 62 55 62 62 62 55 62 94 62 62 62 80 62 89 62 
73 83 9 85 85 85 94 94 9 -1 -1 94 10 60 42 85 79 85 79 42 10 85 94 42 42 42 94 94 10 47 85 94 60 79 85 85 63 94 94 94 -1 94 -1 94 85 85 51 -1 80 60 85 12 83 42 60 94 47 85 79 53 42 12 94 -1 79 96 47 10 60 73 67 94 94 42 28 85 94 93 9 -1 10 94 60 10 94 -1 94 79 85 94 9 10 83 85 -1 9 20 63 85 67 63 9 -1 12 20 83 
73 84 67 54 51 51 89 69 104 95 51 69 51 84 59 81 51 84 81 51 94 104 51 63 51 78 84 51 51 51 57 69 51 57 54 104 51 51 94 62 94 -1 67 84 81 51 51 51 51 51 84 -1 51 54 51 89 51 51 69 51 51 69 51 51 69 96 51 51 51 -1 54 81 51 69 105 84 84 93 51 51 51 -1 90 105 -1 67 69 81 51 69 69 69 51 81 81 84 69 84 51 67 78 51 51 51 84 51 
73 80 67 53 25 67 70 45 45 40 -1 61 10 60 25 60 79 60 45 24 10 25 70 -1 -1 24 84 60 10 45 82 94 60 73 60 67 61 67 80 55 -1 67 -1 70 45 24 67 40 80 60 60 67 60 23 60 53 45 20 60 53 -1 60 80 23 73 96 61 -1 60 73 67 60 94 -1 60 60 20 93 25 24 -1 94 60 10 60 40 94 73 67 60 67 10 25 45 40 10 20 63 80 67 63 45 40 12 20 67 
70 97 70 70 76 76 70 56 56 95 70 97 103 84 97 70 76 84 56 76 76 104 70 76 56 56 84 97 70 56 70 94 70 70 97 76 70 70 97 70 94 84 70 -1 56 56 56 56 97 56 84 56 61 70 70 70 -1 70 70 97 70 56 94 97 70 96 76 70 70 84 -1 56 94 70 70 84 -1 93 56 76 97 84 76 70 -1 56 94 70 76 70 82 97 70 56 76 84 76 -1 56 70 70 76 76 97 84 101 
15 93 15 17 46 46 70 45 15 95 95 62 45 17 59 -1 95 15 45 45 96 46 45 96 45 45 96 99 95 45 15 58 17 45 17 62 51 62 93 62 85 81 45 56 -1 -1 -1 45 46 51 15 46 96 15 51 96 45 30 46 46 17 45 -1 95 45 96 45 51 48 96 15 81 58 15 99 17 82 93 81 45 15 -1 15 93 17 45 58 81 46 96 82 58 46 -1 62 45 -1 103 45 15 81 45 15 93 15 51 
15 93 8 29 25 85 94 -1 -1 95 95 61 24 29 25 8 95 29 -1 24 57 104 18 42 -1 24 95 105 95 -1 15 94 29 18 29 85 51 22 93 62 85 51 24 56 -1 -1 44 29 18 51 29 29 61 93 51 96 -1 18 46 93 29 29 44 95 18 96 29 85 101 7 15 18 94 24 22 29 101 93 29 24 42 44 15 93 95 -1 94 64 48 69 8 8 25 -1 7 -1 44 56 29 15 57 -1 8 93 8 101 
4 93 67 48 -1 4 59 45 44 67 51 48 51 59 59 44 51 44 48 51 96 4 48 59 25 4 96 51 51 51 44 58 48 48 48 5 51 51 80 62 51 51 67 56 -1 44 -1 51 -1 51 4 -1 51 59 51 59 45 48 -1 -1 51 51 44 51 58 96 51 51 48 58 44 48 58 4 105 35 5 93 51 64 48 44 44 80 51 5 58 64 4 48 69 58 4 44 58 45 44 48 51 44 78 45 5 51 21 51 
29 50 40 29 51 85 94 45 45 40 40 61 40 29 78 29 66 29 45 51 40 51 94 42 42 78 84 51 40 -1 29 94 29 98 29 61 51 51 94 94 -1 51 40 56 45 29 51 -1 29 51 29 29 61 29 51 61 29 85 51 34 29 29 94 40 79 96 29 40 101 61 29 45 94 42 40 29 66 93 29 40 40 78 29 40 29 40 94 79 51 29 40 40 51 45 40 40 40 63 29 29 63 29 40 78 40 51 
80 80 91 -1 46 88 89 45 45 80 80 34 51 17 59 17 51 3 -1 51 57 46 18 53 45 46 84 80 80 17 57 58 3 18 -1 68 51 62 80 62 80 51 80 97 46 18 -1 29 -1 32 17 46 83 3 3 53 45 18 -1 34 17 34 -1 97 18 96 29 51 -1 58 22 18 58 54 22 17 22 93 51 64 -1 58 17 80 17 17 58 64 -1 34 69 34 46 45 62 45 46 34 33 17 57 68 80 34 68 51 
51 38 67 32 51 51 55 51 51 60 51 61 51 60 59 60 51 60 71 51 51 51 51 60 51 78 84 -1 74 51 82 58 -1 71 54 105 51 51 27 55 60 51 60 56 51 51 51 51 32 -1 60 -1 -1 32 51 52 51 51 51 51 -1 52 51 51 71 96 51 51 32 51 54 -1 51 51 60 60 82 93 51 51 38 71 60 52 51 60 58 71 51 55 82 83 52 38 38 78 55 38 38 27 78 51 51 51 84 27 
-1 -1 103 17 0 4 55 45 15 85 80 103 103 17 25 0 66 -1 45 73 103 4 103 53 73 4 84 38 74 17 15 58 17 75 17 75 51 103 1 55 85 84 60 84 15 29 4 29 17 60 -1 29 83 0 17 53 29 85 4 34 17 29 103 103 73 103 29 85 17 73 15 60 103 0 60 17 5 93 103 73 0 103 15 1 17 17 58 73 4 17 73 34 4 1 38 73 103 103 29 15 103 29 80 -1 84 83 
46 105 67 54 46 19 70 45 45 67 12 54 -1 29 59 29 36 29 37 -1 12 46 37 63 12 78 84 49 12 -1 57 58 49 57 54 105 -1 -1 49 62 12 -1 67 56 46 29 -1 29 46 -1 29 -1 49 54 -1 52 29 36 46 46 49 12 37 36 37 96 29 -1 37 41 54 49 37 19 105 29 19 93 -1 24 12 41 60 105 41 67 58 71 37 54 67 12 37 45 37 78 46 54 29 67 78 29 19 12 84 -1 
55 83 91 49 92 92 55 69 61 83 83 61 61 55 59 55 61 60 71 51 83 92 92 55 61 92 96 49 83 61 61 69 49 61 61 61 61 92 49 55 83 51 60 61 96 61 51 61 83 -1 83 49 -1 55 51 -1 61 61 69 55 49 -1 55 61 92 96 61 51 92 61 55 49 92 69 60 60 66 93 51 61 83 71 60 -1 69 60 69 92 89 55 69 83 -1 83 55 83 55 49 61 49 61 61 83 61 89 83 
-1 50 15 -1 0 4 55 73 15 42 23 59 23 -1 59 0 63 3 48 73 23 4 48 -1 42 4 96 49 23 17 15 58 3 48 59 68 63 68 80 55 42 54 23 70 15 93 59 29 3 32 0 54 55 -1 3 -1 29 23 4 -1 13 55 48 23 73 96 29 42 3 73 15 48 58 0 60 17 23 93 25 23 0 44 15 55 17 17 58 73 4 13 73 59 4 59 23 63 55 59 29 15 63 68 80 50 23 54 
73 50 67 -1 58 51 70 69 70 95 51 34 51 60 59 70 51 3 48 51 70 58 70 53 73 58 84 51 74 51 70 58 3 64 -1 68 51 51 97 55 60 51 60 70 51 51 51 51 3 51 17 -1 51 3 -1 53 51 70 -1 34 -1 60 34 51 58 96 51 51 -1 58 -1 51 58 -1 60 17 70 93 51 64 48 58 60 91 17 17 58 64 48 34 69 34 51 59 58 73 69 34 51 67 70 68 51 34 68 51 
53 83 70 53 53 89 -1 89 104 94 83 61 61 53 59 53 61 53 53 52 96 104 70 53 53 53 96 52 83 61 96 94 52 70 89 104 61 62 94 -1 94 89 53 70 96 96 59 61 53 52 53 52 -1 -1 53 -1 61 70 89 53 52 52 39 53 70 96 61 70 53 89 6 52 94 53 60 53 94 93 103 96 53 94 96 52 89 53 94 92 89 -1 89 83 52 59 6 63 -1 89 61 52 63 61 80 96 89 83 
29 93 45 29 45 76 70 -1 45 95 95 61 45 29 45 29 66 29 45 45 76 104 45 45 45 45 84 51 95 -1 29 94 29 45 29 61 51 51 94 62 47 51 45 -1 45 -1 45 29 45 51 29 29 61 29 51 61 -1 45 69 93 29 29 45 95 45 96 29 51 101 7 43 45 94 45 45 29 43 93 29 45 45 45 76 61 43 45 94 64 48 69 69 34 51 45 7 45 45 43 29 29 78 29 45 78 45 51 
30 83 70 48 85 85 70 45 30 85 20 61 20 85 100 30 36 85 -1 51 -1 104 18 20 45 100 96 51 20 45 -1 94 48 -1 48 75 -1 22 94 62 85 51 20 70 30 18 48 85 18 51 85 36 61 23 70 70 45 -1 48 48 61 36 48 36 18 96 36 70 48 61 -1 18 94 64 22 33 20 93 100 20 20 71 30 20 70 -1 94 64 48 70 82 20 37 45 20 20 20 63 33 30 -1 45 85 96 20 51 
4 91 91 48 -1 4 70 69 91 91 91 48 51 60 25 4 79 48 48 5 79 4 64 53 25 4 84 51 91 51 15 -1 48 64 48 5 51 72 80 62 79 69 60 70 46 46 -1 51 -1 51 4 46 69 4 -1 89 69 48 -1 46 54 69 48 51 -1 96 69 5 48 -1 54 81 -1 54 60 64 5 93 81 64 48 -1 60 91 69 5 -1 64 4 69 69 -1 4 46 31 73 69 48 64 15 81 68 5 72 91 51 
53 93 91 53 46 46 55 93 93 91 91 34 51 53 -1 34 51 34 48 51 53 46 48 53 25 14 84 51 91 34 34 58 53 48 -1 34 51 51 93 55 53 51 53 97 46 93 -1 34 34 51 34 46 55 -1 34 53 93 48 46 -1 34 34 34 53 58 96 34 51 48 58 54 48 58 53 60 34 46 93 25 25 48 46 34 91 34 34 58 64 46 34 69 34 46 -1 53 93 46 34 34 34 63 93 46 93 89 51 
17 50 67 17 58 67 70 69 17 42 42 61 61 -1 42 17 61 -1 71 42 42 58 74 42 42 42 84 49 74 17 82 58 -1 75 17 61 61 51 49 55 42 51 -1 70 17 29 51 29 17 -1 17 49 49 13 -1 52 29 61 54 34 -1 -1 61 42 58 96 61 42 54 61 54 49 58 42 -1 17 82 93 29 42 42 58 -1 42 17 17 58 71 89 13 82 34 52 44 42 42 82 34 29 74 61 29 42 50 84 74 
73 83 78 29 69 35 55 69 45 40 12 -1 -1 60 25 29 36 29 45 24 12 35 74 60 12 24 84 52 12 -1 57 69 60 57 11 11 -1 51 98 55 12 69 60 56 45 29 51 29 34 52 29 12 -1 55 60 52 29 36 69 34 -1 -1 11 36 69 96 -1 12 35 -1 57 52 69 69 60 29 66 93 29 24 12 69 60 52 69 29 69 92 89 69 69 12 52 45 62 12 69 34 29 74 57 29 35 11 35 35 
44 93 44 48 46 35 94 94 44 94 80 -1 51 34 59 44 51 34 48 51 94 35 37 94 45 45 94 94 74 45 44 94 48 48 11 11 51 -1 94 -1 94 51 80 94 -1 44 44 94 -1 51 103 37 55 48 34 39 45 48 48 34 61 11 -1 94 37 96 61 51 37 58 37 48 37 44 37 35 94 93 51 94 48 44 44 80 94 45 94 92 37 34 69 34 37 44 -1 45 44 34 94 44 57 45 80 11 35 35 
53 97 40 53 51 85 94 94 95 40 40 61 40 53 59 53 36 85 57 51 23 104 94 -1 42 95 95 97 40 47 57 94 51 57 97 61 -1 51 97 55 -1 51 23 97 95 95 51 40 97 51 103 36 61 23 51 53 95 36 51 53 42 36 94 -1 79 96 36 40 51 61 57 51 94 95 40 57 23 95 95 40 40 94 57 40 95 40 94 79 51 97 40 40 51 95 40 -1 23 -1 85 67 -1 95 40 97 23 51 
73 73 91 48 58 58 70 45 45 79 73 48 73 60 58 70 79 75 -1 73 79 58 -1 73 73 58 84 71 74 45 57 58 48 -1 48 75 57 22 94 62 79 69 73 70 45 18 58 79 18 71 73 37 92 73 58 70 45 18 -1 58 58 69 37 79 -1 96 76 70 37 58 22 18 58 -1 22 33 22 93 81 -1 48 58 76 91 69 45 58 -1 37 69 69 58 87 45 22 73 69 48 33 74 57 45 79 37 79 71 
96 96 96 96 96 96 96 96 96 96 96 103 103 96 96 96 96 96 96 96 96 104 96 96 96 103 96 96 96 96 96 96 96 96 96 103 96 103 96 96 96 96 96 96 96 96 96 96 96 96 103 96 96 96 96 96 96 96 96 96 96 96 96 96 96 -1 96 96 103 96 96 96 96 96 96 96 96 96 103 96 96 96 96 96 96 96 96 96 96 96 96 96 96 96 96 96 -1 103 96 96 96 96 96 96 96 96 
29 50 78 29 76 76 94 45 45 95 61 61 61 29 78 29 -1 29 45 51 76 61 76 63 45 78 84 51 61 -1 57 94 61 57 29 61 -1 51 94 61 47 51 61 76 45 29 51 29 29 51 29 29 61 29 51 61 29 36 69 34 61 -1 61 36 76 96 -1 51 101 61 57 45 94 69 61 29 -1 93 29 16 61 78 76 61 29 29 94 76 76 69 69 34 61 45 76 16 69 63 29 29 57 29 76 61 76 51 
5 83 -1 54 5 -1 70 85 2 2 -1 35 10 60 25 70 51 85 70 5 10 5 70 42 42 5 84 99 10 51 70 58 51 70 54 5 51 51 80 62 10 51 -1 70 51 85 51 40 51 51 85 -1 51 42 51 70 51 70 5 51 42 12 51 40 70 96 51 -1 35 51 -1 51 51 42 99 35 5 93 2 20 10 51 60 10 51 -1 58 70 5 70 2 2 5 85 20 10 20 70 85 -1 70 2 2 12 8 51 
53 50 101 -1 35 35 70 101 101 101 80 35 51 17 59 17 51 3 48 35 101 35 37 53 73 35 84 105 74 101 17 58 3 48 48 -1 51 -1 80 62 60 51 60 70 48 101 48 101 -1 32 17 37 92 3 -1 53 101 48 48 48 54 35 37 51 37 103 101 35 -1 58 54 48 37 54 37 35 101 101 51 64 48 58 60 80 17 17 58 92 37 48 101 48 37 101 37 73 103 48 101 17 57 -1 35 37 35 35 
73 73 90 58 58 58 89 -1 45 90 61 61 61 89 58 73 61 84 45 73 96 58 64 73 73 58 84 51 61 61 90 58 61 64 89 61 61 51 94 89 73 -1 73 84 96 7 58 61 58 51 73 41 61 73 58 89 7 61 -1 58 61 -1 58 61 58 96 61 51 58 -1 58 81 58 -1 61 84 66 93 51 64 58 41 90 61 -1 45 58 64 89 -1 -1 58 58 45 7 73 -1 84 61 67 61 45 90 96 84 51 
15 50 67 54 15 67 -1 56 15 67 67 54 54 17 59 -1 57 15 22 54 57 15 -1 57 67 15 84 99 67 17 15 58 54 57 54 67 57 22 94 55 67 54 67 -1 15 15 44 29 22 54 15 54 55 15 -1 6 43 -1 54 54 54 57 37 57 22 96 57 -1 54 58 -1 22 37 54 22 17 22 93 54 57 15 44 15 67 43 57 58 64 37 6 67 54 37 44 6 67 44 43 57 15 57 67 67 37 15 54 
73 105 81 48 81 105 94 45 45 81 105 105 51 60 81 81 51 60 -1 51 57 105 18 57 45 81 84 49 105 45 57 81 49 18 48 105 51 22 49 55 94 81 60 56 81 18 48 45 18 -1 60 49 49 48 51 52 45 18 81 48 49 52 48 51 18 96 45 51 48 81 22 -1 81 64 105 33 22 93 81 64 48 -1 60 105 81 45 81 -1 48 48 81 81 87 45 81 45 81 48 33 49 57 105 80 81 105 -1 
58 94 91 58 58 58 94 94 91 94 91 62 51 60 58 58 51 94 37 51 94 58 37 94 51 58 94 94 74 51 94 58 51 64 58 68 51 -1 94 62 94 51 94 94 58 94 58 94 58 51 103 37 92 58 58 94 94 94 -1 58 58 69 37 94 58 96 94 51 37 58 37 81 -1 58 37 64 94 103 51 64 58 58 94 91 94 94 58 64 37 69 69 58 37 103 -1 94 69 94 94 67 78 68 94 37 91 51 
-1 50 67 54 0 19 70 69 15 95 42 54 24 53 25 0 95 15 64 -1 42 4 64 42 -1 24 84 51 42 45 15 58 54 64 54 19 51 51 80 55 42 69 -1 70 15 24 4 42 54 51 0 19 69 0 -1 53 45 64 54 53 42 69 44 95 -1 96 69 42 54 -1 54 64 58 -1 60 64 19 93 95 24 0 58 15 42 69 19 58 64 4 69 69 42 4 45 42 -1 69 54 64 15 95 45 19 24 84 51 
99 105 99 60 60 76 70 94 99 40 28 61 28 60 60 99 61 60 22 105 28 105 -1 60 60 60 84 99 -1 60 82 94 60 22 60 105 61 22 94 62 28 105 60 70 99 22 105 40 22 60 60 105 60 60 60 60 45 22 60 60 -1 60 37 40 22 96 61 99 37 61 22 105 37 60 -1 60 22 93 105 64 28 94 60 105 60 60 94 64 37 60 82 28 37 45 22 28 82 60 33 -1 57 105 40 37 105 -1 
17 50 17 17 35 35 70 45 17 85 57 35 51 17 59 17 57 -1 33 35 57 35 33 53 35 35 84 105 74 17 17 64 17 -1 17 -1 57 68 98 62 85 84 60 84 17 29 35 29 17 60 17 29 60 17 17 53 29 33 64 34 17 29 35 57 33 96 29 35 35 84 17 33 64 64 60 -1 35 93 29 64 17 44 17 105 17 17 64 64 35 17 82 34 35 44 84 84 44 34 33 17 57 29 35 35 35 35 
5 94 101 101 5 -1 94 94 82 94 20 35 20 82 25 82 66 66 22 5 -1 5 -1 20 19 5 84 94 20 66 82 94 82 22 97 5 66 22 94 94 94 84 20 -1 82 101 5 66 22 82 5 19 66 23 70 94 43 20 5 46 82 66 94 23 22 96 -1 5 101 66 22 22 94 19 22 35 -1 101 66 20 20 94 -1 20 43 5 94 64 5 88 82 20 5 101 -1 20 20 43 66 67 57 -1 5 37 20 101 
93 93 93 93 93 93 93 93 93 95 93 103 103 93 93 93 95 93 93 93 96 93 93 93 93 93 96 93 93 93 93 93 93 93 93 103 93 103 93 93 93 93 93 93 93 93 93 93 93 93 93 93 93 93 93 93 93 93 93 93 93 93 93 95 93 96 93 93 101 93 93 93 103 93 93 93 101 -1 103 93 93 93 93 93 95 93 93 93 103 93 93 93 103 -1 93 93 93 103 93 93 103 93 93 93 93 93 
25 103 -1 29 25 25 94 45 2 2 95 103 51 29 25 8 95 29 45 51 94 25 51 95 25 -1 95 51 95 -1 100 81 51 98 29 103 51 51 94 62 9 51 25 56 81 29 51 29 51 51 103 -1 51 25 51 103 29 100 81 25 29 29 51 95 81 103 29 2 51 51 54 81 51 95 105 29 66 103 -1 25 95 -1 90 91 95 29 81 81 25 29 2 2 25 103 81 -1 103 103 29 67 -1 2 2 -1 8 51 
73 83 40 53 25 24 94 45 45 40 20 61 24 53 25 45 -1 85 64 24 -1 104 64 20 -1 24 96 94 20 45 57 64 60 64 64 104 16 64 94 94 -1 51 24 76 45 24 64 40 64 51 73 24 61 23 64 96 45 20 64 25 42 24 94 40 -1 96 16 20 64 64 57 64 64 24 64 64 20 93 25 -1 20 64 76 20 94 40 64 64 24 104 40 20 87 45 20 16 20 63 64 67 57 45 40 24 20 51 
-1 38 102 48 0 102 94 94 15 40 -1 48 10 53 25 0 95 15 48 42 10 4 48 42 42 4 94 38 10 98 15 58 48 48 48 68 51 62 -1 62 10 51 -1 97 15 42 48 40 -1 38 0 12 83 0 48 53 45 20 48 48 42 12 48 40 48 96 61 10 48 58 15 48 58 0 28 17 20 93 95 20 -1 58 15 -1 94 40 58 64 48 48 102 10 4 38 38 10 20 38 38 15 57 68 -1 12 20 83 
44 93 78 58 58 58 94 94 44 78 91 62 51 44 78 44 95 44 71 51 94 58 94 94 45 78 84 71 91 78 44 58 71 64 58 105 51 51 94 62 94 -1 94 84 -1 44 44 78 58 71 103 41 71 44 58 94 45 71 -1 46 58 69 44 94 58 96 78 51 58 41 44 -1 58 58 94 44 94 93 -1 64 58 -1 44 91 41 45 58 71 58 69 69 58 58 44 -1 78 44 94 78 44 78 45 78 78 84 71 
15 50 90 17 15 76 70 90 15 90 60 61 61 60 25 -1 76 15 57 76 76 15 76 60 60 15 96 60 74 17 -1 94 60 57 17 76 57 76 94 96 60 90 60 76 15 15 44 29 17 60 15 60 60 15 60 96 76 30 60 34 -1 60 44 57 76 96 76 60 60 90 15 60 94 15 60 17 -1 93 90 76 15 44 -1 60 17 17 94 71 76 60 -1 90 15 44 76 45 -1 76 29 15 57 76 76 96 15 74 
80 -1 91 80 80 67 55 69 91 40 -1 61 10 50 91 80 95 50 80 105 10 104 105 20 12 24 95 105 10 61 57 91 52 57 91 105 61 92 1 55 10 105 10 70 93 93 80 40 80 52 1 105 -1 55 91 52 61 20 91 91 42 52 80 40 91 96 61 10 80 61 67 105 91 42 105 105 20 93 91 20 -1 91 60 -1 95 40 91 92 80 55 91 -1 52 1 20 10 20 38 38 67 57 105 80 12 91 -1 
17 50 90 17 69 76 94 69 104 95 95 34 51 17 59 17 95 -1 94 51 94 104 94 94 73 95 -1 94 95 17 17 94 17 75 17 104 51 51 94 94 94 -1 60 -1 17 95 51 29 17 51 17 41 69 17 17 89 43 70 69 34 17 69 94 95 69 96 29 51 17 -1 43 81 94 69 60 17 43 95 95 94 94 41 17 95 -1 17 94 69 89 69 69 104 51 95 -1 -1 26 43 29 17 95 29 94 50 -1 51 
5 50 67 17 5 -1 70 45 45 40 40 34 40 17 25 17 57 -1 45 5 57 5 45 42 45 5 84 98 40 17 57 94 17 57 17 5 57 67 98 62 -1 67 40 56 45 -1 5 40 17 60 17 67 60 17 17 53 45 -1 5 34 17 29 45 40 45 96 29 -1 17 45 57 45 94 19 60 17 5 93 29 40 40 45 17 40 17 -1 94 64 5 17 67 34 5 45 40 45 45 34 -1 67 57 45 5 50 35 35 
58 94 91 58 58 58 94 94 91 94 91 94 58 60 58 58 79 94 58 58 94 58 94 94 58 58 94 94 91 58 94 58 58 64 58 58 58 72 94 94 94 69 94 94 58 94 58 94 58 58 58 58 69 58 58 94 94 94 -1 58 58 69 94 94 58 96 94 58 58 58 58 81 58 58 94 64 94 93 81 64 58 58 94 91 94 94 -1 64 58 69 69 58 58 58 -1 94 69 94 94 94 81 94 94 72 91 58 
73 92 81 64 92 92 70 64 64 79 73 92 71 71 92 70 79 71 64 73 79 92 64 73 73 92 84 71 74 64 64 64 71 64 64 105 64 92 71 92 79 81 73 70 81 64 64 79 64 71 73 71 92 73 64 92 64 64 64 64 71 92 92 79 -1 96 76 70 92 64 64 -1 64 64 64 64 64 93 81 64 64 71 71 92 69 64 64 -1 92 69 69 64 -1 64 64 73 69 103 64 71 64 105 79 92 79 71 
4 50 67 48 -1 -1 89 89 104 67 67 35 51 89 25 4 51 48 48 5 76 4 37 53 19 4 89 51 67 51 15 58 48 48 48 5 51 -1 80 62 85 51 67 76 46 48 4 51 -1 51 4 37 89 4 48 89 48 48 4 46 89 89 37 51 37 96 76 5 37 89 37 48 37 4 37 35 5 103 25 24 48 58 76 80 89 5 58 92 -1 -1 89 48 4 103 37 48 89 48 85 67 57 68 5 37 89 35 
53 50 90 17 88 88 -1 69 104 90 91 34 69 -1 59 17 69 13 48 73 104 104 70 53 73 88 84 55 74 17 17 69 60 48 -1 104 69 88 94 55 94 69 60 70 96 69 48 29 34 55 17 54 55 13 34 -1 69 70 69 34 13 69 34 97 69 96 69 70 48 -1 6 48 69 69 60 17 88 93 29 104 48 69 60 55 69 17 69 69 -1 -1 69 34 55 59 6 73 55 34 29 17 70 29 88 34 -1 104 
73 91 -1 69 69 67 89 69 2 2 67 69 69 82 78 82 69 82 45 73 82 69 82 67 73 78 84 82 67 69 82 69 82 69 89 67 69 67 94 89 9 69 67 82 82 8 69 40 69 82 73 67 69 73 69 89 69 82 69 69 82 69 69 40 69 96 69 2 101 -1 67 81 69 69 82 82 82 93 2 40 102 69 -1 91 69 67 69 69 89 69 -1 2 69 45 69 9 69 82 69 67 78 2 2 78 8 101 
58 83 -1 34 58 58 89 69 2 2 -1 34 10 34 59 8 95 34 48 24 10 104 64 20 12 58 104 105 10 34 15 58 34 64 -1 104 51 72 80 62 10 69 10 97 58 8 58 40 34 83 34 12 83 59 34 83 34 20 -1 34 34 12 34 40 58 96 34 2 48 58 54 81 58 42 28 34 20 93 2 20 10 58 90 -1 104 34 58 64 48 34 2 -1 58 59 20 10 20 34 34 67 78 2 2 12 -1 83 
4 83 67 68 -1 4 55 69 15 67 83 61 51 53 25 4 51 15 37 5 76 4 37 53 25 4 96 52 74 51 15 58 52 87 48 5 51 -1 52 55 83 51 25 70 46 25 4 51 46 52 4 37 -1 4 51 52 51 37 4 46 52 52 37 51 87 96 61 5 37 58 37 87 37 4 37 35 5 103 25 87 4 58 15 52 51 5 58 -1 4 55 69 58 -1 103 37 73 55 103 51 15 78 68 5 37 21 51 
44 -1 45 59 46 85 59 45 45 95 83 103 103 59 59 44 95 44 45 45 96 46 45 59 45 45 96 38 83 45 44 58 59 45 59 103 51 103 1 62 85 81 45 56 -1 -1 44 45 45 38 1 45 83 59 59 59 45 45 46 -1 44 45 44 95 45 96 45 85 101 45 44 45 103 45 45 44 101 -1 103 45 38 44 44 1 95 45 58 64 103 59 45 59 103 -1 38 45 44 103 38 44 103 45 45 -1 45 83 
80 38 40 62 58 76 -1 -1 45 40 20 62 20 84 81 62 76 84 22 76 -1 104 -1 20 42 81 84 38 20 45 57 -1 49 22 62 62 57 22 -1 62 -1 81 40 76 62 7 58 40 62 38 38 37 55 23 58 6 7 20 31 53 42 62 -1 40 22 96 76 20 37 7 6 81 -1 42 22 84 -1 93 81 20 38 -1 76 20 -1 40 -1 64 37 6 69 20 37 38 -1 84 20 38 38 38 57 76 40 37 20 38 
73 83 9 73 73 67 94 45 45 -1 -1 103 10 84 78 45 -1 84 45 73 10 104 45 63 45 78 84 78 10 45 45 94 60 45 73 104 16 78 80 62 9 84 10 84 45 -1 45 40 45 78 73 78 83 63 73 63 45 20 73 93 42 12 45 -1 73 96 16 10 73 73 67 45 94 -1 28 84 20 93 -1 16 10 78 45 10 -1 45 94 73 48 73 9 10 73 45 84 -1 20 63 45 67 63 45 9 78 84 78 
44 93 90 55 46 76 55 69 44 40 20 103 103 55 59 44 79 44 45 73 -1 104 76 20 45 103 -1 55 20 45 82 69 82 57 89 103 57 103 94 55 20 69 20 76 -1 44 44 40 46 55 103 46 55 55 69 -1 45 20 69 46 82 69 44 23 69 -1 69 20 103 -1 44 81 69 69 82 44 20 93 103 20 20 44 -1 20 26 45 69 69 89 55 69 20 55 44 20 20 -1 103 45 44 57 45 40 -1 20 51 
80 38 91 34 48 76 70 56 34 63 63 34 103 34 59 34 63 34 48 54 63 35 70 63 103 103 84 38 63 34 34 94 34 98 -1 34 63 103 -1 62 63 84 63 -1 103 56 48 63 34 38 103 54 49 59 34 89 43 63 48 34 34 34 34 -1 48 103 63 70 48 84 43 48 94 54 60 34 43 103 103 63 38 94 76 38 43 34 94 103 48 34 82 34 103 103 38 63 103 -1 38 38 63 76 63 -1 84 38 
80 38 78 29 85 85 94 45 45 85 80 61 51 29 78 29 66 29 33 51 57 75 33 57 45 78 84 38 80 -1 57 94 29 -1 29 75 51 51 -1 94 85 51 80 56 45 29 51 29 33 38 29 29 61 29 51 61 29 33 64 34 29 29 94 85 33 96 29 85 101 61 57 33 94 64 33 33 66 93 29 64 38 78 29 38 29 -1 94 64 85 29 69 34 51 38 38 45 45 38 -1 38 57 29 80 78 45 38 
15 38 67 17 15 67 70 45 15 67 67 34 67 17 25 -1 67 15 74 67 67 15 74 67 67 15 84 -1 74 17 15 94 49 57 17 67 67 67 27 62 67 67 67 70 15 15 44 29 17 27 15 67 49 15 67 52 29 30 15 34 74 74 44 67 74 96 29 -1 17 67 15 49 67 15 -1 17 67 93 67 67 15 44 15 67 17 67 94 71 67 17 67 67 15 44 38 67 44 38 38 -1 57 67 67 50 15 27 
57 97 78 57 78 85 70 57 78 63 57 103 78 63 78 57 57 78 57 78 57 78 57 63 78 78 95 78 57 78 57 81 78 57 97 75 57 78 97 62 63 78 63 70 81 57 78 63 57 78 103 78 61 63 70 63 78 -1 81 63 61 57 57 -1 57 96 57 70 57 61 57 57 78 95 57 57 57 103 -1 57 57 78 57 57 95 57 81 64 57 70 78 78 78 103 57 63 57 63 57 57 -1 78 63 78 57 78 
15 93 -1 68 76 76 94 45 2 2 67 61 45 29 45 8 66 29 45 45 76 68 76 76 45 45 84 105 105 -1 82 94 68 45 29 68 51 68 94 62 9 51 45 76 45 -1 45 29 68 51 29 29 61 68 68 61 29 45 68 93 29 29 45 95 45 96 29 2 -1 45 67 105 68 45 105 29 -1 93 2 45 68 45 76 105 29 45 94 105 68 29 2 2 68 45 76 45 45 76 29 67 78 -1 2 68 8 -1 
80 80 -1 80 5 -1 94 94 2 2 40 35 40 60 25 8 79 85 80 5 40 5 76 42 19 5 94 80 40 47 15 94 60 75 80 5 63 88 80 80 -1 51 40 76 15 8 5 40 80 51 80 19 83 80 51 80 45 85 5 46 42 35 80 40 79 96 76 2 35 90 67 80 94 19 40 35 5 93 2 40 -1 78 76 80 94 5 94 79 5 88 2 2 5 45 40 9 40 63 80 67 63 2 -1 78 8 35 
50 50 78 50 50 35 96 93 78 78 12 -1 -1 50 78 50 95 50 37 24 96 35 37 96 12 78 96 97 12 78 96 72 50 37 11 11 51 -1 97 62 12 51 12 97 93 93 51 78 34 51 -1 12 61 50 34 96 78 96 72 93 50 11 11 97 37 96 61 12 37 96 37 81 37 24 37 35 37 93 -1 24 12 78 96 12 50 50 72 92 37 34 78 12 37 -1 37 78 -1 -1 78 50 78 68 78 -1 35 35 
15 91 8 68 21 35 89 45 -1 8 20 35 20 89 25 8 79 84 45 35 -1 -1 76 20 45 21 84 105 20 45 15 91 68 57 89 -1 57 68 94 89 20 84 20 84 15 8 21 40 68 84 84 84 89 23 68 89 45 20 91 89 84 35 35 23 79 96 76 8 35 84 15 105 91 84 105 35 20 93 8 20 20 84 15 91 -1 35 91 79 89 -1 8 -1 21 45 20 84 20 84 45 15 57 8 8 35 -1 35 
83 83 101 54 35 35 70 101 101 101 83 35 51 74 59 99 51 51 71 51 83 35 74 63 51 78 84 -1 74 51 57 58 49 71 35 -1 51 51 27 62 83 51 67 101 51 101 51 51 51 27 83 -1 83 54 51 83 51 51 51 51 74 35 35 51 71 96 51 51 35 51 54 -1 51 51 -1 35 101 93 51 51 83 71 74 -1 51 35 58 71 35 104 101 83 51 83 38 78 51 38 38 27 78 -1 35 35 35 -1 
