113
0 39
-1 75 79 79 57 57 79 79 79 57 56 49 79 56 49 56 49 85 81 56 56 49 56 56 57 57 57 49 79 57 57 57 79 57 92 56 57 49 49 57 89 110 49 57 57 64 69 56 79 -1 56 64 80 64 79 57 -1 -1 79 -1 56 64 64 57 56 56 79 56 92 56 57 106 56 57 64 49 64 85 56 -1 56 56 56 57 56 49 49 79 56 59 56 49 79 57 49 57 81 56 56 92 92 85 81 56 57 56 59 49 49 56 79 49 49 
75 -1 99 92 75 100 92 97 75 75 75 92 80 75 20 56 20 40 92 47 -1 20 75 89 40 102 69 92 40 69 92 100 92 75 92 75 75 40 92 107 20 75 97 75 92 92 40 20 92 75 75 92 80 92 92 99 47 75 69 75 40 92 92 100 92 47 65 47 92 47 69 106 46 65 97 -1 75 46 91 92 47 102 56 100 100 75 40 91 20 40 75 20 -1 92 75 92 92 75 56 92 -1 92 20 75 102 67 20 20 47 47 92 20 75 
79 99 -1 79 25 31 79 58 31 48 82 99 80 25 48 82 48 32 99 102 91 91 25 31 82 -1 57 99 32 31 25 25 -1 50 99 91 112 82 25 82 32 104 102 48 45 32 61 80 25 112 25 82 80 25 48 99 82 31 48 112 82 45 45 31 45 82 69 80 99 32 82 31 112 82 58 50 31 30 82 32 32 82 -1 30 48 32 30 -1 48 31 50 87 99 45 48 45 82 48 82 -1 99 32 25 30 102 32 38 32 82 112 79 84 32 
79 92 79 -1 43 31 79 69 79 43 88 92 66 79 88 -1 79 69 110 110 88 88 44 15 66 79 69 92 69 66 79 23 79 79 66 56 66 88 112 107 89 110 97 15 23 79 69 56 79 79 56 66 80 79 79 80 15 43 69 79 79 69 79 57 79 66 -1 89 88 66 43 66 110 110 66 43 66 69 56 -1 66 56 56 79 79 79 110 79 -1 88 56 78 79 66 89 79 66 66 56 92 92 66 110 88 110 110 69 88 110 112 -1 88 88 
57 75 25 43 -1 76 41 97 41 -1 36 53 66 22 44 43 44 76 53 86 65 44 -1 44 70 22 36 38 30 31 22 30 112 36 9 50 -1 76 22 107 76 9 38 9 22 44 69 65 22 75 22 64 80 22 43 53 43 36 48 112 36 45 45 57 53 36 65 65 76 36 43 107 112 43 103 9 9 30 53 48 50 53 70 30 9 75 22 25 112 44 50 78 34 44 44 53 65 65 112 92 84 65 25 30 41 30 38 84 38 36 41 84 36 
57 100 31 31 76 -1 8 107 -1 76 84 18 80 38 68 31 84 76 8 86 102 18 31 31 31 31 57 38 31 31 31 -1 62 57 76 42 76 76 -1 107 76 8 38 57 31 62 76 76 84 38 84 31 80 95 84 -1 64 31 76 106 76 42 -1 -1 62 76 76 80 62 76 76 31 18 76 51 76 -1 31 95 8 55 18 31 84 -1 38 38 31 68 31 84 42 38 44 49 -1 76 42 63 55 84 84 55 31 41 111 38 84 38 112 41 8 38 
79 92 79 79 41 8 -1 79 -1 41 72 18 79 79 111 79 79 76 8 110 92 18 53 31 31 79 79 92 79 31 79 8 79 79 92 111 41 76 8 111 72 8 38 79 79 79 72 18 79 79 79 79 80 18 79 8 79 79 79 79 79 79 8 8 79 76 79 80 92 76 79 79 18 110 79 41 8 79 53 -1 79 18 79 79 8 79 38 79 79 79 111 21 79 72 79 8 18 79 63 92 92 84 55 79 41 111 38 72 38 104 79 8 79 
79 97 58 69 97 107 79 -1 111 97 103 69 69 58 107 58 58 107 107 69 107 107 103 97 107 58 69 111 58 69 103 103 112 90 97 107 97 107 97 107 97 76 97 58 58 90 69 69 58 97 90 74 90 74 97 90 90 58 -1 97 107 90 69 98 74 97 69 97 107 58 69 58 107 97 -1 97 69 103 90 58 90 74 70 103 107 107 103 107 58 97 -1 107 79 107 97 90 97 -1 58 58 107 97 97 -1 97 107 69 -1 70 112 107 90 103 
79 75 31 79 41 -1 -1 111 -1 41 72 18 80 38 111 31 111 76 -1 110 111 18 53 31 31 31 41 111 111 31 31 5 79 57 41 111 41 76 5 111 72 -1 38 41 95 95 72 18 79 111 84 81 80 18 79 5 81 31 76 79 81 95 5 5 53 76 76 104 62 76 43 31 18 110 81 41 5 31 53 6 55 18 81 84 5 111 38 31 111 31 111 21 18 72 111 -1 18 42 63 55 84 84 55 31 41 111 38 72 38 104 41 -1 38 
57 75 48 43 -1 76 41 97 41 -1 75 84 66 22 107 43 44 76 84 86 75 75 4 43 70 48 36 75 48 76 22 57 112 36 -1 75 -1 76 76 107 76 -1 97 -1 43 44 76 65 43 75 75 70 80 22 43 76 43 43 48 112 36 45 76 57 76 34 65 104 76 76 43 107 84 43 58 -1 -1 30 53 48 75 54 70 84 -1 75 36 48 48 97 75 75 34 44 75 41 65 75 112 92 84 84 104 112 41 111 76 84 70 36 41 84 36 
56 75 82 88 36 84 72 103 72 75 -1 56 80 50 88 56 106 107 72 56 56 88 50 56 70 50 33 60 88 106 103 57 80 -1 65 50 33 60 106 105 60 110 103 54 93 64 72 56 88 56 -1 64 80 64 33 72 -1 33 88 106 -1 72 64 57 56 56 88 56 88 106 60 106 -1 82 103 50 60 72 56 54 50 56 56 84 50 56 60 82 -1 88 50 50 88 72 89 64 81 50 56 72 84 84 81 -1 67 60 -1 60 70 33 72 84 72 
49 92 99 92 53 18 18 69 18 84 56 -1 80 38 21 56 21 47 -1 47 47 -1 53 44 69 38 69 92 69 69 53 18 80 56 92 91 65 84 18 105 47 18 38 44 21 92 69 -1 21 21 56 64 80 -1 81 18 47 49 69 49 81 92 64 18 53 47 65 47 92 47 69 69 18 65 64 49 64 53 53 92 47 18 56 84 18 49 38 91 21 67 56 21 -1 72 21 53 -1 65 56 92 92 65 47 42 67 67 21 21 38 47 47 18 38 
79 80 80 66 66 80 79 69 80 66 80 80 -1 80 80 66 93 69 80 80 80 80 93 93 66 80 69 76 69 66 69 66 80 80 66 80 66 76 80 105 69 76 80 93 93 80 69 80 69 80 80 66 80 66 79 80 80 69 69 89 69 69 66 80 66 66 -1 80 88 66 66 66 93 66 66 80 66 69 80 66 -1 66 70 84 80 101 66 80 66 80 80 80 66 -1 89 80 66 66 69 80 84 66 80 74 80 80 69 93 70 80 66 84 80 
56 75 25 79 22 38 79 58 38 22 50 38 80 -1 48 48 48 48 38 86 102 48 -1 31 31 -1 50 38 48 31 22 25 25 50 22 50 22 38 -1 105 38 22 38 48 22 44 61 56 -1 38 -1 31 80 22 48 38 50 31 48 106 50 42 38 38 53 97 69 80 88 48 48 58 38 48 58 50 38 30 53 48 50 38 25 30 48 38 22 25 48 88 50 50 38 44 48 38 38 48 56 25 84 84 25 30 44 48 38 50 38 112 79 38 38 
49 20 48 88 44 68 111 107 111 107 88 21 80 48 -1 88 -1 107 21 47 -1 -1 44 44 107 48 106 111 48 68 48 44 112 88 92 107 112 68 106 107 20 111 102 44 16 44 40 20 16 21 88 68 80 21 48 102 47 44 48 106 107 111 68 68 68 47 88 47 -1 106 106 106 107 44 107 20 68 46 91 48 47 102 56 107 107 49 68 91 -1 88 111 20 68 44 16 111 21 48 112 92 20 68 20 88 44 111 -1 -1 68 47 88 -1 88 
56 56 82 -1 43 31 79 58 31 43 56 56 66 48 88 -1 44 48 81 56 56 44 44 -1 70 31 57 56 48 31 31 23 79 54 43 56 43 60 112 70 89 43 56 -1 23 44 69 56 43 56 56 64 80 64 43 31 -1 43 48 56 54 45 64 57 56 56 3 56 88 56 43 31 56 43 58 43 43 31 56 3 56 56 56 31 43 56 31 82 3 23 56 78 79 44 89 31 81 48 56 82 84 65 81 56 44 48 56 56 70 56 3 84 43 
49 20 48 79 44 84 79 58 111 44 106 21 93 48 -1 44 -1 48 21 47 14 -1 44 44 48 48 106 49 48 106 48 44 45 54 44 91 44 106 106 107 20 104 97 44 -1 44 106 20 -1 21 48 64 80 21 48 21 106 44 48 106 54 45 45 57 45 97 106 94 14 106 44 106 93 44 58 49 106 48 91 48 45 54 48 48 48 49 44 91 14 94 111 21 21 44 -1 45 21 48 58 48 84 68 20 48 44 48 -1 14 106 104 79 14 44 
85 40 32 69 76 76 76 107 76 76 107 47 69 48 107 48 48 -1 101 47 40 85 30 89 -1 30 69 85 -1 24 28 29 28 54 76 107 76 40 76 24 -1 76 107 48 30 32 40 40 28 85 101 29 80 76 48 76 76 31 48 89 107 46 29 76 76 76 69 89 101 28 24 107 107 76 107 76 -1 85 76 32 32 107 70 30 101 -1 30 32 48 40 107 40 85 107 85 76 76 48 58 32 101 -1 40 30 76 28 40 -1 70 47 76 85 32 
81 92 99 110 53 8 8 107 -1 84 72 -1 80 38 21 81 21 101 -1 47 47 11 53 31 81 38 81 38 84 81 53 8 80 72 84 42 84 84 -1 105 72 8 38 81 53 64 72 11 84 21 84 81 80 -1 81 -1 81 31 84 106 81 42 8 8 53 47 81 47 84 47 81 106 -1 110 81 84 8 72 53 8 55 -1 81 84 -1 38 38 91 72 106 84 21 11 72 21 8 11 42 81 55 84 84 55 42 41 72 38 72 38 47 72 8 38 
56 47 102 110 86 86 110 69 110 86 56 47 80 86 47 56 47 47 47 -1 47 47 86 56 108 102 69 86 69 69 86 86 80 56 65 102 86 86 86 105 47 110 102 108 86 108 69 -1 86 47 56 102 80 47 102 102 47 56 69 56 86 102 108 86 56 47 65 47 86 47 108 69 110 110 69 47 65 86 56 110 47 102 56 86 86 86 -1 91 110 67 56 47 47 110 89 53 47 65 56 102 47 65 -1 86 102 67 69 110 -1 47 -1 47 86 
56 -1 91 88 65 102 92 107 111 75 56 47 80 102 -1 56 14 40 47 47 -1 14 44 89 40 102 69 40 40 69 102 102 80 56 65 91 65 40 102 107 -1 104 102 44 16 92 40 -1 16 21 56 102 80 47 102 102 47 56 69 89 40 46 68 98 56 47 65 47 14 47 69 106 46 65 69 1 40 46 91 92 47 102 56 84 40 40 40 91 14 40 111 -1 1 44 16 53 47 65 56 92 1 40 -1 102 102 67 14 14 47 47 47 14 88 
49 20 91 88 44 18 18 107 18 75 88 -1 80 48 -1 44 -1 85 11 47 14 -1 44 44 85 48 57 49 48 68 48 44 112 54 92 91 112 49 18 107 20 18 91 44 16 44 40 11 16 -1 75 64 80 11 48 18 47 49 48 49 107 45 68 57 53 47 65 47 14 47 44 106 18 44 58 49 49 85 91 48 47 18 56 48 18 49 38 91 14 88 111 -1 11 44 16 53 11 48 112 92 92 68 20 112 44 91 14 14 38 47 47 14 49 
56 75 25 44 -1 31 53 103 53 4 50 53 93 -1 44 44 44 30 53 86 44 44 -1 44 30 13 36 38 30 31 -1 30 30 50 9 50 4 86 13 105 86 9 38 44 -1 44 77 53 13 38 13 64 80 -1 44 53 50 31 48 89 86 45 45 31 53 36 64 104 86 30 44 31 53 44 103 9 9 30 53 48 50 53 25 30 9 77 -1 25 48 44 50 78 45 44 44 53 53 48 56 25 84 30 25 30 44 30 38 30 38 104 86 38 36 
56 89 31 15 44 31 31 97 31 43 56 44 93 31 44 -1 44 89 31 56 89 44 44 -1 31 31 57 38 31 31 31 -1 45 57 43 56 43 89 31 31 89 104 97 15 -1 44 89 56 31 94 56 31 89 44 43 31 15 31 48 89 54 45 31 31 45 97 15 89 89 31 43 31 93 43 51 97 31 31 56 15 89 56 56 31 31 77 31 31 89 -1 56 44 45 44 89 31 81 89 56 31 84 84 31 31 44 89 89 44 38 104 15 31 43 
57 40 82 66 70 31 31 107 31 70 70 69 66 31 107 70 48 -1 81 108 40 85 30 31 -1 31 69 85 17 -1 28 29 28 57 70 105 69 40 108 -1 17 76 105 70 70 62 40 69 28 85 70 29 80 64 70 31 82 31 69 89 70 46 29 31 51 76 51 105 62 29 -1 29 105 70 51 70 17 85 82 32 32 51 70 30 101 17 30 82 48 40 107 40 62 70 85 31 76 48 69 82 101 17 31 30 70 39 69 17 70 69 73 105 70 
57 102 -1 79 22 31 79 58 31 48 50 38 80 -1 48 31 48 30 38 102 102 48 13 31 31 -1 57 38 30 31 -1 -1 2 50 48 50 86 84 13 31 102 104 102 48 22 32 77 102 -1 38 13 31 80 22 48 102 50 31 48 57 54 102 31 31 79 97 51 104 88 30 48 31 38 48 58 50 31 30 53 48 32 102 2 30 48 77 30 2 48 31 50 87 79 44 48 31 102 48 58 2 84 84 -1 30 102 30 38 84 38 104 79 84 32 
57 69 57 69 36 57 79 69 41 36 33 69 69 50 106 57 106 69 81 69 69 57 36 57 69 57 -1 60 69 69 57 57 69 -1 36 50 -1 60 86 105 60 36 50 57 57 57 69 69 54 57 33 69 80 36 33 57 33 -1 69 57 -1 69 69 57 76 36 69 69 60 -1 60 69 33 57 69 36 69 69 56 54 50 60 70 57 36 57 36 57 33 106 50 50 36 57 57 57 65 50 63 57 84 65 81 33 109 60 69 60 70 -1 41 105 36 
49 92 99 92 38 38 92 111 111 75 60 92 76 38 111 56 49 85 38 86 40 49 38 38 85 38 60 -1 85 38 85 38 92 50 92 42 86 -1 -1 111 37 76 38 112 92 92 40 92 38 -1 38 70 80 38 60 38 49 49 48 49 37 42 38 38 76 76 76 111 37 76 60 106 38 76 103 49 37 85 53 92 50 38 56 84 37 -1 37 91 68 40 111 49 -1 72 49 38 92 42 112 92 92 85 42 42 76 111 37 60 38 112 92 -1 38 
79 40 32 69 30 31 79 58 111 48 88 69 69 48 48 48 48 -1 84 69 40 48 30 31 17 30 69 85 -1 69 -1 30 -1 54 48 105 69 40 48 105 17 76 97 48 30 32 69 69 -1 85 48 69 80 30 48 80 69 31 48 106 105 45 45 31 45 69 69 105 88 -1 69 58 105 48 58 97 17 30 53 32 32 54 32 30 48 17 30 32 48 40 111 105 45 105 48 45 69 48 58 32 84 17 30 30 105 -1 69 17 70 69 79 105 32 
57 69 31 66 31 31 31 69 31 76 106 69 66 31 68 31 106 24 81 69 69 68 31 31 -1 31 69 38 69 -1 31 -1 62 57 66 107 69 68 31 24 24 76 38 57 31 62 69 69 31 57 31 -1 80 64 81 31 64 31 69 106 69 62 -1 31 51 66 51 69 62 -1 24 -1 69 57 51 76 69 31 64 64 69 51 70 31 31 24 31 31 68 31 62 69 62 44 89 31 81 48 69 31 84 24 31 31 44 39 69 71 62 69 66 31 38 
57 92 25 79 22 31 79 103 31 22 103 53 69 22 48 31 48 28 53 86 102 48 -1 31 28 -1 57 85 -1 31 -1 -1 28 54 22 103 86 86 86 105 28 22 103 48 22 32 77 69 -1 85 22 31 80 22 48 31 103 31 48 112 54 77 31 31 53 86 69 105 86 28 48 31 77 48 103 97 28 -1 53 48 32 54 25 -1 48 77 -1 25 48 31 103 48 79 44 48 31 53 48 58 25 84 28 25 -1 44 28 48 28 86 112 79 84 103 
57 100 25 23 30 -1 8 103 5 57 57 18 66 25 44 23 44 29 8 86 102 44 30 -1 29 -1 57 38 30 -1 -1 -1 25 57 57 42 57 76 5 29 89 8 38 57 23 44 69 69 25 57 25 29 80 30 48 5 23 -1 48 57 57 42 5 5 51 76 51 89 62 29 29 29 18 57 51 50 5 30 53 48 55 51 25 30 5 77 30 25 48 23 50 87 38 44 89 5 76 48 63 25 84 84 25 30 44 30 38 71 38 57 23 8 38 
79 92 -1 79 112 62 79 112 79 112 80 80 80 25 112 79 45 28 80 80 80 112 30 45 28 2 69 92 -1 62 28 25 -1 79 92 80 112 40 112 105 28 110 61 112 45 -1 61 80 28 112 80 64 80 64 79 80 64 79 48 112 79 45 45 112 45 80 69 80 62 28 69 58 112 82 112 80 28 30 64 -1 -1 79 2 30 48 28 30 2 112 80 61 87 45 45 112 45 80 48 112 2 92 28 25 112 45 28 69 28 62 112 79 105 -1 
57 75 50 79 36 57 79 90 57 36 -1 56 80 50 88 54 54 54 72 56 56 54 50 57 57 50 -1 50 54 57 54 57 79 -1 36 50 26 60 50 105 60 36 50 54 54 54 69 56 54 57 -1 81 80 50 -1 80 10 -1 54 57 10 90 57 57 56 36 69 80 88 26 54 106 10 54 103 50 69 54 56 54 50 54 56 84 50 57 36 91 10 88 50 50 79 72 54 57 81 50 56 80 84 84 81 10 109 50 10 50 50 26 72 84 36 
92 92 99 66 9 76 92 97 41 -1 65 92 66 22 92 43 44 76 84 65 65 92 9 43 70 48 36 92 48 66 22 57 92 36 -1 75 9 76 92 107 65 9 97 9 43 92 69 65 43 75 75 66 80 92 43 99 65 43 48 92 36 92 92 57 76 -1 65 65 92 65 43 107 84 65 66 9 9 92 65 92 65 96 73 84 9 92 36 99 92 97 75 65 -1 44 75 92 65 65 65 92 92 65 65 97 41 67 69 84 65 65 41 84 36 
56 75 91 56 50 42 111 107 111 75 50 91 80 50 107 56 91 107 42 102 91 91 50 56 105 50 50 42 105 107 103 42 80 50 75 -1 50 84 42 105 91 75 -1 50 50 61 61 56 50 75 -1 64 80 91 50 80 50 50 107 56 105 42 42 42 56 97 80 105 107 105 105 107 105 82 103 50 107 61 91 50 50 56 56 84 50 107 42 91 50 97 50 -1 42 105 75 42 81 42 56 80 84 84 42 42 102 -1 42 -1 42 50 105 105 42 
57 75 112 66 -1 76 41 97 41 -1 33 65 66 22 112 43 44 76 84 86 65 112 4 43 69 86 -1 86 69 69 86 57 112 26 9 50 -1 86 86 105 86 9 86 9 22 112 69 65 43 112 33 66 80 22 33 76 65 26 69 112 26 69 69 57 76 -1 65 65 86 26 43 69 112 65 112 9 9 86 53 112 65 60 73 84 9 101 -1 112 112 97 50 65 34 112 112 41 65 65 112 92 84 65 86 112 41 60 69 60 86 26 41 84 -1 
49 40 82 88 76 76 76 107 76 76 60 84 76 38 68 60 106 40 84 86 40 49 86 89 40 84 60 -1 40 68 86 76 40 60 76 84 86 -1 27 105 -1 76 38 60 86 68 40 40 84 27 84 70 84 76 60 76 60 60 76 106 -1 46 68 76 76 76 76 89 -1 76 60 106 46 76 70 49 -1 46 60 60 84 60 70 84 -1 27 -1 91 68 40 84 40 27 72 49 76 76 60 60 92 84 68 40 60 76 60 -1 60 38 60 76 27 38 
49 92 25 112 22 -1 8 97 5 76 106 18 80 -1 106 112 106 76 -1 86 102 18 13 31 108 13 86 -1 48 31 86 5 112 50 92 42 86 27 -1 105 37 8 -1 112 22 61 61 18 13 27 13 81 80 18 48 5 50 31 48 106 37 42 5 5 53 76 106 106 37 106 108 106 18 112 103 49 5 85 53 48 50 18 108 84 5 27 -1 25 112 106 50 42 27 72 49 5 18 42 112 55 84 84 42 42 102 42 -1 42 -1 112 72 27 -1 
57 107 82 107 107 107 111 107 111 107 105 105 105 105 107 70 107 24 105 105 107 107 105 31 -1 31 105 111 105 24 105 29 105 105 107 105 105 105 105 -1 24 76 105 70 70 62 105 105 105 85 105 29 105 105 105 105 82 31 107 105 105 105 29 107 51 76 51 105 107 29 24 107 105 70 107 105 24 85 105 105 105 105 70 107 107 24 105 105 107 105 107 105 107 105 105 107 105 107 107 82 107 24 105 107 105 -1 107 -1 70 105 105 105 105 
89 20 32 89 76 76 72 97 72 76 60 47 69 38 20 89 20 -1 72 47 -1 20 86 89 17 102 60 37 17 24 28 89 28 60 65 91 86 -1 37 24 -1 76 61 48 89 61 -1 20 28 37 84 29 80 47 60 102 47 60 69 89 37 46 68 76 76 47 69 89 37 46 24 106 46 65 69 20 17 46 91 32 47 60 56 84 37 17 37 91 89 -1 61 20 20 72 89 61 47 89 56 92 20 17 20 30 89 28 37 17 38 47 72 20 72 
110 75 104 110 9 8 8 76 -1 -1 110 18 76 22 111 43 104 76 8 110 104 18 9 104 76 104 36 76 76 76 22 8 110 36 9 75 9 76 8 76 76 -1 104 9 104 76 76 76 43 75 75 76 104 18 43 8 76 43 76 104 76 76 8 8 76 76 76 104 76 76 43 76 110 110 76 9 -1 76 53 110 104 18 110 84 9 76 36 104 110 104 111 104 34 104 75 8 76 75 63 55 84 76 104 104 -1 104 76 76 110 104 -1 8 36 
49 97 102 97 38 38 38 97 38 97 103 38 80 38 102 56 97 107 38 102 102 91 38 97 105 102 50 38 97 38 103 38 61 50 97 -1 86 38 -1 105 61 104 -1 97 61 61 61 97 97 38 35 102 80 38 97 102 50 38 97 97 97 -1 38 38 61 97 97 97 38 61 108 106 38 97 103 97 38 61 91 97 50 102 56 103 38 38 38 91 97 97 61 35 38 61 97 38 97 -1 112 102 84 97 -1 -1 102 35 38 35 38 104 102 38 38 
57 75 48 15 9 57 79 58 41 -1 54 44 93 48 44 -1 44 48 81 108 44 44 44 15 70 48 57 112 48 57 48 57 112 54 9 50 9 60 112 70 48 9 97 -1 -1 44 70 56 -1 112 48 70 112 44 -1 57 15 -1 48 112 54 45 45 57 45 73 15 104 88 70 -1 58 112 -1 58 9 9 48 56 48 112 54 70 48 9 112 36 48 48 23 50 44 34 44 44 45 73 48 112 48 84 73 48 112 44 48 44 60 70 112 73 84 -1 
57 92 45 23 22 31 79 58 95 43 93 21 93 22 16 23 -1 30 53 86 16 16 -1 -1 70 22 57 92 30 31 22 23 45 54 43 50 22 86 22 70 89 104 61 -1 -1 -1 61 104 16 21 22 64 80 22 43 104 23 43 48 89 54 45 45 57 45 73 93 104 16 70 43 106 93 43 58 43 43 30 53 45 45 54 70 30 43 49 22 45 16 23 61 21 45 -1 16 45 21 48 112 92 92 68 104 30 -1 93 16 16 62 104 73 16 43 
64 92 32 79 44 62 79 90 95 44 64 92 80 44 44 44 44 32 64 108 92 44 44 44 62 32 57 92 32 62 32 44 -1 54 92 61 112 68 61 62 61 76 61 44 -1 -1 61 64 32 92 64 64 80 64 44 62 64 44 48 112 54 -1 -1 62 -1 76 64 80 62 32 44 62 61 44 64 92 64 61 64 32 32 64 32 32 62 92 44 32 68 44 61 44 -1 44 44 -1 92 61 64 92 92 68 61 61 44 32 44 32 62 104 79 90 32 
69 40 61 69 69 76 72 69 72 76 72 69 69 61 40 69 106 40 72 69 40 40 77 89 40 77 69 40 69 69 77 69 61 69 69 61 69 40 61 105 -1 76 61 70 61 61 -1 69 69 85 72 69 80 72 60 72 69 69 69 89 40 -1 61 69 61 69 69 69 40 -1 69 69 -1 110 69 40 69 -1 69 110 69 72 70 77 40 77 40 91 72 40 61 40 61 72 89 61 69 61 69 72 40 40 40 61 61 72 69 72 70 69 72 90 72 
56 20 80 56 65 76 18 69 18 65 56 -1 80 56 20 56 20 40 11 -1 -1 11 53 56 69 102 69 92 69 69 69 69 80 56 65 56 65 40 18 105 20 76 97 56 104 64 69 -1 69 21 56 64 80 11 81 80 -1 56 69 56 56 69 64 98 56 -1 65 -1 20 -1 69 69 18 65 69 20 65 69 56 56 -1 56 56 69 18 101 19 91 20 67 56 20 11 80 89 53 11 65 56 80 20 65 19 56 67 67 69 20 19 -1 19 20 109 
79 92 25 79 22 84 79 58 79 43 88 21 69 -1 16 43 -1 28 84 86 16 16 13 31 28 -1 54 38 -1 31 -1 25 28 54 43 50 43 84 13 105 28 43 97 -1 16 32 69 69 -1 21 13 70 80 22 -1 84 43 43 -1 79 54 97 79 57 79 97 69 89 88 28 43 58 84 43 58 97 28 30 53 -1 32 54 25 30 -1 28 30 25 -1 88 50 21 79 44 16 84 81 -1 58 25 84 84 25 30 44 28 16 84 38 112 79 84 43 
-1 75 112 79 75 38 79 97 111 75 56 21 80 38 21 56 21 85 21 47 21 -1 38 94 85 38 57 -1 85 57 85 57 112 57 75 75 112 27 27 85 37 75 38 112 21 92 85 21 21 -1 75 64 80 21 79 21 0 0 112 0 37 42 38 57 56 97 79 94 21 47 112 106 112 112 112 -1 37 85 56 0 75 56 56 84 37 -1 37 91 112 94 75 21 27 112 -1 38 21 75 112 92 75 85 21 112 112 111 21 21 38 112 79 27 -1 
56 75 25 56 22 84 79 90 84 75 -1 56 80 -1 88 56 48 101 84 56 56 75 13 56 70 13 33 38 48 31 22 25 80 -1 75 -1 33 84 13 105 84 75 35 48 22 64 72 56 13 75 -1 64 80 22 33 80 -1 33 48 56 10 90 64 57 56 97 80 80 84 33 60 106 10 82 90 -1 64 30 56 48 -1 56 56 84 -1 75 22 91 10 97 -1 35 75 72 75 84 81 -1 56 80 84 84 25 10 80 35 10 35 38 33 72 84 38 
64 92 82 66 64 31 79 74 81 70 64 64 66 31 68 64 64 29 81 102 102 64 64 31 29 31 69 70 69 -1 31 29 64 81 66 64 66 70 81 29 29 76 102 70 64 64 69 64 70 64 64 -1 80 64 81 81 64 31 74 64 70 64 29 31 -1 66 -1 64 62 29 -1 29 81 66 -1 64 64 31 64 64 66 -1 70 31 81 29 31 82 66 31 74 78 64 66 64 64 81 66 64 81 84 66 81 74 102 70 69 70 70 64 66 81 70 
80 80 80 80 80 80 80 90 80 80 80 80 80 80 80 80 80 80 80 80 80 80 80 89 80 80 80 80 80 80 80 80 80 80 80 80 80 84 80 105 80 104 80 112 80 80 80 80 80 80 80 80 -1 80 80 80 80 80 80 89 80 80 80 80 80 80 80 80 80 80 80 80 80 80 80 80 80 80 80 80 -1 80 80 84 80 80 80 80 80 80 80 80 80 80 89 80 80 80 80 80 84 80 80 80 80 80 80 80 80 80 80 84 80 
64 92 25 79 22 95 18 74 18 22 64 -1 66 22 21 64 21 76 -1 47 47 11 -1 44 64 22 36 38 30 64 22 30 64 50 92 91 22 76 18 105 47 18 38 44 22 64 72 11 22 21 22 64 80 -1 79 18 64 31 48 64 81 64 64 95 -1 47 64 47 64 47 64 64 18 44 64 22 64 30 -1 64 47 18 64 30 18 38 22 91 21 44 50 78 11 44 21 -1 11 42 64 55 84 84 55 30 44 72 38 72 38 47 72 18 38 
79 92 48 79 43 84 79 97 79 43 33 81 79 48 48 43 48 48 81 102 102 48 44 43 70 48 33 60 48 81 48 48 79 -1 43 50 33 60 48 105 60 43 97 -1 43 44 60 81 -1 79 33 81 80 79 -1 81 81 33 48 79 -1 97 79 57 79 97 79 97 60 33 43 58 33 43 58 97 43 48 81 -1 50 -1 70 48 48 48 48 48 48 97 50 48 79 44 48 45 81 -1 58 92 84 84 81 33 44 60 33 60 70 33 79 84 43 
57 99 99 80 53 -1 8 90 5 76 72 18 80 38 102 31 21 76 -1 102 102 18 53 31 31 102 57 38 80 31 31 5 80 80 99 80 76 76 5 105 102 8 102 57 104 62 72 80 84 21 80 81 80 18 81 -1 80 31 76 89 81 102 5 5 53 76 80 80 62 76 76 31 18 76 81 80 5 31 53 80 -1 18 99 84 5 38 38 99 68 80 80 102 99 72 89 5 18 80 63 -1 84 84 -1 102 102 72 38 72 38 80 72 8 38 
-1 47 82 15 43 64 79 90 81 43 -1 47 80 50 47 -1 106 76 81 47 47 47 50 15 82 50 33 49 69 64 103 23 64 10 65 50 65 60 50 82 47 76 50 15 23 64 69 -1 43 0 -1 64 80 64 81 80 -1 0 98 0 10 64 64 98 -1 47 15 47 64 47 82 98 10 82 64 50 64 69 -1 0 47 -1 -1 84 50 49 47 82 10 23 50 78 47 72 49 64 81 50 -1 82 84 65 81 10 67 50 10 50 47 47 15 84 98 
-1 75 31 43 36 31 79 58 31 43 33 49 69 31 44 43 44 31 31 56 56 49 31 31 31 31 -1 49 31 31 31 -1 79 -1 43 50 26 60 31 31 60 43 38 -1 43 44 69 56 43 0 33 31 80 31 33 31 0 -1 48 0 26 45 31 -1 56 36 69 56 60 26 43 31 33 43 51 43 31 31 56 0 50 54 56 31 31 49 31 31 33 31 50 49 79 44 49 31 65 48 63 31 84 65 31 31 44 60 33 60 70 26 73 31 43 
79 69 48 69 48 76 79 -1 76 48 88 69 69 48 48 48 48 48 84 69 69 48 48 48 69 48 69 48 48 69 48 48 48 54 48 107 69 76 48 107 69 76 97 48 48 48 69 69 -1 112 48 74 80 48 48 76 98 48 -1 106 54 69 69 98 74 69 69 69 88 -1 69 -1 69 48 -1 97 69 48 98 48 69 54 70 48 48 48 48 48 48 88 7 48 79 48 48 76 69 7 -1 48 84 84 48 7 48 48 69 7 70 69 79 84 98 
-1 75 112 79 112 106 79 97 79 112 106 49 89 106 106 56 106 89 106 56 89 49 89 89 89 57 57 49 106 106 112 57 112 57 92 56 112 106 106 105 89 104 97 112 89 112 89 56 79 0 56 64 89 64 79 89 0 0 106 -1 106 89 64 57 56 97 106 89 89 106 106 106 112 112 112 49 106 85 56 0 89 56 56 106 106 49 106 112 89 -1 56 49 79 112 89 106 81 89 112 92 92 85 81 112 89 89 -1 106 106 112 79 106 -1 
56 40 82 79 36 76 79 107 81 36 -1 81 69 50 107 54 54 107 81 86 40 107 86 54 70 54 -1 37 105 69 54 57 79 10 36 105 26 -1 37 105 37 76 97 54 54 54 40 56 54 37 10 70 80 81 -1 81 10 26 54 106 -1 46 68 57 56 36 69 105 37 26 -1 107 10 54 70 50 37 46 56 54 50 -1 70 84 37 37 37 82 10 40 50 105 37 72 49 76 81 54 56 81 84 68 81 10 102 -1 10 -1 70 26 72 105 36 
64 92 45 69 45 42 79 90 95 45 72 92 69 42 111 45 45 46 42 102 46 45 45 45 46 102 69 42 45 62 77 42 45 90 92 42 69 46 42 105 46 76 -1 45 45 -1 -1 69 97 42 90 64 80 64 97 102 64 45 69 89 46 -1 45 42 45 97 69 69 62 46 69 62 46 45 90 90 64 46 64 45 45 102 45 77 90 77 42 45 68 46 -1 42 45 45 45 45 92 42 64 92 92 46 42 42 45 42 42 42 42 69 72 90 42 
64 92 45 79 45 -1 8 69 5 76 64 64 66 38 68 64 45 29 8 108 68 68 45 31 29 31 69 38 45 -1 31 5 45 57 92 42 69 68 5 29 68 8 38 45 45 -1 61 64 79 38 64 29 80 64 79 5 64 31 69 64 68 45 -1 5 -1 76 51 64 -1 29 108 29 18 45 51 64 5 31 64 64 45 51 64 84 5 101 38 45 68 88 61 68 45 45 45 5 64 42 63 55 84 68 55 31 45 39 38 68 -1 64 79 8 38 
57 100 31 57 57 -1 8 98 5 57 57 18 80 38 68 57 57 76 8 86 98 57 31 31 31 31 57 38 31 31 31 5 112 57 57 42 57 76 5 107 76 8 38 57 57 62 69 98 57 57 57 31 80 95 57 5 98 -1 98 57 57 42 5 -1 62 76 69 80 62 57 57 98 112 57 98 57 5 31 98 57 55 98 98 84 5 38 38 31 112 31 57 98 38 57 57 5 76 42 -1 55 84 84 55 112 41 60 38 84 38 57 41 8 98 
56 92 45 79 53 62 79 74 53 76 56 53 66 53 68 56 45 76 53 56 56 53 53 45 51 79 76 76 45 51 53 51 45 56 76 56 76 76 53 51 76 76 61 45 45 -1 61 56 79 56 56 -1 80 -1 79 53 -1 56 74 56 56 45 -1 62 -1 76 51 56 62 76 51 51 53 76 51 56 -1 53 53 -1 45 51 56 53 53 76 53 45 56 45 56 78 45 45 45 45 53 56 56 92 92 68 81 56 45 45 56 76 62 56 79 53 45 
56 47 82 66 36 76 76 97 76 34 56 47 66 97 47 56 97 76 47 47 47 47 36 97 76 97 36 76 69 66 86 76 80 36 -1 97 -1 76 76 76 47 76 97 73 73 76 69 -1 97 97 97 66 80 47 97 76 47 36 69 97 36 97 76 76 76 -1 -1 47 101 47 66 66 110 -1 66 97 -1 101 56 66 47 96 73 101 101 101 36 82 66 97 97 47 34 66 97 76 -1 -1 56 92 92 -1 47 97 67 67 69 76 47 47 73 101 36 
79 65 69 -1 65 76 79 69 76 65 88 65 -1 69 88 3 106 69 81 65 65 65 64 15 51 51 69 76 69 51 69 51 69 69 65 80 65 76 106 51 69 76 97 15 93 64 69 65 69 79 80 -1 80 64 79 80 15 69 69 106 69 69 51 69 51 -1 -1 65 88 -1 51 51 69 65 51 97 65 69 56 3 12 51 70 69 101 101 65 69 3 88 69 65 65 12 89 64 65 65 69 80 92 65 81 74 67 69 69 69 70 65 3 88 65 
56 47 80 89 65 80 80 97 104 104 56 47 80 80 47 56 94 89 47 47 47 47 104 89 105 104 69 111 105 69 105 89 80 80 65 105 65 89 106 105 89 104 97 104 104 80 69 -1 89 94 80 64 80 47 97 80 47 56 69 89 105 69 64 80 56 47 65 -1 89 47 69 106 105 65 69 80 65 69 56 80 -1 56 56 84 80 89 47 80 89 -1 80 47 47 80 89 53 47 89 56 80 47 65 104 56 -1 -1 89 105 47 47 47 105 80 
92 92 99 88 76 62 92 107 62 76 88 92 88 88 -1 88 14 101 84 86 14 14 86 89 62 88 60 37 88 62 86 62 62 88 92 107 86 -1 37 107 37 76 38 88 16 62 40 20 88 21 84 62 80 64 60 62 64 60 88 89 37 62 -1 62 62 101 88 89 -1 62 60 62 88 101 62 92 37 101 64 92 47 60 64 84 37 101 37 91 -1 88 111 20 -1 44 16 62 92 88 112 92 92 -1 20 88 44 60 14 14 62 112 88 14 88 
56 47 32 66 36 76 76 58 76 76 106 47 66 48 106 56 106 28 47 47 47 47 30 31 29 30 -1 76 -1 -1 28 29 28 26 65 105 26 76 106 29 46 76 61 70 70 32 -1 -1 28 47 33 29 80 47 33 76 47 26 -1 106 26 46 29 57 76 47 -1 47 62 -1 -1 29 46 65 58 76 -1 46 56 32 47 51 70 30 48 28 30 32 48 106 58 47 47 66 106 76 47 48 58 32 47 28 47 30 67 28 -1 28 70 26 47 105 32 
57 69 82 43 43 76 79 69 43 43 60 69 66 48 106 43 44 24 81 108 69 44 44 43 -1 48 60 60 69 24 48 29 69 54 43 105 43 60 108 24 24 43 108 -1 43 44 69 69 43 112 60 -1 80 64 43 76 82 43 69 106 -1 69 108 57 51 66 51 69 60 -1 -1 29 60 43 51 43 69 69 82 48 69 51 -1 48 43 24 60 82 48 106 60 69 43 44 44 45 81 48 69 82 84 24 81 60 44 60 69 60 -1 60 73 105 43 
106 106 31 66 107 31 79 58 31 107 106 69 66 58 106 31 106 107 106 69 106 106 31 31 29 31 69 106 58 -1 31 29 58 106 107 107 69 106 106 107 106 76 106 58 106 62 69 69 58 106 106 29 80 64 58 31 98 31 -1 106 107 62 29 98 51 66 51 106 62 29 29 -1 107 58 58 97 69 31 98 58 69 51 70 107 107 107 106 107 58 106 58 107 62 107 106 31 81 58 58 31 107 107 31 58 106 107 -1 -1 62 69 107 106 98 
56 46 112 110 112 18 18 107 18 84 -1 18 93 38 107 56 93 107 -1 110 46 18 53 93 105 38 33 38 105 69 77 18 112 10 84 105 112 46 18 105 46 110 38 112 93 61 -1 18 84 112 10 81 80 18 33 18 10 33 69 112 10 46 18 112 53 110 69 105 88 46 60 107 -1 110 103 50 69 46 53 110 50 18 56 84 18 77 38 105 10 46 50 105 18 -1 112 18 18 50 112 55 84 84 55 10 93 -1 10 -1 38 112 -1 105 -1 
57 65 82 110 43 76 110 97 110 43 82 65 66 48 44 43 44 76 110 110 65 44 44 43 70 48 57 76 48 57 48 57 82 54 65 82 65 76 112 70 65 110 97 -1 43 44 110 65 43 112 82 66 80 44 43 76 82 43 48 112 54 45 45 57 76 -1 65 65 101 65 43 58 110 -1 58 43 65 48 82 110 65 54 -1 48 43 101 65 82 48 97 82 65 65 44 44 45 65 65 82 82 84 65 110 112 44 110 44 110 70 65 -1 84 43 
64 97 58 66 103 51 79 -1 81 58 103 64 66 58 107 58 58 107 81 69 69 58 103 51 51 58 69 103 58 51 103 51 112 103 66 103 112 70 103 107 69 76 103 58 58 64 69 69 58 112 90 -1 80 64 58 81 64 51 -1 112 70 90 51 98 51 66 51 69 62 58 51 58 103 58 -1 97 64 103 64 58 66 51 70 103 58 103 103 58 58 97 7 103 64 66 58 64 81 7 58 58 84 66 81 -1 102 58 69 7 70 112 66 90 103 
49 -1 50 43 9 76 41 97 41 -1 50 49 80 50 20 43 49 76 84 47 1 49 9 97 70 50 36 49 97 76 97 50 80 50 9 50 9 49 49 105 20 9 97 9 43 92 40 20 97 -1 -1 64 80 22 97 80 50 43 97 49 50 90 64 57 56 97 97 80 92 76 43 97 50 43 97 -1 9 85 56 49 50 56 56 84 9 49 36 91 50 97 50 20 1 44 49 41 97 -1 56 92 1 84 20 50 41 50 50 50 49 112 41 49 49 
64 75 31 66 9 -1 8 69 5 -1 60 64 66 38 68 43 106 -1 8 65 40 49 9 31 17 31 69 37 17 69 28 5 28 69 9 107 9 -1 5 24 17 -1 38 9 43 64 69 65 28 37 64 64 80 64 43 5 64 31 69 106 37 64 5 5 -1 -1 65 65 37 -1 69 69 69 65 64 9 -1 69 64 64 55 60 64 84 5 17 37 31 68 40 64 40 34 44 49 5 65 65 63 55 84 17 55 30 41 28 37 17 38 65 41 8 36 
85 46 30 69 30 31 79 103 31 30 72 53 69 30 46 31 48 85 72 86 46 85 30 31 85 30 69 85 30 31 -1 30 30 54 92 61 86 46 85 85 46 76 61 48 30 61 -1 69 30 85 30 31 80 30 48 31 69 31 48 85 46 46 31 31 53 101 69 69 101 46 69 31 46 48 103 85 69 -1 53 48 32 54 30 30 48 -1 30 30 48 46 61 46 85 72 85 31 101 48 58 30 84 85 30 30 44 30 69 72 70 69 72 85 72 
56 91 82 56 53 95 53 90 53 53 56 53 80 53 91 56 91 76 53 56 91 91 53 56 82 53 56 53 53 64 53 53 64 56 65 91 53 60 53 105 91 53 91 56 53 64 69 56 53 56 56 64 80 -1 81 53 -1 56 98 56 56 64 64 98 53 56 56 56 64 56 82 98 53 82 64 56 64 53 -1 56 56 56 56 53 53 56 53 91 56 56 56 -1 53 53 56 53 53 56 56 55 84 65 81 56 53 91 56 91 53 56 56 53 98 
-1 92 32 -1 48 8 -1 58 6 48 54 92 66 48 48 3 48 32 8 110 92 48 48 15 32 48 54 92 32 64 48 48 -1 54 92 50 112 60 48 105 32 110 97 48 45 32 110 56 -1 0 48 64 80 64 -1 80 0 0 48 0 54 45 64 57 -1 66 3 80 92 32 48 58 110 110 58 49 64 48 56 -1 32 54 32 48 48 49 48 32 3 59 50 48 -1 110 48 8 81 48 56 92 92 84 48 48 110 32 48 60 64 112 -1 8 32 
56 47 32 66 50 55 79 90 55 75 50 47 -1 50 47 56 45 32 55 47 47 47 50 89 32 32 50 50 32 69 32 55 -1 50 65 50 65 84 50 105 47 104 50 112 45 32 69 -1 32 75 -1 66 -1 47 50 -1 47 50 69 89 50 45 45 55 45 47 12 -1 47 47 69 69 50 65 66 50 55 32 56 32 -1 55 32 84 50 32 47 32 50 67 50 47 45 12 89 45 47 50 56 55 84 65 55 50 67 67 50 50 47 47 47 84 32 
56 102 82 56 53 18 18 74 18 54 56 18 66 38 102 56 54 107 -1 102 102 18 53 56 51 102 60 38 54 51 54 51 79 54 96 56 60 60 18 105 60 18 102 54 54 64 72 56 54 56 56 -1 80 18 -1 18 -1 54 54 56 -1 102 51 98 51 96 51 56 60 51 51 51 18 54 51 56 60 54 56 54 55 -1 56 84 18 38 38 82 54 97 56 78 18 72 54 18 -1 54 56 55 84 84 -1 56 102 60 38 60 38 56 72 18 38 
56 56 -1 56 70 31 79 70 81 70 56 56 70 25 56 56 48 70 81 56 56 56 25 56 70 2 70 56 32 70 25 25 2 56 73 56 73 70 108 70 56 110 56 70 70 32 70 56 25 56 56 70 80 64 70 99 -1 56 70 56 70 45 64 98 56 73 70 56 64 70 -1 70 56 -1 70 56 64 30 56 32 32 56 -1 30 56 56 30 2 56 56 56 78 99 70 56 45 73 56 56 2 84 73 25 56 67 70 56 70 70 56 73 84 32 
57 100 30 79 30 84 79 103 84 84 84 84 84 30 107 31 48 30 84 86 84 48 30 31 30 30 57 84 30 31 -1 30 30 84 84 84 84 84 84 107 84 84 103 48 30 32 77 69 30 84 84 31 84 30 48 84 84 31 48 106 84 77 84 84 53 101 69 84 84 30 48 107 84 48 103 84 84 30 53 48 84 84 30 -1 -1 77 30 30 48 31 84 84 100 44 48 84 84 48 58 30 84 84 30 30 44 30 84 84 84 112 79 84 103 
56 100 48 79 9 -1 8 107 5 -1 50 18 80 48 107 43 48 101 -1 86 40 18 9 31 101 48 36 37 48 31 48 5 48 50 9 50 9 -1 5 107 37 9 38 9 43 62 40 18 -1 37 -1 81 80 18 48 5 50 31 48 106 37 90 5 5 53 101 101 80 37 48 43 107 18 43 58 9 5 48 53 48 50 18 56 -1 -1 101 37 48 48 40 50 50 100 72 48 5 18 48 56 55 -1 -1 48 48 41 111 37 -1 38 36 41 -1 36 
49 75 32 79 75 38 79 107 111 75 56 49 101 38 49 56 49 -1 38 86 40 49 77 77 17 77 57 -1 17 24 77 77 28 57 92 107 101 27 27 24 17 76 38 112 49 92 77 101 28 -1 75 29 80 38 48 38 49 49 48 49 37 77 101 38 76 101 101 89 101 28 24 107 77 101 103 49 17 -1 56 49 32 38 56 77 101 -1 37 91 101 40 111 49 27 77 49 38 101 75 112 92 92 -1 40 77 76 28 37 17 38 112 76 27 49 
49 40 30 110 22 38 38 103 38 36 60 38 66 22 68 31 44 30 38 -1 40 38 -1 31 30 30 36 37 30 31 -1 30 30 36 36 42 -1 -1 -1 105 37 36 38 36 22 44 40 19 30 37 22 31 80 22 48 38 47 31 48 106 37 42 38 38 53 36 65 47 37 30 60 106 38 65 103 36 37 30 53 48 47 38 30 30 37 37 -1 30 48 40 50 40 37 44 44 38 65 42 112 30 84 65 19 30 44 30 37 60 19 36 19 37 36 
79 91 -1 79 25 31 79 107 31 48 82 91 80 25 91 82 91 32 91 91 91 91 25 31 82 2 57 91 32 31 25 25 2 91 99 91 112 91 25 105 91 104 91 48 45 32 91 91 25 91 91 82 80 91 48 99 82 31 48 112 82 45 45 31 45 82 69 80 91 32 82 107 105 82 58 91 31 30 91 32 32 82 2 30 48 91 30 -1 48 91 91 -1 99 45 91 45 91 48 82 2 91 32 25 30 102 91 91 91 82 91 79 91 32 
56 20 48 -1 112 68 79 58 111 48 -1 21 66 48 -1 3 14 48 72 110 14 14 48 89 48 48 33 68 48 68 48 48 112 10 92 50 112 68 112 107 89 110 97 48 16 68 72 20 -1 112 10 66 80 21 48 68 10 33 48 89 10 68 68 112 56 66 3 89 -1 48 48 58 10 48 58 50 68 48 56 3 50 54 56 48 48 101 48 48 -1 -1 50 20 68 72 89 68 21 48 112 92 84 68 20 10 89 48 10 14 68 112 3 14 -1 
59 40 31 88 44 31 79 97 31 97 88 67 80 88 88 23 94 40 106 67 40 88 44 -1 40 31 106 40 40 31 31 23 80 88 97 97 97 40 106 105 -1 104 97 23 23 44 40 67 88 94 97 31 80 44 97 80 23 31 88 -1 40 46 88 31 45 97 88 -1 88 106 106 106 46 97 97 97 40 46 56 59 67 97 56 31 40 40 40 91 -1 -1 97 40 88 44 -1 31 97 -1 112 80 40 40 40 88 67 67 -1 40 106 67 88 88 59 
56 75 50 56 50 84 111 -1 111 75 50 56 80 50 111 56 111 107 84 56 111 111 50 56 107 50 50 111 111 62 103 50 61 50 75 50 50 84 50 107 61 111 61 50 61 61 61 56 50 75 -1 74 80 50 50 80 50 50 7 56 50 -1 61 57 56 97 69 80 111 58 60 58 50 82 7 50 64 61 56 50 50 56 56 84 50 111 50 91 50 97 -1 50 61 61 75 61 81 7 56 80 84 84 61 7 61 111 50 7 50 50 72 -1 103 
49 20 87 78 78 42 21 107 21 75 50 21 80 50 20 78 21 40 21 47 -1 -1 78 44 40 87 50 49 105 69 48 87 87 50 65 -1 65 40 42 105 20 104 35 44 21 44 40 20 21 21 35 78 80 78 48 102 78 49 48 49 105 42 68 98 78 47 65 47 20 47 69 107 105 65 103 20 40 46 -1 48 47 78 78 84 50 49 40 -1 20 40 50 -1 20 44 21 78 21 42 78 87 20 40 20 42 102 35 20 35 42 47 47 20 49 
79 -1 99 79 34 38 79 79 18 34 88 -1 66 38 68 79 21 85 11 47 1 11 45 45 62 79 36 -1 45 62 79 38 45 79 -1 42 34 27 27 107 20 34 38 34 45 -1 61 11 79 27 75 64 80 11 79 99 47 79 79 79 37 45 45 38 45 34 65 47 -1 47 43 62 18 65 64 1 34 85 53 -1 45 18 99 100 100 27 37 99 68 88 61 20 -1 45 49 45 11 65 56 -1 -1 68 20 42 45 111 37 68 38 47 79 27 38 
57 92 45 66 44 44 72 107 72 44 72 72 -1 44 44 44 44 107 72 110 44 44 44 44 70 44 57 72 105 44 44 44 45 72 44 105 112 72 72 105 72 104 61 44 -1 44 72 80 44 112 72 66 80 44 44 72 72 44 48 112 72 45 45 57 45 66 12 80 44 66 44 107 -1 44 66 44 44 72 53 110 12 72 70 44 72 77 44 45 72 44 61 44 45 -1 44 45 66 48 112 72 84 66 104 72 44 72 44 72 62 104 72 105 72 
49 75 48 89 44 49 79 97 111 75 89 21 89 48 16 89 -1 85 21 89 16 16 44 89 85 48 57 49 48 89 48 89 112 54 75 75 112 49 49 105 89 75 97 44 16 44 89 89 16 -1 75 64 89 21 48 89 49 49 48 89 49 45 45 57 45 97 89 89 16 106 44 106 112 44 58 49 49 85 56 48 89 54 56 48 48 49 44 91 89 -1 75 21 49 44 -1 45 21 89 112 92 75 85 20 112 44 89 16 16 49 112 79 16 49 
57 92 45 79 53 -1 8 90 -1 41 64 53 80 38 111 31 45 76 8 53 53 53 53 31 31 31 57 38 45 31 31 5 45 57 92 42 41 76 5 107 61 8 38 45 45 -1 61 53 84 38 84 64 80 -1 45 5 64 31 76 106 76 45 5 5 45 76 64 53 62 76 45 31 18 45 64 41 5 31 53 8 45 18 45 84 5 38 38 45 68 31 61 78 45 45 45 -1 53 42 63 55 84 84 55 31 41 111 38 84 38 53 41 8 38 
81 92 82 66 65 76 18 97 18 65 81 -1 66 38 21 81 21 76 11 47 47 11 53 81 76 102 65 92 69 81 53 76 80 81 65 81 65 76 18 105 47 76 97 73 21 92 69 11 81 21 81 81 80 11 81 18 81 65 69 81 81 92 64 76 53 -1 65 47 92 47 81 81 18 65 81 97 65 101 53 81 47 -1 73 84 18 101 65 91 21 97 81 21 11 66 21 53 -1 65 81 92 92 65 81 81 102 81 21 81 38 47 73 18 65 
56 75 48 66 65 42 79 -1 42 75 50 65 66 48 48 48 48 48 42 65 65 48 48 89 48 48 50 42 48 48 48 48 48 50 65 42 65 60 42 107 89 75 -1 48 48 61 61 65 -1 75 -1 66 80 42 -1 80 50 48 7 89 54 42 42 42 56 -1 65 89 88 48 48 58 50 65 7 -1 65 48 56 48 50 54 56 48 48 75 42 48 48 -1 7 42 65 48 89 42 65 -1 56 48 75 65 42 7 89 42 89 7 42 65 73 84 42 
56 56 82 56 112 63 63 58 63 112 56 56 69 56 112 56 58 58 81 56 56 112 56 56 69 58 63 112 58 69 58 63 112 56 65 56 112 60 112 107 56 63 112 112 112 64 69 56 58 112 56 64 80 64 58 63 -1 63 -1 112 56 64 63 -1 56 56 69 56 112 58 69 58 112 82 58 56 63 58 56 56 56 56 56 58 56 112 112 82 112 112 56 78 56 112 112 63 81 56 -1 63 84 65 81 112 112 112 56 58 112 112 112 63 -1 
92 92 -1 92 92 55 92 58 55 92 72 92 80 25 92 82 48 32 55 102 92 92 25 31 82 2 57 92 32 31 25 25 2 80 92 80 92 92 55 82 92 55 102 48 92 92 72 80 25 92 80 81 80 55 92 -1 82 31 48 92 81 92 55 55 92 92 80 80 92 32 82 31 55 82 58 92 55 30 55 92 55 55 2 30 55 92 30 2 92 80 80 87 -1 72 92 55 92 48 63 -1 92 92 55 30 102 32 55 72 55 80 92 92 32 
92 -1 99 92 84 84 92 107 84 84 84 92 84 84 20 84 84 101 84 47 1 92 84 84 101 84 84 92 84 84 84 84 92 84 92 84 84 84 84 107 20 84 84 84 92 92 40 20 84 75 84 84 84 84 84 84 84 84 84 92 84 92 84 84 92 92 92 47 92 47 84 107 84 84 84 1 84 84 84 92 84 84 84 84 -1 92 84 91 84 40 84 20 -1 84 75 84 92 75 84 92 -1 84 20 84 84 111 84 84 84 47 92 84 75 
85 92 32 66 65 84 84 97 84 84 84 65 66 84 68 65 68 -1 84 65 40 68 30 84 17 84 65 85 17 24 28 84 28 84 65 84 65 68 84 24 17 76 97 73 68 68 40 65 84 85 84 66 80 84 84 84 65 65 84 85 68 46 68 84 68 -1 65 65 -1 28 24 107 84 65 66 84 17 85 65 84 65 84 73 84 -1 -1 65 32 68 40 84 40 68 66 85 84 65 65 65 92 84 -1 40 30 67 28 68 17 68 65 73 84 65 
81 20 25 110 25 55 55 97 55 104 81 47 80 25 20 81 20 40 55 -1 -1 20 25 31 31 -1 81 42 30 31 25 25 25 81 65 42 86 40 42 105 20 104 -1 48 104 61 40 19 25 21 25 81 80 55 81 -1 81 31 48 81 81 42 55 55 81 47 81 104 20 47 81 31 55 110 81 20 55 30 81 48 55 -1 25 30 48 40 19 25 20 40 61 20 20 104 20 55 81 42 81 55 20 40 -1 42 -1 42 20 20 19 104 19 20 42 
56 75 30 88 30 31 79 -1 31 112 -1 42 74 30 88 56 48 30 42 86 102 112 30 31 30 30 33 42 30 31 -1 30 112 10 97 42 112 60 42 107 30 104 -1 112 30 61 61 56 30 112 10 74 80 30 33 102 10 31 7 112 10 42 31 112 56 97 74 56 88 30 60 58 10 112 -1 50 30 30 56 48 50 56 56 30 48 77 30 30 10 88 7 42 42 72 112 31 81 7 112 30 84 30 42 -1 102 30 10 7 42 112 72 90 -1 
57 102 102 110 41 41 41 97 41 41 67 67 80 44 44 44 44 76 41 102 102 44 44 44 70 102 109 76 105 44 44 44 45 109 41 102 41 76 102 105 89 -1 102 44 -1 44 61 67 44 112 80 102 80 44 44 102 67 44 48 89 102 45 45 41 45 67 67 -1 44 67 44 106 93 44 102 41 41 44 53 110 67 102 67 44 41 76 44 102 89 67 61 102 45 44 44 41 102 89 112 102 84 67 -1 102 -1 67 44 44 102 -1 41 41 109 
56 67 32 110 30 111 111 107 111 111 60 67 80 48 111 48 48 28 72 67 67 91 30 89 39 30 60 111 -1 39 28 30 28 50 67 -1 60 60 42 -1 28 104 35 48 93 32 72 67 28 111 35 70 80 72 60 72 50 60 48 89 -1 42 39 60 45 67 69 -1 60 28 60 107 -1 110 58 50 28 30 91 32 67 60 70 30 111 28 30 91 48 67 111 35 111 72 89 111 81 42 112 32 111 28 42 30 67 -1 60 35 70 60 72 -1 72 
59 20 38 69 38 38 38 69 38 76 -1 21 69 38 -1 56 -1 40 38 69 14 14 38 89 69 38 69 37 69 69 48 38 69 10 69 42 69 -1 -1 107 37 76 38 44 16 44 69 69 16 21 10 69 80 38 33 38 10 33 69 -1 10 42 38 38 56 69 69 89 14 -1 69 -1 10 44 69 50 37 69 56 48 50 38 56 84 37 37 37 91 10 -1 50 20 37 44 16 38 21 89 56 55 84 68 20 10 44 60 -1 14 38 69 72 14 38 
49 20 32 88 84 84 72 -1 72 84 60 21 93 50 -1 56 14 -1 72 110 14 14 30 44 17 84 60 60 17 71 28 71 28 50 84 -1 60 60 42 -1 17 76 35 60 16 32 72 20 84 21 35 70 80 72 60 72 50 60 7 106 -1 42 68 84 76 76 69 105 14 28 60 -1 -1 110 7 50 17 72 91 60 50 60 70 84 -1 17 60 91 14 40 7 35 68 72 16 84 81 7 58 72 84 17 20 7 44 35 14 -1 70 60 72 14 72 
49 47 82 110 38 38 38 70 38 70 70 38 70 38 68 70 106 70 38 -1 47 38 38 38 70 38 70 38 70 62 86 38 62 50 65 42 86 38 -1 70 38 110 38 70 62 62 70 19 38 38 38 70 80 38 70 38 47 70 70 106 70 42 -1 38 62 47 70 47 62 70 -1 62 38 70 70 49 38 70 53 64 47 38 70 84 38 38 19 82 68 106 50 42 38 62 49 38 38 42 112 55 84 68 19 42 102 70 38 70 -1 47 19 38 38 
56 47 112 112 36 112 104 112 104 36 33 47 80 112 47 56 104 47 47 47 47 47 104 104 69 104 -1 112 69 69 112 57 112 26 65 50 26 60 112 105 47 104 104 112 104 104 69 -1 112 112 33 64 80 47 33 80 47 26 69 112 26 69 64 57 56 47 65 47 112 26 60 69 112 65 112 112 65 69 56 112 47 56 56 112 36 112 36 91 112 67 50 47 47 104 112 53 47 65 112 80 47 65 104 112 -1 60 69 60 47 -1 47 47 -1 
79 92 79 -1 41 41 79 107 41 41 72 47 66 79 88 3 79 76 72 -1 47 47 86 15 73 79 41 92 79 66 79 23 79 72 41 105 41 76 72 105 72 -1 102 73 73 79 72 19 79 79 72 66 80 72 79 72 15 73 79 79 72 72 79 41 79 73 3 47 88 47 73 107 -1 -1 66 41 41 72 56 -1 47 72 73 79 41 76 19 79 3 88 72 47 79 72 79 41 73 73 112 92 92 73 19 72 41 72 72 72 19 47 -1 41 72 
49 20 84 88 84 8 8 90 -1 84 84 18 84 38 -1 84 14 85 8 47 14 14 38 31 105 84 105 -1 105 31 84 8 105 84 84 105 84 27 27 105 20 8 38 84 16 90 90 20 84 27 84 81 84 18 84 8 84 31 84 106 105 90 8 8 53 101 88 105 14 105 105 106 105 84 90 49 8 85 53 8 84 18 84 84 -1 27 37 91 14 88 -1 20 27 105 16 8 18 84 63 92 84 84 20 90 41 -1 14 14 38 47 41 -1 38 
49 75 32 88 36 38 79 103 38 36 72 38 80 38 88 43 44 32 38 86 88 49 36 43 70 32 36 38 32 38 103 38 -1 36 36 42 -1 38 -1 105 72 36 38 -1 43 32 72 109 43 -1 38 70 80 38 43 38 98 43 98 -1 36 42 38 98 45 36 65 80 88 32 43 98 -1 43 103 49 36 72 98 32 32 38 32 103 36 49 36 32 -1 59 103 49 38 72 49 38 65 42 -1 32 75 65 42 -1 109 72 38 72 38 -1 72 38 -1 
