20
6 9
-1 -1 1 16 12 2 12 1 16 1 1 12 -1 12 10 -1 -1 12 -1 1 
-1 -1 -1 10 10 2 10 -1 7 -1 -1 7 0 2 10 0 0 5 0 -1 
1 -1 -1 5 5 -1 5 -1 7 1 1 5 7 -1 5 7 13 5 13 1 
16 10 5 -1 5 -1 14 10 10 16 -1 5 10 16 -1 16 -1 -1 10 10 
12 10 5 5 -1 -1 -1 8 -1 10 -1 5 -1 12 6 12 8 5 8 8 
2 2 -1 -1 -1 -1 4 2 4 2 3 -1 4 2 3 7 3 -1 8 2 
12 10 5 14 -1 4 -1 8 4 10 4 17 4 12 -1 12 8 -1 8 8 
1 -1 -1 10 8 2 8 -1 -1 1 -1 -1 -1 2 10 -1 8 11 8 1 
16 7 7 10 -1 4 4 -1 -1 16 -1 7 4 16 10 7 -1 5 -1 -1 
1 -1 1 16 10 2 10 1 16 -1 1 7 18 16 10 16 -1 16 -1 -1 
1 -1 1 -1 -1 3 4 -1 -1 1 -1 7 -1 12 -1 7 3 3 -1 -1 
12 7 5 5 5 -1 17 -1 7 7 7 -1 -1 12 17 7 5 -1 12 12 
-1 0 7 10 -1 4 4 -1 4 18 -1 -1 -1 -1 10 -1 0 11 -1 -1 
12 2 -1 16 12 2 12 2 16 16 12 12 -1 -1 12 12 -1 5 -1 12 
10 10 5 -1 6 3 -1 10 10 10 -1 17 10 12 -1 10 3 -1 10 10 
-1 0 7 16 12 7 12 -1 7 16 7 7 -1 12 10 -1 -1 11 0 12 
-1 0 13 -1 8 3 8 8 -1 -1 3 5 0 -1 3 -1 -1 3 0 8 
12 5 5 -1 5 -1 -1 11 5 16 3 -1 11 5 -1 11 3 -1 10 10 
-1 0 13 10 8 8 8 8 -1 -1 -1 12 -1 -1 10 0 0 10 -1 8 
1 -1 1 10 8 2 8 1 -1 -1 -1 12 -1 12 10 12 8 10 8 -1 
