104
1 23
-1 72 12 72 24 95 24 88 79 100 72 24 -1 72 42 24 24 79 24 24 100 79 24 48 -1 72 88 72 100 24 24 88 12 100 79 95 88 -1 24 74 12 79 37 24 29 24 42 72 37 79 42 24 72 88 63 88 24 88 60 72 24 24 79 42 72 88 40 100 72 48 72 88 -1 60 37 79 32 100 37 -1 100 24 100 30 29 42 43 24 -1 79 100 66 37 72 24 88 88 24 88 48 -1 29 66 72 
72 -1 57 72 90 95 45 96 103 90 52 96 72 94 96 -1 57 96 45 15 93 47 72 45 19 96 96 -1 86 15 96 96 45 93 96 95 96 78 45 47 66 60 46 47 -1 27 15 27 78 96 46 95 27 95 86 57 96 47 44 52 58 27 61 93 72 103 52 93 47 81 96 96 27 58 96 57 61 86 27 61 86 44 93 96 29 45 44 45 95 45 58 94 47 44 27 15 -1 19 96 93 96 29 86 15 
12 57 -1 72 57 95 32 88 75 75 76 57 -1 57 57 95 57 57 32 24 57 57 32 99 12 57 57 57 100 24 57 85 12 57 57 57 57 12 32 57 12 79 37 57 81 32 42 57 37 75 42 32 57 57 57 57 57 -1 57 72 24 24 57 57 57 57 40 57 57 64 57 57 12 57 37 57 32 51 32 12 93 57 57 57 40 75 57 32 57 71 57 75 37 57 32 88 57 64 57 75 12 57 57 64 
72 72 72 -1 25 50 98 25 13 13 72 33 72 -1 50 50 26 34 94 94 33 94 72 98 72 13 13 72 50 72 25 25 72 13 25 30 72 50 13 72 66 13 50 33 72 72 50 72 50 13 -1 50 72 25 98 57 72 26 72 72 72 72 53 50 72 53 13 13 94 72 72 25 -1 33 13 13 13 50 72 72 33 72 33 30 50 50 43 72 72 25 13 66 50 33 13 50 25 72 13 67 13 26 66 72 
24 90 57 25 -1 31 71 25 67 67 76 16 57 25 90 95 -1 34 87 24 -1 57 30 99 16 -1 16 57 31 101 25 20 76 20 25 30 30 87 87 57 66 67 90 16 90 87 90 57 87 56 67 87 59 25 98 57 16 16 90 25 90 76 53 30 16 53 25 -1 20 25 64 25 59 20 87 16 16 31 30 62 90 30 16 87 90 25 76 -1 25 87 -1 75 57 20 25 53 25 64 25 67 25 16 90 64 
95 95 95 50 31 -1 97 31 50 50 103 95 95 50 50 95 95 96 51 95 31 95 72 97 95 95 95 72 -1 95 95 28 100 100 31 95 95 50 31 74 66 50 50 50 86 51 50 95 38 50 -1 28 72 95 77 95 96 95 95 63 95 95 95 50 97 95 50 50 31 31 38 38 50 97 38 50 50 28 50 50 86 69 100 95 50 31 77 38 95 31 31 97 50 31 50 -1 95 95 31 67 28 85 86 95 
24 45 32 98 71 97 -1 69 38 97 81 43 32 98 43 97 43 69 -1 97 43 47 24 -1 18 71 98 45 51 24 71 38 18 43 69 38 71 48 18 47 32 97 43 -1 58 18 97 43 23 38 43 18 45 71 98 57 43 47 43 71 24 24 89 98 69 103 97 99 47 -1 98 -1 69 97 38 85 32 51 24 97 69 69 43 87 43 71 43 18 24 71 43 97 47 43 18 97 43 -1 -1 23 32 85 86 98 
88 96 88 25 25 31 69 -1 38 100 81 88 88 25 96 96 25 34 38 88 31 88 30 69 88 -1 98 85 31 88 25 -1 100 100 -1 30 34 69 31 74 66 85 85 98 81 85 85 81 69 96 85 31 59 25 98 88 96 88 90 25 85 62 34 30 69 53 25 25 31 -1 34 25 59 31 38 85 36 31 30 62 69 69 100 30 86 -1 69 89 -1 -1 31 98 69 31 25 88 -1 69 -1 85 -1 85 34 98 
79 103 75 13 67 50 38 38 -1 -1 74 56 76 9 74 103 75 70 38 103 38 79 76 48 38 13 13 76 38 103 38 38 76 13 70 38 76 74 -1 74 103 9 50 38 86 38 103 74 38 -1 9 38 74 76 38 75 49 75 90 56 41 76 79 38 103 103 13 9 87 48 38 38 79 38 -1 -1 -1 86 74 -1 86 74 75 87 103 75 76 38 75 71 9 75 74 67 103 38 56 41 103 75 9 75 86 -1 
100 90 75 13 67 50 97 100 -1 -1 74 33 100 -1 90 103 26 96 38 94 33 79 100 99 60 13 13 94 100 60 25 90 100 13 100 38 76 50 8 74 66 -1 50 33 90 85 50 93 38 8 -1 100 66 25 98 75 49 75 90 25 41 76 79 50 97 103 13 -1 94 90 38 25 13 90 8 8 8 100 50 8 90 74 33 30 90 41 76 38 100 100 -1 66 50 67 13 50 90 41 13 67 -1 85 90 8 
72 52 76 72 76 103 81 81 74 74 -1 76 76 66 74 103 76 76 74 103 74 79 81 74 76 59 76 52 74 81 66 74 76 66 76 74 76 74 74 74 66 79 74 74 81 52 103 81 74 74 72 74 -1 76 103 76 59 76 81 52 72 76 76 59 103 103 52 74 81 81 74 74 52 81 -1 74 -1 86 52 74 81 -1 76 66 103 52 76 74 76 52 74 66 74 59 103 103 74 103 103 75 76 76 66 -1 
24 96 57 33 16 95 43 88 56 33 76 -1 24 33 43 24 -1 96 24 24 33 47 24 43 -1 16 16 47 100 24 24 33 24 -1 70 30 57 24 24 47 24 60 43 -1 29 24 24 43 37 56 33 24 59 26 98 57 -1 16 43 56 24 24 61 59 16 53 33 16 33 43 56 43 24 33 43 16 16 86 24 24 33 24 16 30 29 71 43 16 24 71 16 75 37 33 24 60 56 24 43 75 33 16 86 64 
-1 72 -1 72 57 95 32 88 76 100 76 24 -1 66 84 24 57 57 32 24 100 79 32 32 0 32 32 72 100 24 32 38 -1 100 57 32 57 0 32 57 -1 79 37 32 29 32 42 57 37 76 42 32 66 88 35 57 24 2 43 72 24 24 79 32 72 88 40 100 57 32 38 32 0 58 37 57 32 51 32 0 86 32 57 32 40 42 76 32 0 45 84 66 37 57 32 88 32 24 32 75 0 29 66 84 
72 94 57 -1 25 50 98 25 9 -1 66 33 66 -1 43 94 26 34 94 94 33 94 30 98 33 -1 -1 94 100 33 25 25 94 -1 25 30 30 50 9 47 66 9 50 33 93 94 103 43 38 9 3 94 66 25 98 57 33 26 43 25 41 94 53 30 26 53 -1 9 94 25 98 25 3 33 9 9 9 98 94 9 33 30 33 30 66 25 43 25 25 25 9 66 47 33 -1 53 25 41 -1 67 9 26 66 94 
42 96 57 50 90 50 43 96 74 90 74 43 84 43 -1 96 43 96 43 60 43 47 60 43 60 71 96 47 90 84 96 90 43 43 71 71 71 42 71 74 84 60 -1 -1 58 43 42 43 42 74 42 43 72 71 63 57 96 47 43 63 -1 60 79 42 71 103 84 90 47 43 71 -1 60 58 -1 74 71 86 42 74 90 47 43 96 -1 42 43 43 60 71 -1 98 42 43 43 60 -1 43 43 43 43 84 90 84 
24 -1 95 50 95 95 97 96 103 103 103 24 24 94 96 -1 101 96 24 -1 93 94 24 97 19 95 95 1 95 -1 96 96 24 24 96 95 95 46 95 47 84 95 46 96 1 27 -1 27 46 96 46 95 27 95 95 95 96 95 44 96 95 24 95 46 103 103 96 93 94 96 96 96 27 97 96 103 103 95 27 103 86 44 101 96 29 46 44 103 95 96 96 94 46 44 19 -1 -1 19 103 103 96 29 86 -1 
24 57 57 26 -1 95 43 25 75 26 76 -1 57 26 43 101 -1 57 24 24 4 57 24 99 11 4 -1 57 31 101 26 20 76 11 57 30 57 24 70 57 57 85 85 11 86 85 97 57 69 56 26 24 72 26 98 57 11 -1 43 25 24 76 53 30 -1 53 26 4 20 64 64 25 64 20 75 -1 -1 86 24 75 33 57 -1 30 86 75 76 4 57 87 4 75 57 20 26 53 30 64 26 75 33 -1 86 64 
79 96 57 34 34 96 69 34 70 96 76 96 57 34 96 96 57 -1 70 96 34 79 96 69 62 34 96 96 34 96 96 34 76 96 -1 96 34 96 70 96 96 79 96 96 96 85 96 57 69 96 96 96 96 36 96 57 96 36 96 96 96 62 34 96 36 53 96 34 96 34 34 36 64 97 96 57 36 96 96 62 69 62 57 96 96 34 102 64 34 34 96 96 96 96 96 96 -1 96 34 75 34 85 34 96 
24 45 32 94 87 51 -1 38 38 38 74 24 32 94 43 24 24 70 -1 24 38 94 24 6 -1 71 94 45 51 24 24 38 -1 43 70 38 71 24 -1 47 32 60 43 -1 29 -1 97 43 38 38 38 -1 45 88 38 57 24 47 43 52 24 24 61 30 87 103 94 87 87 6 38 6 24 58 38 38 32 51 24 24 43 24 43 87 29 45 43 -1 24 45 38 94 37 43 -1 51 43 6 6 23 32 29 86 94 
24 15 24 94 24 95 97 88 103 94 103 24 24 94 60 -1 24 96 24 -1 94 94 24 97 -1 94 94 94 51 15 24 38 24 24 62 95 88 24 24 94 24 97 46 24 15 24 15 94 37 56 46 24 94 88 95 88 24 88 60 56 24 24 61 30 97 103 94 94 94 97 97 97 24 97 37 94 61 51 24 24 33 24 24 94 29 97 43 24 24 45 60 94 37 33 -1 15 15 -1 94 94 24 29 94 15 
100 93 57 33 -1 31 43 31 38 33 74 33 100 33 43 93 4 34 38 94 -1 68 30 43 33 4 16 68 31 93 25 -1 100 -1 31 38 30 48 31 68 66 85 85 33 93 85 97 68 38 38 31 31 93 25 93 57 33 16 73 93 73 33 34 93 16 53 33 4 -1 31 38 25 93 -1 38 16 16 31 68 38 33 68 33 68 43 31 43 4 31 31 4 94 68 -1 68 97 31 73 25 67 33 16 90 94 
79 47 57 94 57 95 47 88 79 79 79 47 79 94 47 94 57 79 94 94 68 -1 81 47 88 88 88 47 88 88 88 88 94 47 79 95 88 79 79 47 79 79 47 47 81 47 103 -1 79 79 79 94 47 88 93 57 47 47 47 93 79 79 79 93 88 88 94 93 47 81 79 47 47 58 79 57 79 86 47 -1 93 47 47 68 103 79 47 68 -1 79 47 94 47 47 -1 88 88 79 47 75 79 94 79 94 
24 72 32 72 30 72 24 30 76 100 81 24 32 30 60 24 24 96 24 24 30 81 -1 24 -1 30 30 72 100 24 -1 30 -1 24 36 30 30 78 24 81 32 60 63 24 81 24 24 81 78 56 72 24 72 30 35 57 24 36 60 72 24 24 61 30 72 53 30 30 81 81 72 30 -1 60 78 24 32 51 -1 24 81 -1 24 30 29 30 76 24 24 30 30 66 78 63 24 35 30 24 30 24 32 29 66 72 
48 45 99 98 99 97 -1 69 48 99 74 43 32 98 43 97 99 69 6 97 43 47 24 -1 18 71 98 45 48 24 48 48 18 43 69 48 71 48 48 47 32 97 48 6 58 18 97 43 -1 48 48 18 45 71 98 99 43 99 43 71 24 24 89 48 69 103 97 99 47 6 48 6 48 97 48 99 32 51 48 48 69 69 43 87 43 71 43 18 24 71 43 97 48 99 18 97 43 6 6 -1 32 85 86 98 
-1 19 12 72 16 95 18 88 38 60 76 -1 0 33 60 19 11 62 -1 -1 33 88 -1 18 -1 30 16 61 51 -1 22 38 18 11 62 30 88 0 18 47 12 60 37 11 29 18 19 43 37 56 42 18 61 88 35 88 11 88 60 56 -1 -1 61 30 16 88 30 16 87 18 38 18 0 60 37 16 61 51 22 0 33 22 16 30 29 45 43 18 -1 45 60 94 37 33 18 60 19 19 18 23 0 29 62 19 
72 96 57 13 -1 95 71 -1 13 13 59 16 32 -1 71 95 4 34 71 94 4 88 30 71 30 -1 13 59 31 30 -1 7 30 13 7 30 30 63 71 71 66 13 63 71 93 85 103 71 69 59 13 95 59 -1 98 57 59 16 71 -1 71 62 53 30 16 53 13 4 20 7 98 -1 59 20 71 16 16 98 30 62 33 30 16 30 71 7 69 4 7 7 4 98 63 59 13 53 7 71 -1 67 7 16 34 98 
88 96 57 13 16 95 98 98 13 13 76 16 32 -1 96 95 -1 96 94 94 16 88 30 98 16 13 -1 94 95 101 -1 98 30 13 36 30 30 63 35 57 66 13 63 98 81 85 103 57 38 13 13 95 66 -1 98 57 16 16 98 25 95 62 53 30 16 53 13 13 83 64 98 25 13 20 13 16 16 98 30 62 33 30 16 30 103 75 76 16 53 62 13 98 57 33 13 53 30 64 -1 75 13 16 66 98 
72 -1 57 72 57 72 45 85 76 94 52 47 72 94 47 1 57 96 45 94 68 47 72 45 61 59 94 -1 51 15 66 85 45 47 62 45 57 78 45 47 66 72 78 47 1 -1 15 -1 78 59 72 45 -1 62 63 57 59 47 44 52 72 -1 61 59 72 103 52 93 47 72 72 47 -1 58 47 57 61 51 -1 61 93 47 47 68 103 45 44 45 47 45 47 94 47 47 -1 15 1 72 47 75 72 85 66 94 
100 86 100 50 31 -1 51 31 38 100 74 100 100 100 90 95 31 34 51 51 31 88 100 48 51 31 95 51 -1 51 31 -1 100 100 31 38 34 100 31 74 86 85 50 51 86 51 50 51 38 38 5 -1 100 95 77 85 70 85 90 31 95 51 34 77 69 95 100 100 31 31 38 38 100 31 38 85 86 -1 100 100 86 69 100 68 86 31 77 38 31 31 31 85 100 31 51 5 31 95 31 85 -1 85 86 38 
24 15 24 72 101 95 24 88 103 60 81 24 24 33 84 -1 101 96 24 15 93 88 24 24 -1 30 101 15 51 -1 24 101 24 24 62 95 88 24 24 81 84 60 46 24 -1 24 15 81 37 56 46 24 27 88 86 88 24 88 44 93 24 24 61 93 101 103 84 93 81 81 38 84 24 58 84 101 61 86 24 24 86 44 101 30 -1 101 44 24 24 45 58 101 37 44 19 15 15 19 101 93 24 -1 86 15 
24 96 57 25 25 95 71 25 38 25 66 24 32 25 96 96 26 96 24 24 25 88 -1 48 22 -1 -1 66 31 24 -1 25 22 25 36 -1 -1 63 35 57 66 25 63 71 81 24 63 57 38 96 63 95 66 25 35 57 96 36 60 25 24 24 36 -1 36 53 -1 25 83 25 36 25 22 25 38 26 36 54 22 24 93 22 26 -1 66 25 76 83 36 25 25 66 63 63 25 35 -1 64 25 67 25 26 66 64 
88 96 85 25 20 28 38 -1 38 90 74 33 38 25 90 96 20 34 38 38 -1 88 30 48 38 7 98 85 -1 101 25 -1 38 20 7 38 34 48 -1 74 90 85 85 33 90 85 85 68 38 38 28 28 59 25 38 85 70 85 90 25 85 38 34 85 69 53 102 20 20 7 38 38 59 20 38 85 38 28 48 38 90 69 33 68 90 -1 69 38 7 7 -1 85 48 20 38 28 7 73 7 85 7 85 90 38 
12 45 12 72 76 100 18 100 76 100 76 24 -1 94 43 24 76 76 -1 24 100 94 -1 18 18 30 30 45 100 24 22 38 -1 100 76 30 76 12 18 47 12 100 37 18 81 18 97 43 38 76 100 18 72 76 35 57 24 12 43 72 24 76 76 30 72 76 30 100 87 18 38 18 22 58 38 76 -1 51 22 12 86 22 76 30 40 45 76 18 12 45 100 94 37 100 18 51 30 18 18 23 -1 76 86 76 
100 93 57 13 20 100 43 100 13 13 66 -1 100 -1 43 24 11 96 43 24 -1 47 24 43 11 13 13 47 100 24 25 20 100 -1 100 30 71 100 31 47 66 13 43 -1 93 43 43 43 80 56 13 43 66 25 93 57 11 16 43 93 24 24 53 93 16 53 13 93 20 80 56 43 13 20 43 16 16 86 24 100 -1 47 -1 68 43 31 43 20 24 71 80 66 47 -1 13 51 43 43 13 93 -1 16 66 94 
79 96 57 25 25 31 69 -1 70 100 76 70 57 25 71 96 57 -1 70 62 31 79 36 69 62 7 36 62 31 62 36 7 76 100 -1 36 -1 69 70 57 102 79 85 71 102 85 85 57 69 70 85 31 102 36 98 57 70 36 102 25 62 62 -1 36 36 53 102 25 31 7 -1 36 64 31 70 57 36 102 36 62 69 62 57 36 102 7 102 64 7 7 102 98 57 31 25 53 7 64 7 75 7 85 -1 64 
95 95 57 30 30 95 38 30 38 38 74 30 32 30 71 95 30 96 38 95 38 95 30 48 30 30 30 45 38 95 -1 38 30 30 36 -1 30 48 -1 74 66 95 63 38 81 38 95 43 38 38 95 95 66 95 -1 57 70 36 95 30 95 30 95 30 36 95 30 30 83 48 38 38 30 97 38 38 36 54 30 38 69 30 30 30 66 38 77 38 95 71 38 66 48 63 38 -1 30 95 54 48 30 30 66 38 
88 96 57 72 30 95 71 34 76 76 76 57 57 30 71 95 57 34 71 88 30 88 30 71 88 30 30 57 34 88 -1 34 76 71 -1 30 -1 88 71 57 66 85 63 71 86 85 97 57 69 76 63 95 66 -1 35 57 70 -1 71 30 71 76 34 30 -1 53 30 30 57 64 34 -1 64 97 71 57 -1 86 30 62 69 30 57 30 71 71 76 64 -1 71 71 66 57 57 88 53 30 64 30 75 34 57 34 64 
-1 78 12 50 87 50 48 69 74 50 74 24 0 50 42 46 24 96 24 24 48 79 78 48 0 63 63 78 100 24 63 48 12 100 69 48 88 -1 48 74 12 79 -1 42 29 78 42 74 -1 74 42 24 72 88 63 88 24 88 43 63 24 24 79 42 69 88 40 50 74 48 48 42 0 97 -1 74 74 63 -1 0 69 69 100 63 42 42 69 48 0 69 42 75 -1 63 78 88 42 46 43 48 0 85 86 46 
24 45 32 13 87 31 18 31 -1 8 74 24 32 9 71 95 70 70 -1 24 31 79 24 48 18 71 35 45 31 24 35 -1 18 31 70 -1 71 48 -1 74 32 9 48 18 29 18 103 43 -1 8 9 18 74 71 35 71 70 71 43 70 24 24 70 35 70 103 35 9 87 48 -1 -1 70 31 -1 8 8 31 48 8 69 69 33 87 71 31 43 -1 24 71 31 75 48 31 18 35 31 18 70 48 9 85 70 8 
74 47 57 72 57 74 47 74 74 74 74 47 57 47 74 47 57 96 47 94 68 47 81 47 47 71 57 47 74 81 57 74 47 47 57 74 57 74 74 -1 84 79 74 47 81 47 74 -1 74 74 74 47 47 57 74 57 47 47 47 93 74 47 79 93 57 103 52 93 47 81 74 47 47 58 -1 57 74 86 47 74 93 47 47 68 74 47 47 68 47 47 74 75 -1 47 47 74 74 47 47 75 47 57 86 74 
12 66 12 66 66 66 32 66 103 66 66 24 -1 66 84 84 57 96 32 24 66 79 32 32 12 66 66 66 86 84 66 90 12 66 102 66 66 12 32 84 -1 66 84 84 84 32 103 57 37 103 66 32 66 66 66 57 66 12 84 66 84 24 79 66 103 103 -1 66 83 86 98 84 12 97 84 91 32 86 32 12 86 32 66 66 -1 84 84 32 12 84 84 66 37 66 66 66 66 91 66 91 12 84 66 84 
79 60 79 13 67 50 97 85 9 -1 79 60 79 9 60 95 85 79 60 97 85 79 60 97 60 13 13 72 85 60 25 85 100 13 79 95 85 79 9 79 66 -1 85 60 60 85 97 79 38 9 9 95 72 79 85 85 49 85 60 72 -1 79 79 85 97 79 13 9 79 85 97 85 60 97 79 85 9 85 60 -1 90 79 33 97 60 -1 60 97 60 79 9 97 79 67 13 60 60 -1 13 67 9 85 90 9 
37 46 37 50 90 50 43 85 50 50 74 43 37 50 -1 46 85 96 43 46 85 47 63 48 37 63 63 78 50 46 63 85 37 43 85 63 63 -1 48 74 84 85 -1 14 93 85 -1 43 37 50 -1 43 63 63 63 85 63 85 43 63 14 37 79 -1 97 103 63 50 47 48 48 14 37 97 14 85 50 63 37 37 90 47 43 63 14 -1 43 43 37 71 14 85 37 63 103 46 14 46 43 85 37 85 90 46 
24 47 57 33 16 50 -1 98 38 33 74 -1 32 33 -1 96 11 96 -1 24 33 47 24 6 11 71 98 47 51 24 71 33 18 -1 71 38 71 42 18 47 84 60 14 -1 58 18 42 -1 23 56 42 18 47 71 98 57 11 47 -1 56 14 24 89 42 16 103 33 93 47 6 98 -1 47 58 14 16 86 86 47 47 33 47 33 68 14 71 -1 18 24 71 14 98 47 33 18 51 14 6 -1 23 33 16 86 98 
29 -1 81 72 90 86 58 81 86 90 81 29 29 93 58 1 86 96 29 15 93 81 81 58 29 93 81 1 86 -1 81 90 81 93 102 81 86 29 29 81 84 60 93 58 -1 27 15 81 81 86 90 86 27 81 86 81 93 81 -1 93 58 81 81 93 81 103 102 93 81 81 81 58 27 58 81 81 86 86 27 81 86 -1 93 81 29 101 -1 29 29 45 58 101 81 -1 27 15 1 73 58 93 93 29 86 15 
24 27 32 72 87 51 18 85 38 85 52 24 32 94 43 27 85 85 -1 24 85 47 24 18 18 85 85 -1 51 24 24 85 18 43 85 38 85 78 18 47 32 85 85 18 27 -1 85 27 38 38 85 18 27 89 38 57 24 47 43 52 24 27 89 85 72 89 52 85 47 18 38 85 27 58 38 85 32 51 27 61 43 47 43 87 29 -1 43 18 24 -1 85 85 47 47 18 51 27 18 18 85 32 85 66 94 
42 15 42 50 90 50 97 85 103 50 103 24 42 103 42 -1 97 96 97 15 97 103 24 97 19 103 103 15 50 15 63 85 97 43 85 95 97 42 103 74 103 97 -1 42 15 85 -1 27 42 103 42 95 103 95 63 85 96 85 97 63 42 24 95 42 97 103 97 50 103 97 97 42 97 97 42 85 103 63 42 97 90 103 97 63 103 42 103 97 95 71 42 97 42 63 103 15 15 -1 103 85 42 29 90 -1 
72 27 57 72 57 95 43 81 74 93 81 43 57 43 43 27 57 57 43 94 68 -1 81 43 43 71 57 -1 51 81 57 68 43 43 57 43 57 74 43 -1 57 79 43 -1 81 27 27 -1 81 56 43 43 27 57 93 57 43 -1 43 93 43 27 61 93 57 57 52 93 -1 81 98 43 27 58 39 57 57 86 27 21 93 -1 43 68 43 45 43 68 21 45 43 75 39 -1 21 88 27 43 43 75 43 57 86 81 
37 78 37 50 87 38 23 69 38 38 74 37 37 38 42 46 69 69 38 37 38 79 78 -1 37 69 38 78 38 37 38 38 38 80 69 38 69 -1 -1 74 37 38 37 23 81 38 42 81 -1 38 42 38 72 69 38 69 70 69 43 63 37 81 69 42 69 103 38 99 87 -1 38 38 37 38 37 38 38 86 37 37 69 69 69 87 86 38 69 38 37 69 38 75 37 80 38 38 69 23 23 23 37 69 86 38 
79 96 75 13 56 50 38 96 -1 8 74 56 76 9 74 96 56 96 38 56 38 79 56 48 56 59 13 59 38 56 96 38 76 56 70 38 76 74 8 74 103 9 50 56 86 38 103 56 38 -1 9 38 59 59 38 75 -1 75 56 56 41 76 79 59 70 103 13 9 87 48 56 38 59 38 8 8 8 86 74 8 56 74 56 87 103 75 76 38 56 71 9 75 74 59 103 96 56 41 70 75 9 56 70 8 
42 46 42 -1 67 -1 43 85 9 -1 72 33 42 3 42 46 26 96 38 46 31 79 72 48 42 13 13 72 5 46 63 28 100 13 85 95 63 42 9 74 66 9 -1 42 90 85 42 43 42 9 -1 28 72 95 63 75 49 75 90 63 41 72 79 42 72 95 13 9 94 48 38 42 3 90 9 9 9 28 42 9 90 72 33 63 42 42 43 38 95 71 9 66 42 63 13 5 42 41 13 67 9 85 90 9 
24 95 32 50 87 28 18 31 38 100 74 24 32 94 43 95 24 96 -1 24 31 94 24 18 18 95 95 45 -1 24 95 28 18 43 31 95 95 24 18 47 32 95 43 18 86 18 95 43 38 38 28 -1 45 95 77 95 96 95 43 77 95 24 95 77 87 95 94 87 87 18 38 18 95 97 38 38 32 -1 24 24 86 24 43 87 86 31 77 18 95 45 31 94 37 31 18 -1 95 95 18 23 28 29 86 94 
72 27 57 72 59 72 45 59 74 66 -1 59 66 66 72 27 72 96 45 94 93 47 72 45 61 59 66 -1 100 27 66 59 72 66 102 66 66 72 74 47 66 72 63 47 27 27 103 27 72 59 72 45 -1 59 63 57 59 47 72 -1 72 27 61 59 72 103 -1 93 47 72 59 59 -1 72 10 91 10 63 27 61 93 10 66 66 66 45 76 72 72 45 102 66 47 59 27 72 27 72 59 91 72 91 66 10 
88 95 57 25 25 95 71 25 76 25 76 26 88 25 71 95 26 36 88 88 25 88 30 71 88 -1 -1 62 95 88 25 25 76 25 36 95 -1 88 71 57 66 79 63 71 81 89 95 57 69 59 95 95 59 -1 95 57 59 36 95 25 95 62 -1 30 36 -1 25 25 25 25 36 25 59 97 79 26 36 95 30 62 33 62 26 30 103 25 76 25 -1 62 25 97 88 59 25 -1 95 95 25 67 25 26 36 65 
63 86 57 98 98 77 98 98 38 98 103 98 35 98 63 95 98 96 38 95 93 93 35 98 35 98 98 63 77 86 35 38 35 93 98 -1 35 63 35 74 66 85 63 98 86 38 63 93 38 38 63 77 63 95 -1 57 63 36 98 63 95 86 95 -1 98 103 35 93 83 86 98 38 63 93 38 98 86 -1 35 38 86 35 93 35 86 63 77 38 95 98 38 98 63 63 98 35 35 95 -1 93 77 98 86 98 
88 57 57 57 57 95 57 88 75 75 76 57 57 57 57 95 57 57 57 88 57 57 57 99 88 57 57 57 85 88 57 85 57 57 57 57 57 88 71 57 57 85 85 57 81 57 85 57 69 75 75 95 57 57 57 -1 57 -1 57 93 88 57 57 57 57 57 57 57 57 64 57 57 57 57 57 57 57 86 57 57 93 57 57 57 57 75 57 57 57 71 57 75 57 57 57 88 57 64 57 75 88 57 57 64 
24 96 57 72 16 96 43 96 49 49 59 -1 24 33 96 96 11 96 24 24 33 47 24 43 11 59 16 59 70 24 96 70 24 11 70 70 70 24 70 47 66 49 63 11 93 24 96 43 70 -1 49 96 59 59 63 57 -1 16 43 -1 24 24 70 59 70 59 59 93 33 70 -1 43 59 33 49 16 16 63 24 49 33 24 16 96 96 96 43 70 24 96 96 98 37 59 24 96 -1 70 70 75 33 16 70 49 
88 47 -1 26 16 95 47 88 75 75 76 16 2 26 47 95 -1 36 47 88 16 47 36 99 88 16 16 47 85 88 36 85 12 16 36 36 -1 88 71 47 12 85 85 47 81 47 85 -1 69 75 75 95 47 36 36 -1 16 -1 47 93 88 47 36 36 16 53 36 16 47 64 36 36 47 20 47 -1 16 86 47 47 93 47 16 36 40 75 47 16 -1 71 16 75 47 47 47 88 36 64 26 75 88 16 36 64 
60 44 57 72 90 95 43 90 90 90 81 43 43 43 43 44 43 96 43 60 73 47 60 43 60 71 98 44 90 44 60 90 43 43 102 95 71 43 43 47 84 60 43 -1 -1 43 97 43 43 56 90 43 72 95 98 57 43 47 -1 72 -1 60 61 93 72 95 102 90 47 43 98 43 60 -1 43 43 86 86 44 60 90 44 43 68 43 60 43 43 60 71 -1 97 47 44 43 60 43 73 43 43 43 44 90 98 
72 52 72 72 25 63 71 25 56 25 52 56 72 25 63 96 25 96 52 56 93 93 72 71 56 -1 25 52 31 93 25 25 72 93 25 30 30 63 70 93 66 72 63 56 93 52 63 93 63 56 63 77 -1 25 63 93 -1 93 72 -1 72 52 53 -1 72 53 52 93 93 25 56 25 -1 93 52 25 52 63 52 72 93 52 93 30 63 25 93 25 25 25 25 66 63 -1 25 53 56 72 25 93 25 25 66 52 
24 58 24 72 90 95 24 85 41 41 72 24 24 41 -1 95 24 96 24 24 73 79 24 24 -1 71 95 72 95 24 24 85 24 24 62 95 71 24 24 74 84 -1 14 14 58 24 42 43 37 41 41 95 72 95 95 88 24 88 -1 72 -1 24 61 42 72 95 72 41 47 72 72 14 -1 58 14 85 61 95 24 41 90 24 24 30 14 41 43 24 24 71 14 97 37 58 24 -1 14 41 43 67 24 29 90 72 
24 27 24 72 76 95 24 62 76 76 76 24 24 94 60 24 76 62 24 24 33 79 24 24 -1 62 62 -1 51 24 24 38 76 24 62 30 76 24 24 47 24 79 37 24 81 27 24 27 81 76 72 24 27 62 86 57 24 47 60 52 24 -1 -1 30 72 62 52 76 47 81 62 76 27 60 79 76 -1 86 27 -1 81 -1 76 30 29 45 76 24 24 62 60 94 37 47 27 60 27 24 24 76 24 29 62 76 
79 61 57 53 53 95 89 34 79 79 76 61 79 53 79 95 53 34 61 61 34 79 61 89 61 53 53 61 34 61 36 34 76 53 -1 95 34 79 70 79 79 79 79 89 81 89 95 61 69 79 79 95 61 -1 95 57 70 36 61 53 61 -1 -1 36 36 53 102 53 89 34 34 89 61 97 79 79 61 86 61 -1 69 61 53 89 61 34 76 89 53 -1 102 79 79 59 61 53 34 79 34 79 34 53 34 65 
42 93 57 50 30 50 98 30 38 50 59 59 32 30 42 46 30 96 30 30 93 93 30 48 30 30 30 59 77 93 -1 85 30 93 36 30 30 42 35 93 66 85 -1 42 93 85 42 93 42 59 42 77 59 30 -1 57 59 36 93 -1 42 30 36 -1 36 53 30 93 83 93 59 30 59 93 42 85 36 54 30 42 93 30 93 30 42 42 77 83 36 30 42 66 42 -1 30 35 30 46 54 93 93 85 66 46 
72 72 57 72 16 97 69 69 103 97 103 16 72 26 71 103 -1 36 87 97 16 88 72 69 16 16 16 72 69 101 36 69 72 16 36 36 -1 69 70 57 103 97 97 16 81 72 97 57 69 70 72 87 72 36 98 57 70 16 72 72 72 72 36 36 -1 103 36 16 87 -1 -1 36 -1 97 70 16 16 86 72 72 69 69 16 87 103 69 69 -1 36 87 16 97 69 72 103 97 36 -1 70 75 69 16 36 -1 
88 103 57 53 53 95 103 53 103 103 103 53 88 53 103 103 53 53 103 103 53 88 53 103 88 53 53 103 95 103 53 53 76 53 53 95 53 88 103 103 103 79 103 103 103 89 103 57 103 103 95 95 103 -1 103 57 59 53 95 53 95 62 53 53 103 -1 53 53 103 103 103 53 103 97 103 103 53 95 103 62 103 103 53 53 103 53 103 103 53 62 53 103 88 59 103 53 95 95 103 103 53 53 53 -1 
40 52 40 13 25 50 97 25 13 13 52 33 40 -1 84 96 26 96 94 94 33 94 30 97 30 13 13 52 100 84 -1 102 30 13 102 30 30 40 35 52 -1 13 63 33 102 52 97 52 38 13 13 94 -1 25 35 57 59 36 102 52 72 52 102 30 36 53 -1 13 83 102 98 25 52 97 52 91 36 102 30 13 33 30 33 30 40 91 102 83 36 25 102 -1 40 33 13 35 30 91 13 91 13 91 -1 52 
100 93 57 13 -1 50 99 25 9 -1 74 16 100 9 90 93 4 34 87 94 4 93 30 99 16 4 13 93 100 93 25 20 100 93 25 30 30 50 9 93 66 9 50 93 93 85 50 93 99 9 9 87 93 25 93 57 93 16 90 93 41 76 53 93 16 53 13 -1 20 93 38 25 93 20 9 99 9 93 93 9 93 93 16 87 90 41 93 4 25 87 4 99 93 -1 13 50 25 41 13 -1 9 16 90 9 
72 47 57 94 20 31 47 31 87 94 81 33 57 94 47 94 20 96 87 94 -1 47 81 47 87 20 83 47 31 81 83 20 87 20 31 83 57 74 87 47 83 79 47 47 81 47 103 -1 87 87 94 87 47 25 83 57 33 47 47 93 47 47 89 83 87 103 83 20 -1 81 87 47 47 20 47 57 20 31 47 47 33 47 33 -1 103 31 47 -1 47 87 20 94 47 20 -1 83 83 73 47 67 33 94 83 94 
48 81 64 72 25 31 -1 -1 48 90 81 43 32 25 43 96 64 34 6 97 31 81 81 6 18 7 64 72 31 81 25 7 18 80 7 48 64 48 48 81 86 85 48 6 81 18 97 81 -1 48 48 18 72 25 86 64 70 64 43 25 72 81 34 93 -1 103 102 93 81 -1 64 6 64 97 48 64 86 86 48 81 -1 -1 64 87 86 7 -1 64 7 7 80 97 48 80 18 88 7 6 6 23 7 64 86 64 
72 96 57 72 64 38 98 34 38 38 74 56 38 98 71 96 64 34 38 97 38 79 72 48 38 98 98 72 38 38 36 38 38 56 -1 38 34 48 -1 74 98 97 48 98 81 38 97 98 38 56 38 38 59 36 98 57 -1 36 98 56 72 62 34 59 -1 103 98 38 87 64 -1 38 64 97 38 38 36 98 48 38 69 69 64 87 103 34 69 38 34 34 38 98 48 59 38 38 56 64 -1 48 34 64 34 64 
88 96 57 25 25 38 -1 25 38 25 74 43 32 25 -1 96 25 36 6 97 25 47 30 6 18 -1 25 47 38 84 25 38 18 43 36 38 -1 42 -1 47 84 85 14 -1 58 85 42 43 38 38 42 18 59 25 38 57 43 36 43 25 14 76 89 30 36 53 25 25 47 6 38 -1 59 58 14 85 36 86 30 38 43 47 43 30 14 -1 43 38 36 -1 14 85 42 43 18 38 14 6 6 23 25 85 36 38 
-1 27 12 -1 59 50 69 59 79 13 52 24 0 3 60 27 64 64 24 24 93 47 -1 48 0 59 13 -1 100 24 22 59 22 13 64 30 64 0 70 47 12 60 37 47 27 27 97 27 37 59 3 95 -1 59 63 57 59 47 60 -1 -1 27 61 59 -1 103 52 93 47 64 64 59 -1 60 37 64 32 63 22 0 69 22 64 30 60 45 69 64 0 45 60 66 37 59 27 60 27 64 13 75 0 64 66 64 
60 58 57 33 20 97 97 31 38 90 81 33 58 33 58 97 20 97 58 97 -1 58 60 97 60 20 20 58 31 58 25 20 58 20 31 97 97 97 31 58 97 97 97 58 58 58 97 58 38 38 90 97 72 97 93 57 33 20 -1 93 58 60 97 93 97 97 97 20 20 97 97 58 60 -1 38 97 20 31 58 97 33 58 33 68 58 31 58 20 97 31 58 97 58 20 68 97 97 -1 58 67 33 97 90 97 
37 96 37 13 87 38 38 38 -1 8 -1 43 37 9 -1 96 75 96 38 37 38 79 78 48 37 71 13 47 38 84 38 38 38 43 70 38 71 -1 -1 -1 84 79 14 14 81 38 42 39 37 8 9 38 10 79 38 57 49 47 43 52 14 79 79 42 70 103 52 9 47 48 38 14 37 38 -1 8 8 38 37 -1 90 10 43 87 14 38 43 38 37 71 14 75 37 47 38 38 14 79 43 75 9 75 90 8 
79 57 57 13 16 50 85 85 -1 8 74 16 57 9 74 103 -1 57 38 94 16 57 24 99 16 16 16 57 85 101 26 85 76 16 57 38 57 74 8 57 91 85 85 16 81 85 85 57 38 8 9 38 91 26 98 57 16 -1 43 25 85 76 79 85 16 103 91 99 57 64 38 85 64 97 8 -1 8 85 57 8 33 57 16 30 103 -1 76 16 57 85 9 -1 57 57 91 88 85 91 91 -1 9 16 91 8 
32 61 32 13 16 50 32 36 -1 8 -1 16 32 9 71 103 -1 36 32 61 16 79 32 32 61 16 16 61 86 61 36 38 -1 16 36 36 -1 74 8 74 32 9 50 86 86 32 103 57 38 8 9 32 10 36 86 57 16 16 86 52 61 -1 61 36 16 53 36 9 20 86 36 36 32 20 8 8 -1 86 32 8 86 10 16 36 86 71 -1 16 36 62 9 75 74 86 32 53 36 64 26 75 32 16 86 8 
100 86 51 50 31 28 51 31 86 100 86 86 51 98 86 95 86 96 51 51 31 86 51 51 51 98 98 51 -1 86 54 28 51 86 102 54 86 63 31 86 86 85 63 86 86 51 63 86 86 86 28 -1 63 95 -1 86 63 86 86 63 95 86 86 54 86 95 102 93 31 86 98 86 63 31 38 85 86 -1 51 86 86 86 86 54 86 31 -1 51 95 31 31 98 63 63 51 51 95 95 54 51 28 85 86 86 
37 27 32 72 30 50 24 30 74 50 52 24 32 94 42 27 24 96 24 24 68 47 -1 48 22 30 30 -1 100 24 22 48 22 24 36 30 30 -1 48 47 32 60 37 47 27 27 42 27 37 74 42 24 27 30 35 57 24 47 44 52 24 27 61 30 72 103 30 93 47 48 48 30 22 58 37 57 32 51 -1 37 69 22 24 30 29 42 44 24 24 45 42 94 37 47 27 27 27 24 30 48 32 29 66 94 
-1 61 12 72 62 50 97 62 -1 8 74 24 0 9 74 103 75 62 24 24 38 -1 24 48 0 62 62 61 100 24 24 38 12 100 62 38 62 0 8 74 12 -1 37 47 81 61 97 21 37 8 9 24 61 62 38 57 49 47 60 72 41 -1 -1 42 72 62 13 9 47 81 38 38 0 97 -1 8 8 86 37 -1 81 61 75 68 74 41 76 38 0 62 9 75 37 47 21 60 74 41 103 75 0 85 62 8 
100 86 93 33 90 86 69 69 86 90 81 33 86 33 90 86 33 69 43 33 33 93 81 69 33 33 33 93 86 86 93 90 86 -1 69 69 69 69 69 93 86 90 90 33 86 43 90 93 69 56 90 86 93 33 86 93 33 93 90 93 90 81 69 93 69 103 33 93 33 -1 69 43 69 33 90 33 86 86 69 81 -1 69 33 68 86 69 -1 69 69 69 -1 66 69 -1 33 86 69 69 33 93 33 33 86 69 
24 44 57 72 30 69 69 69 74 74 -1 24 32 30 47 44 57 62 24 24 68 47 -1 69 22 30 30 47 69 44 22 69 22 47 62 30 30 69 69 47 32 79 47 47 -1 47 103 -1 69 74 72 24 10 62 35 57 24 47 44 52 24 -1 61 30 69 103 30 93 47 -1 69 47 22 58 10 57 10 86 22 61 69 -1 47 30 44 69 44 68 24 62 58 66 47 44 47 35 30 69 47 69 32 44 86 10 
100 93 57 33 16 100 43 100 75 33 76 16 57 33 43 101 -1 57 43 24 33 47 24 43 16 16 16 47 100 101 26 33 76 -1 57 30 57 100 33 47 66 33 43 33 93 43 97 43 69 56 33 43 66 26 93 57 16 16 43 93 24 76 53 93 16 53 33 16 33 64 64 43 64 33 43 16 16 86 24 75 33 47 -1 30 43 75 43 16 57 71 16 75 47 33 33 53 30 64 26 75 33 16 66 64 
30 96 57 30 87 95 87 30 87 30 66 30 32 30 96 96 30 96 87 94 68 68 30 87 30 30 30 68 68 30 -1 68 30 68 36 30 30 63 87 68 66 97 63 68 81 87 63 68 87 87 63 87 66 30 35 57 96 36 68 30 30 30 89 30 87 53 30 87 -1 87 87 30 30 68 87 30 36 54 30 68 68 30 30 -1 66 30 68 -1 36 87 87 66 68 63 68 35 30 87 30 87 30 30 66 87 
29 29 40 50 90 50 43 86 103 90 103 29 40 66 -1 29 86 96 29 29 43 103 29 43 29 71 103 103 86 -1 66 90 40 43 102 66 71 42 71 74 -1 60 14 14 29 29 103 43 86 103 42 86 66 103 86 57 96 40 43 63 14 29 61 42 103 103 40 90 103 86 103 14 60 58 14 103 86 86 29 74 86 44 43 66 -1 42 -1 103 29 71 14 66 42 44 103 29 14 103 103 103 29 29 86 -1 
42 45 75 50 25 31 71 -1 75 41 52 71 42 25 42 46 75 34 45 97 31 79 30 71 45 7 75 45 31 101 25 -1 45 31 7 38 71 42 31 47 84 -1 -1 71 101 -1 42 45 38 75 42 31 45 25 63 75 96 75 60 25 41 45 34 42 69 53 91 41 31 7 34 -1 45 31 38 -1 71 31 42 41 69 69 75 30 42 -1 69 38 7 7 31 75 42 31 45 60 7 41 7 75 7 -1 34 46 
43 44 57 43 76 77 43 69 76 76 76 43 76 43 43 44 76 102 43 43 43 47 76 43 43 69 76 44 77 44 76 69 76 43 102 77 76 69 43 47 84 60 43 -1 -1 43 103 43 69 76 43 77 76 76 77 57 43 47 43 93 43 76 76 77 69 103 102 93 47 -1 69 43 69 58 43 76 -1 -1 44 76 -1 44 43 68 -1 69 -1 43 69 69 80 98 47 44 43 77 43 43 43 43 43 44 -1 84 
24 45 32 72 -1 38 18 89 38 38 74 16 32 25 43 103 4 64 -1 24 4 68 24 18 18 4 16 45 38 24 83 38 18 20 64 38 64 48 -1 68 32 97 43 18 29 18 97 68 38 38 38 18 72 25 38 57 70 16 43 25 24 24 89 83 -1 103 83 4 -1 64 38 38 64 20 38 16 16 51 24 38 69 68 16 -1 103 38 43 -1 24 -1 4 94 48 20 18 38 83 64 18 67 32 16 90 64 
-1 95 57 72 25 95 24 -1 75 100 76 24 0 25 60 95 57 34 24 24 31 -1 24 24 -1 7 53 47 31 24 36 7 12 24 7 95 -1 0 24 47 12 60 37 24 29 24 95 21 37 56 95 95 72 -1 95 57 24 -1 60 25 24 24 53 36 36 53 36 25 47 7 34 36 0 97 37 57 36 95 24 0 69 24 57 36 29 7 69 24 -1 7 31 75 37 47 21 -1 7 95 7 75 0 29 34 64 
79 45 71 25 87 31 71 -1 71 100 52 71 45 25 71 96 87 34 45 45 31 79 30 71 45 7 62 45 31 45 25 7 45 71 7 71 71 69 71 47 84 79 71 71 45 -1 71 45 69 71 71 45 45 62 98 71 96 71 71 25 71 62 -1 30 87 62 25 87 87 7 34 -1 45 31 71 85 62 31 45 62 69 62 71 87 71 7 69 -1 7 -1 31 98 47 31 45 62 7 71 7 71 7 85 34 87 
100 58 57 13 -1 31 43 31 9 -1 74 16 84 9 -1 96 4 96 38 60 4 47 30 43 60 4 13 47 31 58 25 -1 100 80 102 38 71 42 31 74 84 9 14 14 58 85 42 43 38 9 9 31 102 25 38 57 96 16 -1 25 14 60 102 42 16 53 102 4 20 80 38 14 60 58 14 9 9 31 42 9 -1 58 16 87 14 31 80 4 31 31 -1 102 42 80 13 60 14 41 13 67 9 16 -1 9 
66 94 75 66 75 97 97 98 75 66 66 75 66 66 98 94 75 96 94 94 94 94 66 97 94 98 98 94 85 101 66 85 94 66 98 66 66 75 75 75 66 97 85 98 101 85 97 75 75 75 66 94 66 97 98 75 98 75 97 66 97 94 79 66 97 103 -1 99 94 97 98 85 66 97 75 -1 75 98 94 75 66 66 75 66 66 75 98 94 75 98 102 -1 75 66 -1 97 66 -1 -1 75 98 -1 66 94 
37 47 37 50 57 50 47 69 74 50 74 37 37 47 42 46 57 96 37 37 68 47 78 48 37 63 57 47 100 37 63 48 37 47 57 48 57 -1 48 -1 37 79 37 47 81 47 42 39 37 74 42 37 47 88 63 57 37 47 47 63 37 37 79 42 69 88 40 93 47 48 48 42 37 58 37 57 74 63 37 37 69 47 47 68 42 42 47 48 37 47 42 75 -1 47 47 88 42 46 47 48 37 85 86 46 
72 44 57 33 20 31 43 31 67 67 59 33 57 33 43 44 20 96 43 33 -1 47 63 99 33 59 33 47 31 44 63 20 100 -1 31 63 57 63 31 47 66 67 63 33 -1 47 63 -1 80 59 63 31 59 59 63 57 59 47 44 -1 58 47 59 -1 72 59 33 -1 20 80 59 43 59 20 47 57 86 63 47 47 -1 44 33 63 44 31 44 20 47 31 80 66 47 -1 33 44 44 73 33 67 33 44 86 44 
24 27 32 13 25 50 18 25 103 13 103 24 32 -1 43 19 26 96 -1 -1 68 -1 24 18 18 13 13 -1 51 19 25 38 18 13 25 38 88 78 18 47 66 13 103 18 27 18 103 21 38 103 13 18 27 25 98 57 24 47 43 25 24 27 61 30 103 103 13 13 -1 18 38 18 27 68 38 91 32 51 27 21 33 47 33 68 103 45 43 18 21 45 13 -1 47 33 -1 19 19 19 13 91 13 91 66 -1 
88 15 88 50 53 -1 97 88 38 50 103 60 88 53 60 -1 53 96 51 15 97 88 35 97 60 53 53 15 5 15 35 28 51 51 53 -1 53 88 35 74 66 60 46 51 15 51 15 88 38 96 5 -1 72 -1 35 88 96 88 60 53 -1 60 53 35 97 53 35 50 83 88 38 38 60 97 38 88 53 51 27 60 86 35 53 35 29 60 77 38 -1 62 60 97 88 44 19 -1 -1 -1 53 88 28 29 53 15 
88 -1 57 25 25 95 43 -1 56 90 74 56 32 25 -1 -1 30 -1 43 15 31 88 30 43 19 7 30 1 31 15 -1 7 30 43 7 30 30 42 31 74 66 60 14 14 1 27 15 27 69 56 42 95 27 95 35 57 -1 36 43 56 14 27 34 30 36 95 30 25 83 7 56 14 27 97 14 85 36 95 27 74 69 30 30 30 14 7 43 83 7 7 14 66 42 44 19 -1 -1 95 7 85 7 29 34 15 
24 19 64 72 64 95 -1 69 41 41 103 24 24 41 43 19 64 96 6 -1 73 79 24 6 19 71 64 72 95 19 64 73 18 43 64 95 64 46 18 47 91 -1 46 6 73 18 -1 43 23 41 41 95 72 95 95 64 70 64 73 72 41 24 79 46 -1 95 91 41 73 6 64 6 64 -1 79 91 64 95 24 41 69 69 64 87 103 41 43 64 95 71 41 -1 46 73 19 -1 95 -1 6 23 41 91 91 46 
88 96 57 13 25 31 -1 -1 103 13 103 43 32 -1 43 103 26 34 6 94 25 47 30 6 18 -1 -1 47 31 101 25 7 18 13 7 54 30 43 70 47 66 13 43 -1 58 18 103 43 23 70 13 18 59 25 -1 57 70 26 43 25 43 24 34 54 70 103 13 13 47 6 -1 6 13 58 43 91 26 54 30 103 33 47 26 30 103 7 43 18 7 7 13 -1 47 33 13 53 7 6 -1 23 7 91 34 -1 
48 93 75 67 67 67 23 85 75 67 75 75 75 67 43 103 75 75 23 94 67 75 24 -1 23 67 75 75 85 93 67 85 23 93 75 48 75 48 48 75 91 67 85 23 93 85 85 75 23 75 67 23 91 67 93 75 75 75 43 93 67 76 79 93 75 103 91 -1 67 23 48 23 75 67 75 -1 75 51 48 75 93 69 75 87 103 75 43 67 75 71 67 75 48 67 91 88 85 23 23 -1 67 75 90 75 
-1 96 12 13 25 28 32 -1 9 -1 76 33 0 9 43 96 33 34 32 24 33 79 32 32 0 7 13 72 -1 24 25 7 -1 -1 7 30 34 0 9 47 12 9 37 33 93 32 42 43 37 9 9 28 72 25 77 88 33 88 43 25 24 24 34 93 69 53 13 9 33 7 34 25 0 33 9 9 32 28 32 0 33 32 33 30 29 7 43 32 0 7 9 98 37 33 13 28 7 41 7 67 -1 85 34 9 
29 29 57 26 16 85 85 85 75 85 76 16 29 26 84 29 -1 85 29 29 16 94 29 85 29 16 16 85 85 -1 26 85 76 16 85 30 57 85 85 57 84 85 85 16 29 85 29 57 69 56 85 29 91 26 98 57 16 16 44 25 29 29 53 85 16 53 91 16 94 64 64 85 64 97 75 16 16 85 29 85 33 44 16 30 29 -1 44 16 29 85 16 -1 85 44 91 29 29 91 91 75 85 -1 91 29 
66 86 57 66 90 86 86 34 86 90 66 86 66 66 90 86 86 34 86 94 90 79 66 86 62 34 66 66 86 86 66 90 86 66 -1 66 34 86 70 86 66 90 90 86 86 66 90 86 86 70 90 86 66 36 86 57 70 36 90 66 90 62 34 66 36 53 -1 90 83 86 34 36 66 90 90 91 86 86 66 62 86 86 66 66 86 34 -1 90 34 34 -1 66 86 86 66 53 34 91 34 90 34 91 -1 86 
72 15 64 72 64 95 98 98 -1 8 -1 64 84 94 84 -1 64 96 94 15 94 94 72 98 19 98 98 94 38 15 64 38 76 94 64 38 64 46 8 74 84 9 46 98 15 94 -1 81 38 8 9 94 10 65 98 64 49 64 98 52 72 76 65 46 -1 -1 52 9 94 64 64 38 64 97 8 8 8 86 94 8 69 10 64 87 -1 46 84 64 64 87 9 94 46 44 -1 15 15 46 -1 75 9 29 86 -1 
