61
13 44
-1 51 55 21 21 33 21 45 32 21 21 32 21 41 32 32 21 41 21 21 32 -1 33 33 41 33 21 41 32 33 41 32 -1 -1 21 21 41 32 55 32 33 -1 55 21 60 21 21 41 33 41 33 32 21 21 21 -1 32 21 55 21 55 
51 -1 6 59 46 46 -1 -1 6 6 46 6 46 43 39 9 35 6 35 59 6 9 42 46 6 46 35 30 46 45 17 11 51 40 46 -1 51 39 6 7 6 49 7 17 60 6 -1 17 49 6 35 -1 35 6 51 6 35 6 -1 -1 46 
55 6 -1 28 10 40 -1 42 6 6 -1 6 10 43 40 56 18 -1 10 40 -1 9 42 42 6 38 38 30 10 40 10 11 20 40 10 42 24 20 -1 53 -1 55 -1 17 60 6 10 17 56 6 10 6 45 -1 12 -1 -1 -1 -1 58 -1 
21 59 28 -1 21 30 49 49 18 21 28 59 21 30 32 28 -1 30 16 59 49 16 30 30 30 49 35 30 -1 49 -1 52 28 30 -1 16 41 30 57 49 59 30 30 30 60 21 16 30 49 -1 18 18 16 21 59 41 28 34 59 -1 46 
21 46 10 21 -1 30 10 45 32 21 -1 32 10 53 32 32 21 10 10 21 10 -1 30 30 46 46 21 30 10 45 10 32 -1 21 10 18 51 20 10 53 10 21 10 53 60 21 10 45 56 20 10 32 21 -1 12 10 32 10 10 21 10 
33 46 40 30 30 -1 30 42 33 26 30 42 54 30 40 33 46 30 50 40 30 33 33 -1 42 23 25 30 30 33 23 54 33 -1 30 42 26 30 26 40 33 30 23 25 60 33 23 33 33 25 23 54 25 40 23 33 33 26 40 54 46 
21 -1 -1 49 10 30 -1 1 -1 -1 2 -1 10 43 32 9 18 -1 8 8 2 9 30 30 -1 49 9 30 10 45 17 11 8 40 10 1 24 20 2 7 2 49 2 17 60 -1 1 17 49 -1 10 1 45 2 31 2 2 2 1 1 2 
45 -1 42 49 45 42 1 -1 6 51 42 42 45 52 39 42 35 6 51 39 49 45 42 42 42 49 35 39 49 45 42 42 51 42 49 1 51 39 42 -1 39 49 -1 47 60 -1 1 45 49 -1 42 -1 45 39 51 42 35 39 1 1 42 
32 6 6 18 32 33 -1 6 -1 6 18 6 18 43 32 18 18 6 -1 -1 32 9 47 50 6 49 9 30 18 45 17 11 -1 32 18 18 19 32 6 19 19 32 6 17 60 6 6 19 49 6 18 18 18 6 51 6 32 19 6 19 6 
21 6 6 21 21 26 -1 51 6 -1 6 6 21 43 32 -1 21 6 15 -1 6 -1 47 26 6 26 -1 30 15 26 17 11 15 21 57 26 19 39 26 19 19 21 6 17 60 6 6 19 49 6 18 -1 21 6 51 6 15 19 6 19 6 
21 46 -1 28 -1 30 2 42 18 6 -1 6 -1 30 32 18 18 2 -1 18 -1 4 30 30 46 46 35 30 -1 46 -1 54 4 30 -1 18 41 20 2 37 2 30 2 12 60 6 -1 17 30 20 -1 18 18 2 12 2 2 2 2 28 2 
32 6 6 59 32 42 -1 42 6 6 6 -1 57 52 32 -1 35 6 15 57 6 9 42 42 6 35 35 30 15 45 17 -1 15 42 57 -1 24 20 57 42 6 49 -1 17 60 6 56 17 56 6 18 6 31 6 31 42 -1 -1 59 -1 6 
21 46 10 21 10 54 10 45 18 21 -1 57 -1 43 32 18 21 43 10 57 10 -1 30 54 43 43 57 43 10 43 10 54 10 21 10 18 54 20 57 53 10 55 55 -1 60 21 10 43 30 20 10 54 21 43 -1 -1 10 -1 10 54 10 
41 43 43 30 53 30 43 52 43 43 30 52 43 -1 39 52 52 43 52 47 37 43 30 30 43 43 43 -1 30 43 27 52 37 30 30 52 41 27 43 37 43 30 30 -1 60 52 43 43 52 52 30 43 -1 43 43 43 30 43 43 30 43 
32 39 40 32 32 40 32 39 32 32 32 32 32 39 -1 32 32 40 32 39 32 32 40 40 51 40 32 39 32 40 32 32 -1 40 32 56 39 39 40 -1 -1 32 39 53 60 39 56 39 56 32 32 32 45 39 51 32 32 39 40 39 40 
32 9 56 28 32 33 9 42 18 -1 18 -1 18 52 32 -1 18 9 -1 9 32 9 56 42 9 26 9 30 -1 56 18 11 -1 32 18 11 19 32 26 19 19 32 11 17 60 9 56 19 56 9 18 9 18 32 31 32 -1 11 56 11 56 
21 35 18 -1 21 46 18 35 18 21 18 35 21 52 32 18 -1 30 -1 18 18 -1 30 46 46 46 35 30 3 45 3 52 18 21 3 -1 35 20 35 19 18 21 35 21 60 21 -1 45 49 3 18 18 -1 21 21 21 35 21 35 3 46 
41 6 -1 30 10 30 -1 6 6 6 2 6 43 43 40 9 30 -1 8 47 2 9 30 30 -1 43 9 30 10 43 -1 11 8 30 10 6 24 47 2 47 2 30 2 -1 60 6 24 -1 30 6 10 24 43 2 30 2 2 2 2 6 2 
21 35 10 16 10 50 8 51 -1 15 -1 15 10 52 32 -1 -1 8 -1 8 10 16 50 50 51 35 35 30 10 45 10 15 8 50 10 -1 51 20 10 19 10 30 35 12 60 35 10 19 50 8 -1 -1 16 10 51 10 15 10 10 15 10 
21 59 40 59 21 40 8 39 -1 -1 18 57 57 47 39 9 18 47 8 -1 32 9 47 59 36 26 9 39 15 40 41 57 8 40 57 18 -1 39 57 -1 -1 36 36 47 60 47 36 -1 47 8 18 9 47 39 59 40 15 -1 59 -1 40 
32 6 -1 49 10 30 2 49 32 6 -1 6 10 37 32 32 18 2 10 32 -1 10 30 30 6 49 38 37 10 49 10 52 -1 32 10 18 49 -1 2 37 2 49 2 12 60 6 10 37 49 -1 10 32 49 2 12 2 2 2 2 49 2 
-1 9 9 16 -1 33 9 45 9 -1 4 9 -1 43 32 9 -1 9 16 9 10 -1 33 46 9 26 9 43 10 45 10 52 0 0 10 16 19 47 26 19 19 0 35 12 60 -1 16 45 45 9 10 9 16 4 12 0 15 12 9 16 46 
33 42 42 30 30 33 30 42 47 47 30 42 30 30 40 56 30 30 50 47 30 33 -1 30 42 30 42 30 30 33 -1 42 56 -1 30 42 41 47 42 42 33 30 -1 47 60 47 56 -1 -1 48 -1 42 47 42 30 42 -1 42 42 30 42 
33 46 42 30 30 -1 30 42 50 26 30 42 54 30 40 42 46 30 50 59 30 46 30 -1 42 -1 25 30 30 25 -1 54 54 5 30 42 26 30 26 42 33 30 -1 25 60 29 -1 30 29 25 -1 54 25 42 -1 42 46 26 42 54 46 
41 6 6 30 46 42 -1 42 6 6 46 6 43 43 51 9 46 -1 51 36 6 9 42 42 -1 46 36 30 46 45 17 11 51 42 46 42 -1 47 6 36 6 36 -1 17 60 6 -1 17 42 6 42 -1 45 6 51 42 46 6 6 6 46 
33 46 38 49 46 23 49 49 49 26 46 35 43 43 40 26 46 43 35 26 49 26 30 -1 46 -1 -1 43 46 -1 23 52 49 29 46 26 26 43 26 49 33 49 23 -1 60 29 -1 43 29 -1 23 26 -1 43 23 42 46 26 46 46 46 
21 35 38 35 21 25 9 35 9 -1 35 35 57 43 32 9 35 9 35 9 38 9 42 25 36 -1 -1 43 15 25 25 35 15 29 57 -1 -1 38 -1 19 19 36 35 25 60 35 25 19 29 25 25 9 25 38 25 38 35 -1 35 19 38 
41 30 30 30 30 30 30 39 30 30 30 30 43 -1 39 30 30 30 30 39 37 43 30 30 30 43 43 -1 30 43 -1 52 37 30 30 30 41 -1 30 37 30 30 30 -1 60 47 30 37 30 30 30 30 13 43 30 41 30 43 30 30 30 
32 46 10 -1 10 30 10 49 18 15 -1 15 10 30 32 -1 3 10 10 15 10 10 30 30 46 46 15 30 -1 46 3 15 15 30 3 15 19 20 10 19 10 30 10 12 60 10 10 17 49 3 10 15 16 10 12 10 15 10 10 3 10 
33 45 40 49 45 33 45 45 45 26 46 45 43 43 40 56 45 43 45 40 49 45 33 25 45 -1 25 43 46 -1 25 52 33 -1 46 45 26 47 26 45 33 33 25 25 60 -1 25 45 -1 25 25 45 25 43 25 33 48 26 40 40 46 
41 17 10 -1 10 23 17 42 17 17 -1 17 10 27 32 18 3 -1 10 41 10 10 -1 -1 17 23 25 -1 3 25 -1 54 10 22 3 16 41 27 10 37 10 -1 22 17 60 17 10 17 22 3 10 18 16 10 23 41 22 10 10 3 10 
32 11 11 52 32 54 11 42 11 11 54 -1 54 52 32 11 52 11 15 57 52 52 42 54 11 52 35 52 15 52 54 -1 15 42 57 11 54 52 57 42 11 52 11 52 60 52 52 52 52 52 54 54 -1 11 -1 42 11 11 59 11 11 
-1 51 20 28 -1 33 8 51 -1 15 4 15 10 37 -1 -1 18 8 8 8 -1 0 56 54 51 49 15 37 15 33 10 15 -1 0 10 56 51 20 20 14 14 0 15 53 60 8 56 19 56 20 10 -1 49 4 51 0 -1 15 20 15 20 
-1 40 40 30 21 -1 40 42 32 21 30 42 21 30 40 32 21 30 50 40 32 0 -1 5 42 29 29 30 30 -1 22 42 0 -1 30 42 40 47 40 40 -1 0 22 29 60 29 23 22 22 29 22 32 29 40 23 0 22 40 40 40 40 
21 46 10 -1 10 30 10 49 18 57 -1 57 10 30 32 18 3 10 10 57 10 10 30 30 46 46 57 30 3 46 3 57 10 30 -1 16 57 20 57 57 10 30 10 12 60 10 10 57 49 3 10 18 16 10 12 10 10 -1 10 3 10 
21 -1 42 16 18 42 1 1 18 26 18 -1 18 52 56 11 -1 6 -1 18 18 16 42 42 42 26 -1 30 15 45 16 11 56 42 16 -1 26 47 26 7 42 36 -1 26 60 -1 1 45 56 6 18 1 16 42 31 42 -1 11 1 1 42 
41 51 24 41 51 26 24 51 19 19 41 24 54 41 39 19 35 24 51 -1 49 19 41 26 -1 26 -1 41 19 26 41 54 51 40 57 26 -1 39 26 19 19 -1 24 24 60 24 24 19 49 41 51 -1 26 39 51 41 35 19 51 19 46 
32 39 20 30 20 30 20 39 32 39 20 20 20 27 39 32 20 47 20 39 -1 47 47 30 47 43 38 -1 20 47 27 52 20 47 20 47 39 -1 20 -1 20 47 20 27 60 47 20 -1 47 20 20 32 27 39 20 20 20 20 20 39 20 
55 6 -1 57 10 26 2 42 6 26 2 57 57 43 40 26 35 2 10 57 2 26 42 26 6 26 -1 30 10 26 10 57 20 40 57 26 26 20 -1 53 2 36 2 17 60 6 10 17 56 6 10 26 26 2 57 2 2 -1 2 57 2 
32 7 53 49 53 40 7 -1 19 19 37 42 53 37 -1 19 19 47 19 -1 37 19 42 42 36 49 19 37 19 45 37 42 14 40 57 7 19 -1 53 -1 14 36 7 53 60 7 7 19 49 7 19 7 45 -1 51 42 32 19 7 19 53 
33 6 -1 59 10 33 2 39 19 19 2 6 10 43 -1 19 18 2 10 -1 2 19 33 33 6 33 19 30 10 33 10 11 14 -1 10 42 19 20 2 14 -1 33 2 17 60 6 10 19 33 6 10 19 33 2 59 2 2 2 2 19 2 
-1 49 55 30 21 30 49 49 32 21 30 49 55 30 32 32 21 30 30 36 49 0 30 30 36 49 36 30 30 33 -1 52 0 0 30 36 -1 47 36 36 33 -1 55 47 60 47 30 -1 49 -1 30 36 49 47 30 -1 30 36 55 30 55 
55 7 -1 30 10 23 2 -1 6 6 2 -1 55 30 39 11 35 2 35 36 2 35 -1 -1 -1 23 35 30 10 25 22 11 15 22 10 -1 24 20 2 7 2 55 -1 17 60 7 23 22 22 7 22 7 25 2 23 -1 2 2 2 11 2 
21 17 17 30 53 25 17 47 17 17 12 17 -1 -1 53 17 21 -1 12 47 12 12 47 25 17 -1 25 -1 12 25 17 52 53 29 12 26 24 27 17 53 17 47 17 -1 60 47 25 -1 29 25 12 24 13 -1 12 12 17 12 17 47 17 
60 60 60 60 60 60 60 60 60 60 60 60 60 60 60 60 60 60 60 60 60 60 60 60 60 60 60 60 60 60 60 60 60 60 60 60 60 60 60 60 60 60 60 60 -1 60 60 60 60 60 60 60 60 60 60 60 60 60 60 60 -1 
21 6 6 21 21 33 -1 -1 6 6 6 6 21 52 39 9 21 6 35 47 6 -1 47 29 6 29 35 47 10 -1 17 52 8 29 10 -1 24 47 6 7 6 47 7 47 60 -1 6 -1 29 6 35 7 -1 6 21 6 35 6 6 6 6 
21 -1 10 16 10 23 1 1 6 6 -1 56 10 43 56 56 -1 24 10 36 10 16 56 -1 -1 -1 25 30 10 25 10 52 56 23 10 1 24 20 10 7 10 30 23 25 60 6 -1 24 56 25 10 1 16 10 23 10 -1 10 1 1 -1 
41 17 17 30 45 33 17 45 19 19 17 17 43 43 39 19 45 -1 19 -1 37 45 -1 30 17 43 19 37 17 45 17 52 19 22 57 45 19 -1 17 19 19 -1 22 -1 60 -1 24 -1 22 41 22 19 45 43 43 41 22 19 17 19 17 
33 49 56 49 56 33 49 49 49 49 30 56 30 52 56 56 49 30 50 47 49 45 -1 29 42 29 29 30 49 -1 22 52 56 22 49 56 49 47 56 49 33 49 22 29 60 29 56 22 -1 -1 22 49 49 56 29 42 -1 56 56 49 56 
41 6 6 -1 20 25 -1 -1 6 6 20 6 20 52 32 9 3 6 8 8 -1 9 48 25 6 -1 25 30 3 25 3 52 20 29 3 6 41 20 6 7 6 -1 7 25 60 6 25 41 -1 -1 20 7 -1 6 25 41 48 6 6 3 6 
33 35 10 18 10 23 10 42 18 18 -1 18 10 30 32 18 18 10 -1 18 10 10 -1 -1 42 23 25 30 10 25 10 54 10 22 10 18 51 20 10 19 10 30 22 12 60 35 10 22 22 20 -1 18 18 10 23 10 22 10 10 54 10 
32 -1 6 18 32 54 1 -1 18 -1 18 6 54 43 32 9 18 24 -1 9 32 9 42 54 -1 26 9 30 15 45 18 54 -1 32 18 1 -1 32 26 7 19 36 7 24 60 7 1 19 49 7 18 -1 18 32 -1 32 32 19 1 1 46 
21 35 45 16 21 25 45 45 18 21 18 31 21 -1 45 18 -1 43 16 47 49 16 47 25 45 -1 25 13 16 25 16 -1 49 29 16 16 26 27 26 45 33 49 25 13 60 -1 16 45 49 -1 18 18 -1 43 31 49 31 26 35 16 46 
21 6 -1 21 -1 40 2 39 6 6 2 6 43 43 39 32 21 2 10 39 2 4 42 42 6 43 38 43 10 43 10 11 4 40 10 42 39 39 2 -1 2 47 2 -1 60 6 10 43 56 6 10 32 43 -1 43 2 2 2 2 39 2 
21 51 12 59 12 23 31 51 51 51 12 31 -1 43 51 31 21 30 51 59 12 12 30 -1 51 23 25 30 12 25 23 -1 51 23 12 31 51 20 57 51 59 30 23 12 60 21 23 43 29 25 23 -1 31 43 -1 12 31 12 59 -1 46 
-1 6 -1 41 10 33 2 42 6 6 2 42 -1 43 32 32 21 2 10 40 2 0 42 42 42 42 38 41 10 33 41 42 0 0 10 42 41 20 2 42 2 -1 -1 12 60 6 10 41 42 41 10 32 49 2 12 -1 2 2 2 42 2 
32 35 -1 28 32 33 2 35 32 15 2 -1 10 30 32 -1 35 2 15 15 2 15 -1 46 46 46 35 30 15 48 22 11 -1 22 10 -1 35 20 2 32 2 30 2 17 60 35 -1 22 -1 48 22 32 31 2 31 2 -1 2 2 11 2 
21 6 -1 34 10 26 2 39 19 19 2 -1 -1 43 39 11 21 2 10 -1 2 12 42 26 6 26 -1 43 10 26 10 11 15 40 -1 11 19 20 -1 19 2 36 2 12 60 6 10 19 56 6 10 19 26 2 12 2 2 -1 2 11 2 
55 -1 -1 59 10 40 1 1 6 6 2 59 10 43 40 56 35 2 10 59 2 9 42 42 6 46 35 30 10 40 10 59 20 40 10 1 51 20 2 7 2 55 2 17 60 6 1 17 56 6 10 1 35 2 59 2 2 2 -1 -1 -1 
21 -1 58 -1 21 54 1 1 19 19 28 -1 54 30 39 11 3 6 15 -1 49 16 30 54 6 46 19 30 3 40 3 11 15 40 3 1 19 39 57 19 19 30 11 47 60 6 1 19 49 3 54 1 16 39 -1 42 11 11 -1 -1 58 
55 46 -1 46 10 46 2 42 6 6 2 6 10 43 40 56 46 2 10 40 2 46 42 46 46 46 38 30 10 46 10 11 20 40 10 42 46 20 2 53 2 55 2 17 -1 6 -1 17 56 6 10 46 46 2 46 2 2 2 -1 58 -1 
