108
3 56
-1 34 36 30 14 95 99 30 93 101 99 107 103 97 -1 107 95 67 95 104 30 95 107 34 84 91 107 93 95 61 -1 30 95 42 30 30 30 107 67 107 42 72 30 75 104 62 62 107 62 62 72 84 62 31 95 62 99 62 95 14 97 -1 -1 36 107 34 84 62 107 95 34 90 61 62 97 61 97 36 30 73 14 107 107 36 14 95 75 107 36 97 30 30 42 61 107 -1 91 -1 30 14 90 30 75 30 62 14 42 -1 
34 -1 35 98 65 28 16 26 18 101 58 -1 48 91 34 65 -1 98 16 28 65 28 26 34 91 91 11 98 16 98 34 34 -1 42 -1 16 34 98 78 91 98 91 34 78 98 26 65 35 18 98 65 26 65 65 98 65 99 65 18 65 18 91 98 36 98 -1 28 101 102 32 34 26 91 65 89 26 91 98 65 98 65 91 89 16 98 93 26 98 18 11 34 -1 65 28 78 28 91 34 -1 16 34 34 35 34 28 65 18 26 
36 35 -1 36 80 88 35 35 88 47 58 35 103 76 36 59 35 84 35 88 35 100 35 100 77 76 35 58 35 35 36 36 35 93 36 -1 -1 77 93 47 76 77 36 58 77 88 88 -1 35 83 59 63 88 88 84 42 99 35 47 58 63 35 36 36 88 80 100 93 102 35 36 76 61 88 88 36 36 36 58 63 36 47 83 36 83 47 75 88 -1 35 36 36 42 35 76 35 88 76 35 88 35 36 35 88 35 47 80 47 
30 98 36 -1 31 78 83 30 52 94 78 89 103 76 30 42 89 84 78 78 -1 55 51 34 84 78 30 37 66 20 -1 30 98 42 30 29 30 20 78 82 42 77 -1 78 98 51 55 78 52 82 59 20 20 98 98 42 99 20 78 37 84 29 30 36 98 78 20 78 107 30 98 90 91 98 89 36 36 36 -1 42 36 82 -1 78 42 77 104 98 36 82 30 30 42 42 78 30 91 30 -1 30 37 30 35 30 20 98 42 82 
14 65 80 31 -1 59 99 31 53 105 59 65 103 80 -1 59 59 84 59 59 59 59 84 105 84 59 86 59 59 59 31 -1 59 59 31 31 80 59 90 105 42 72 31 59 59 59 55 59 59 57 59 84 65 31 84 53 99 53 59 -1 84 14 14 80 107 59 59 59 107 105 34 90 59 53 86 80 80 59 59 59 -1 59 107 80 14 105 80 53 80 59 80 31 53 59 59 14 53 14 53 14 59 31 80 59 59 -1 80 31 
95 28 88 78 59 -1 28 69 -1 94 78 26 104 76 84 59 28 79 8 -1 51 28 25 -1 84 -1 25 51 -1 51 34 53 28 79 23 28 63 51 78 81 76 84 78 78 104 -1 45 78 18 48 59 -1 8 8 79 28 99 51 78 28 79 93 46 51 8 78 28 28 107 23 34 79 91 79 45 78 25 94 -1 -1 78 25 78 78 51 93 74 8 8 28 78 25 51 8 78 28 53 74 53 28 23 34 35 59 19 53 28 28 
99 16 35 83 99 28 -1 35 18 101 99 16 48 83 99 84 -1 84 16 28 83 99 84 28 84 28 16 58 16 35 83 83 16 84 16 16 83 59 83 83 83 83 84 83 98 99 99 35 18 83 59 84 18 18 84 99 99 99 18 28 18 99 99 83 18 16 28 99 102 18 34 83 99 99 99 83 83 83 83 28 83 83 83 -1 83 99 99 18 83 16 83 16 84 28 83 99 99 99 16 -1 35 83 35 59 28 69 18 83 
30 26 35 30 31 69 35 -1 52 101 69 26 103 76 30 107 35 84 69 69 30 95 26 69 84 26 -1 69 35 35 -1 30 69 42 30 -1 30 100 90 105 42 77 30 69 98 26 45 35 52 52 69 26 26 31 95 42 99 95 69 69 69 30 30 36 107 52 100 101 102 -1 34 26 91 107 86 26 36 36 30 42 36 26 30 36 42 93 26 52 35 26 30 26 42 35 107 69 91 30 30 95 35 30 35 30 86 69 42 26 
93 18 88 52 53 -1 18 52 -1 48 58 52 48 76 53 93 18 79 -1 5 52 28 25 5 84 5 52 93 5 52 53 53 28 93 23 93 88 52 93 93 98 88 55 58 98 5 45 58 18 48 59 5 -1 -1 79 52 99 53 18 28 18 93 55 51 -1 52 28 93 107 18 92 87 93 53 88 52 25 88 5 5 65 25 107 78 51 93 52 -1 -1 18 87 25 53 -1 78 28 53 93 53 88 23 34 93 88 19 53 18 64 
101 101 47 94 105 94 101 101 48 -1 58 101 -1 94 101 107 48 101 48 104 94 101 81 101 104 81 107 94 104 94 101 101 101 104 101 47 94 94 94 -1 94 94 101 94 94 94 101 39 12 48 94 94 48 105 95 52 99 49 47 94 48 93 101 60 107 94 94 101 107 105 101 94 94 107 97 94 94 94 94 60 94 39 81 101 101 39 104 94 103 82 101 101 94 85 -1 85 101 94 94 95 94 -1 107 12 12 39 103 39 
99 58 58 78 59 78 99 69 58 58 -1 99 58 76 99 59 58 99 58 78 78 99 58 69 99 78 69 58 59 99 69 59 69 59 69 58 58 58 78 58 76 99 78 58 58 99 99 58 58 58 59 58 58 58 99 99 99 99 -1 58 58 99 99 58 58 59 59 99 107 58 99 58 99 99 99 58 58 58 58 60 59 58 78 78 99 99 99 58 99 99 78 99 58 58 78 99 99 99 58 -1 99 83 75 59 59 69 58 99 
107 -1 35 89 65 26 16 26 52 101 99 -1 52 76 89 89 1 89 16 104 52 107 26 34 89 26 -1 51 16 98 26 107 1 89 1 16 75 98 78 107 98 91 30 75 98 26 45 107 52 89 65 26 26 65 98 52 99 52 18 65 18 75 55 51 98 1 28 101 107 26 34 26 91 107 89 26 26 75 65 71 65 89 89 89 89 107 26 52 89 -1 30 1 51 28 107 28 89 89 1 89 34 34 75 30 86 65 18 26 
103 48 103 103 103 104 48 103 48 -1 58 52 -1 94 84 103 48 104 48 104 104 104 52 69 104 81 52 58 104 104 103 103 104 104 101 48 103 94 103 9 94 104 103 58 104 103 104 39 -1 48 103 104 48 48 79 52 103 49 48 103 48 104 104 60 48 52 104 104 107 48 98 79 103 104 103 104 94 94 94 60 104 39 49 101 60 39 104 48 103 48 103 103 104 103 9 104 103 60 49 103 94 9 104 -1 -1 39 103 39 
97 91 76 76 80 76 83 76 76 94 76 76 94 -1 84 84 76 84 97 76 76 84 76 76 84 76 76 76 76 76 76 76 76 76 76 76 76 94 90 81 76 77 76 76 94 76 76 76 97 98 91 76 76 92 79 76 99 76 76 94 97 76 97 76 87 80 76 84 107 76 91 76 91 79 97 76 -1 76 94 76 76 76 81 76 76 77 76 76 76 97 76 76 76 97 76 97 91 76 76 97 76 76 76 76 76 80 76 94 
-1 34 36 30 -1 84 99 30 53 101 99 89 84 84 -1 84 99 84 84 84 84 84 84 34 84 84 107 84 59 61 0 4 59 84 30 30 30 59 67 105 84 84 84 59 59 84 62 59 84 62 59 84 62 31 84 62 99 62 59 4 84 0 0 84 107 59 84 62 107 95 84 84 61 62 99 61 84 36 84 84 4 59 84 84 -1 95 80 107 99 84 30 30 84 61 107 0 99 0 84 -1 84 30 75 30 62 4 80 0 
107 65 59 42 59 59 84 107 93 107 59 89 103 84 84 -1 89 84 59 104 59 84 84 59 84 59 107 59 59 98 42 107 59 -1 42 89 84 59 93 107 42 84 33 59 59 84 55 59 84 89 59 84 55 55 84 33 99 55 59 -1 84 93 55 84 107 59 84 84 107 59 84 79 59 107 89 107 84 59 59 33 59 59 89 84 -1 93 89 107 89 -1 42 107 33 33 107 59 89 84 89 84 59 84 107 59 33 59 42 -1 
95 -1 35 89 59 28 -1 35 18 48 58 1 48 76 99 89 -1 67 -1 28 35 28 26 28 104 28 11 58 -1 35 34 34 1 89 1 -1 35 59 93 47 98 91 106 58 98 28 45 35 18 48 59 28 18 18 95 28 99 95 18 28 18 35 104 60 18 1 28 28 102 18 34 79 91 53 89 102 28 36 28 28 65 89 89 6 28 93 89 18 18 -1 100 1 51 28 59 28 89 60 1 6 35 34 35 59 28 69 18 28 
67 98 84 84 84 79 84 84 79 101 99 89 104 84 84 84 67 -1 84 104 84 67 84 70 84 79 84 84 67 98 84 84 67 79 70 93 84 98 67 95 84 84 84 78 98 84 67 78 84 67 84 84 67 98 -1 67 99 67 78 84 84 67 67 84 98 78 84 -1 107 95 54 79 95 67 84 67 84 101 67 54 84 84 84 84 -1 95 104 79 84 84 67 70 70 67 78 54 91 84 54 67 67 67 75 67 67 84 84 67 
95 16 35 78 59 8 16 69 -1 48 58 16 48 97 84 59 -1 84 -1 8 52 28 25 69 84 8 52 58 16 35 69 53 69 79 16 16 63 58 78 58 106 84 106 58 58 8 45 58 -1 48 59 8 8 8 79 52 99 106 -1 58 -1 93 49 60 8 16 28 28 102 -1 34 79 95 53 88 58 97 58 58 60 106 25 49 16 60 93 106 8 8 16 106 16 53 8 78 69 53 60 16 16 35 34 35 60 28 69 -1 64 
104 28 88 78 59 -1 28 69 5 104 78 104 104 76 84 104 28 104 8 -1 104 28 25 5 104 5 104 51 5 104 34 53 28 104 23 28 63 104 78 81 76 104 104 78 104 5 45 78 104 104 59 5 8 8 79 104 99 104 78 28 79 104 104 51 8 78 28 104 104 23 34 79 91 79 45 104 25 94 5 5 104 25 78 78 51 93 104 8 8 28 78 25 51 8 78 28 53 74 104 28 23 104 104 104 -1 53 28 28 
30 65 35 -1 59 51 83 30 52 94 78 52 104 76 84 59 35 84 52 104 -1 55 51 51 104 51 52 37 66 -1 3 30 66 104 30 29 30 -1 78 81 42 77 3 78 37 51 51 78 52 57 59 -1 -1 57 84 52 99 -1 78 37 52 29 57 51 52 52 -1 104 102 78 92 51 61 57 51 52 51 37 -1 51 65 37 3 78 51 77 104 52 52 82 30 30 51 35 37 57 57 76 3 61 37 30 35 30 -1 57 57 52 
95 28 100 55 59 28 99 95 28 101 99 107 104 84 84 84 28 67 28 28 55 -1 84 100 84 28 107 84 -1 95 55 107 28 55 100 100 84 100 67 107 55 84 55 59 100 100 55 107 55 62 59 84 55 55 84 -1 99 95 59 28 84 95 55 84 107 55 28 -1 107 95 84 100 95 107 99 95 84 95 28 28 100 100 107 84 -1 95 99 107 99 28 100 95 55 28 107 -1 55 84 55 -1 -1 67 100 59 28 55 28 -1 
107 26 35 51 84 25 84 26 25 81 58 26 52 76 84 84 26 84 25 25 51 84 -1 25 84 -1 -1 51 25 51 26 107 26 79 25 26 63 51 90 81 76 84 84 75 51 -1 45 58 52 52 91 -1 26 92 79 46 99 51 51 28 63 75 46 51 87 52 51 62 107 26 91 -1 91 79 45 26 25 51 25 71 86 25 81 84 51 81 26 71 74 26 71 25 51 51 76 28 74 74 26 74 45 30 75 30 51 69 28 26 
34 34 100 34 105 -1 28 69 5 101 69 34 69 76 34 59 28 70 69 5 51 100 25 -1 84 5 69 51 5 100 34 34 69 79 -1 100 34 100 78 105 42 95 34 69 100 5 45 69 69 69 59 5 8 8 70 100 99 95 69 28 69 95 34 51 8 34 100 100 102 -1 34 79 95 79 45 36 25 100 5 5 100 25 34 78 51 95 69 8 8 28 100 25 51 8 78 69 53 34 34 95 -1 34 100 34 19 69 28 100 
84 91 77 84 84 84 84 84 84 104 99 89 104 84 84 84 104 84 84 104 104 84 84 84 -1 84 104 84 104 104 84 84 104 104 84 100 77 77 104 85 84 -1 84 84 104 84 104 77 84 104 72 84 104 84 84 84 99 104 84 84 84 72 104 84 98 84 84 104 107 84 84 84 41 104 104 104 84 41 84 84 104 77 84 84 -1 77 104 84 77 84 84 72 84 104 77 72 91 84 84 84 84 77 104 84 -1 84 84 84 
91 91 76 78 59 -1 28 26 5 81 78 26 81 76 84 59 28 79 8 5 51 28 -1 5 84 -1 22 51 5 51 91 91 28 79 23 26 76 81 78 81 76 91 76 78 81 5 45 81 18 82 91 5 8 8 79 28 99 51 78 28 79 91 46 51 8 78 28 28 107 23 91 22 91 79 45 26 -1 76 5 5 76 -1 81 76 51 81 26 8 8 82 71 -1 51 8 76 28 91 76 76 28 23 91 75 91 19 81 28 26 
107 11 35 30 86 25 16 -1 52 107 69 -1 52 76 107 107 11 84 52 104 52 107 -1 69 104 22 -1 51 104 35 7 107 11 55 11 7 75 52 78 107 42 91 30 75 104 22 45 107 52 52 91 22 -1 52 91 52 99 52 69 65 52 75 55 51 107 52 52 104 107 7 91 22 91 107 86 -1 25 75 52 71 86 25 107 75 51 107 -1 52 52 11 30 -1 51 35 107 69 91 86 11 75 35 30 75 30 86 69 86 -1 
93 98 58 37 59 51 58 69 93 94 58 51 58 76 84 59 58 84 58 51 37 84 51 51 84 51 51 -1 93 37 37 59 69 93 51 93 63 -1 93 58 76 77 84 58 37 51 51 58 58 98 59 -1 37 92 84 92 99 37 -1 37 58 93 93 51 93 59 37 93 102 58 92 51 93 79 51 58 51 37 58 51 59 37 81 78 51 93 51 93 93 98 93 51 51 -1 37 69 92 93 37 58 37 77 93 59 37 69 58 94 
95 16 35 66 59 -1 16 35 5 104 59 16 104 76 59 59 -1 67 16 5 66 -1 25 5 104 5 104 93 -1 35 95 59 -1 93 16 16 106 59 93 93 106 95 106 59 104 5 45 59 18 95 59 5 8 8 95 21 99 95 59 -1 18 93 104 51 8 59 -1 21 107 32 95 79 95 79 45 93 25 59 5 5 106 25 89 16 21 93 104 8 8 16 93 16 51 -1 59 -1 53 93 16 21 21 67 35 59 -1 59 -1 21 
61 98 35 20 59 51 35 35 52 94 99 98 104 76 61 98 35 98 35 104 -1 95 51 100 104 51 35 37 35 -1 20 98 98 93 98 -1 35 20 78 47 98 72 20 75 98 51 62 35 52 98 72 20 20 98 98 52 99 20 78 37 35 -1 61 51 98 52 20 62 102 35 98 51 61 62 98 61 51 37 20 98 36 37 20 78 51 93 75 98 35 98 100 72 51 35 37 61 98 61 -1 61 35 30 35 30 20 98 57 61 
-1 34 36 -1 31 34 83 -1 53 101 69 26 103 76 0 42 34 84 69 34 3 55 26 34 84 91 7 37 95 20 -1 -1 34 42 -1 7 -1 20 90 101 42 77 -1 75 98 100 55 36 103 62 91 20 20 31 70 42 99 20 69 103 103 0 0 36 98 34 20 101 107 7 34 90 91 53 88 36 36 36 3 42 36 82 3 36 42 77 26 90 36 82 -1 -1 42 35 76 0 91 0 3 14 90 -1 35 -1 20 31 42 0 
30 34 36 30 -1 53 83 30 53 101 59 107 103 76 4 107 34 84 53 53 30 107 107 34 84 91 107 59 59 98 -1 -1 34 42 30 30 30 59 90 107 42 77 30 59 98 53 55 107 53 57 59 92 53 -1 98 53 99 53 59 4 103 30 30 36 107 53 30 101 107 30 34 90 91 53 96 36 36 36 30 73 4 107 107 36 14 107 80 53 36 98 30 30 53 53 107 30 53 30 53 14 90 30 107 30 30 4 42 -1 
95 -1 35 98 59 28 16 69 28 101 69 1 104 76 59 59 1 67 69 28 66 28 26 69 104 28 11 69 -1 98 34 34 -1 93 1 16 34 59 93 105 98 91 106 69 98 28 45 69 69 98 59 28 65 65 95 28 99 95 69 28 69 93 104 51 98 1 28 28 107 -1 34 79 91 65 45 26 28 59 28 28 65 28 89 16 28 93 104 28 28 11 34 1 51 28 59 28 91 93 1 28 28 34 35 59 28 69 28 28 
42 42 93 42 59 79 84 42 93 104 59 89 104 76 84 -1 89 79 79 104 104 55 79 79 104 79 55 93 93 93 42 42 93 -1 42 93 42 59 93 93 42 104 -1 59 104 55 55 59 55 62 59 92 55 55 79 -1 99 55 59 15 79 93 55 79 93 55 84 104 107 42 92 79 93 79 89 93 42 93 42 -1 104 59 42 84 15 93 104 79 93 15 42 42 -1 -1 107 55 92 93 42 55 55 42 93 42 -1 55 42 15 
30 -1 36 30 31 23 16 30 23 101 69 1 101 76 30 42 1 70 16 23 30 100 25 -1 84 23 11 51 16 98 -1 30 1 42 -1 16 30 98 90 101 42 101 30 69 98 23 45 36 18 98 65 23 65 31 70 42 99 30 69 65 103 30 30 36 98 1 100 101 107 23 -1 90 91 53 45 36 36 101 23 23 36 25 30 101 42 101 26 23 36 11 30 1 70 23 101 30 91 30 1 16 23 -1 35 30 101 69 42 30 
30 16 -1 29 31 28 16 -1 93 47 58 16 48 76 30 89 -1 93 16 28 29 100 26 100 100 26 7 93 16 -1 7 30 16 93 16 -1 2 100 93 47 98 72 30 102 98 100 100 2 18 98 59 29 26 93 98 93 99 29 18 28 18 29 61 36 93 16 100 93 102 7 98 100 61 62 88 102 36 36 29 93 36 100 89 16 100 93 26 93 2 16 100 16 93 -1 100 28 88 93 29 16 -1 30 -1 30 28 69 18 26 
30 34 -1 30 80 63 83 30 88 94 58 75 103 76 30 84 35 84 63 63 30 84 63 34 77 76 75 63 106 35 -1 30 34 42 30 2 -1 77 83 47 76 77 30 75 77 63 55 2 63 83 75 63 75 31 84 42 99 106 47 77 63 75 30 -1 88 80 84 101 102 30 34 76 75 53 88 -1 -1 -1 83 63 -1 76 83 -1 83 77 75 76 -1 83 30 30 42 35 76 30 88 76 30 75 35 30 75 30 86 80 80 30 
107 98 77 20 59 51 59 100 52 94 58 98 94 94 59 59 59 98 58 104 -1 100 51 100 77 81 52 -1 59 20 20 59 59 59 98 100 77 -1 78 81 98 77 20 58 -1 100 100 58 52 98 59 20 20 98 98 52 100 20 27 -1 103 29 57 51 98 59 20 100 107 58 98 94 59 98 98 77 94 -1 20 98 59 -1 81 77 51 77 104 98 77 98 100 81 51 27 -1 57 98 93 -1 100 -1 77 100 59 20 59 57 94 
67 78 93 78 90 78 83 90 93 94 78 78 103 90 67 93 93 67 78 78 78 67 90 78 104 78 78 93 93 78 90 90 93 93 90 93 83 78 -1 93 78 93 78 78 104 78 67 78 103 67 103 78 78 78 67 67 99 67 78 103 103 93 67 103 93 78 78 -1 102 78 67 90 93 67 97 78 90 93 -1 78 90 78 78 78 67 93 90 90 103 82 -1 90 93 -1 78 67 78 93 78 67 90 67 93 -1 67 78 103 67 
107 91 47 82 105 81 83 105 93 -1 58 107 9 81 105 107 47 95 58 81 81 107 81 105 85 81 107 58 93 47 101 107 105 93 101 47 47 81 93 -1 81 85 82 58 81 81 105 -1 12 82 59 58 107 105 95 105 99 95 47 58 48 93 107 47 107 105 81 101 107 105 91 81 95 107 88 107 81 85 58 107 105 -1 81 82 107 -1 107 107 47 82 93 81 105 85 9 85 105 93 81 95 81 9 107 12 12 -1 58 -1 
42 98 76 42 42 76 83 42 98 94 76 98 94 76 84 42 98 84 106 76 42 55 76 42 84 76 42 76 106 98 42 42 98 42 42 98 76 98 78 81 -1 77 -1 76 98 76 55 76 98 98 98 76 55 98 98 42 99 98 76 98 84 98 55 76 98 98 84 55 107 42 98 76 91 98 97 76 -1 76 42 42 76 76 42 76 42 77 76 76 76 98 42 42 42 42 76 98 92 76 -1 55 98 42 76 42 42 98 42 94 
72 91 77 77 72 84 83 77 88 94 99 91 104 77 84 84 91 84 84 104 77 84 84 95 -1 91 91 77 95 72 77 77 91 104 101 72 77 77 93 85 77 -1 84 75 77 84 72 77 84 72 72 84 77 95 84 72 99 95 72 72 84 72 72 77 98 72 84 101 107 95 91 77 -1 72 88 72 77 -1 94 84 77 77 81 77 24 77 104 77 77 84 77 72 84 72 77 72 91 72 77 72 77 77 75 72 24 85 80 94 
30 34 36 -1 31 78 84 30 55 101 78 30 103 76 84 33 106 84 106 104 3 55 84 34 84 76 30 84 106 20 -1 30 106 -1 30 30 30 20 78 82 -1 84 -1 78 98 55 55 36 55 62 59 84 55 55 84 -1 99 106 78 33 84 30 55 36 98 55 84 55 107 30 92 76 91 55 96 36 40 36 3 33 106 82 3 84 -1 93 104 55 36 33 30 30 -1 33 76 30 92 30 3 55 55 30 35 30 33 55 -1 30 
75 78 58 78 59 78 83 69 58 94 58 75 58 76 59 59 58 78 58 78 78 59 75 69 84 78 75 58 59 75 75 59 69 59 69 102 75 58 78 58 76 75 78 -1 58 78 75 58 58 58 59 58 75 78 79 75 99 78 -1 58 58 75 75 75 58 78 78 78 102 58 91 75 75 75 86 -1 75 75 -1 78 75 58 78 78 83 58 75 58 75 58 78 75 58 58 78 69 78 60 78 58 58 83 75 59 78 69 58 75 
104 98 77 98 59 104 98 98 98 94 58 98 104 94 59 59 98 98 58 104 37 100 51 100 104 81 104 37 104 98 98 98 98 104 98 98 77 -1 104 81 98 77 98 58 -1 100 104 58 98 98 59 37 37 98 98 98 99 37 37 37 98 98 104 51 98 59 37 104 107 58 98 94 59 98 98 104 94 37 37 98 104 37 81 77 98 77 104 98 77 98 100 98 98 37 37 98 98 93 -1 98 37 77 98 59 -1 98 104 94 
62 26 88 51 59 -1 99 26 5 94 99 26 103 76 84 84 28 84 8 5 51 100 -1 5 84 5 22 51 5 51 100 53 28 55 23 100 63 100 78 81 76 84 55 78 100 -1 -1 58 18 62 59 -1 8 8 79 46 99 51 51 28 63 62 46 51 8 78 100 62 102 23 92 22 62 62 -1 26 51 100 5 5 86 25 89 78 51 93 74 8 74 74 100 25 51 8 76 28 74 74 89 74 -1 34 100 88 19 53 28 26 
62 65 88 55 55 45 99 45 45 101 99 45 104 76 62 55 45 67 45 45 51 55 45 45 104 45 45 51 45 62 55 55 45 55 45 100 55 100 67 105 55 72 55 75 104 -1 -1 58 55 62 72 45 55 55 67 -1 99 62 51 45 55 62 -1 51 45 55 100 62 107 45 92 45 62 62 45 62 51 100 45 45 65 45 62 78 51 93 74 45 74 74 100 45 55 55 76 55 55 62 55 55 45 67 75 55 62 55 55 55 
107 35 -1 78 59 78 35 35 58 39 58 107 39 76 59 59 35 78 58 78 78 107 58 69 77 81 107 58 59 35 36 107 69 59 36 2 2 58 78 -1 76 77 36 58 58 58 58 -1 58 58 59 58 58 105 95 105 99 78 -1 58 58 35 107 36 107 59 59 78 107 58 36 76 59 107 88 36 36 36 58 60 36 39 81 36 58 39 75 58 2 35 36 36 58 35 39 69 88 60 35 58 35 39 35 59 39 39 58 39 
62 18 35 52 59 18 18 52 18 12 58 52 -1 97 84 84 18 84 -1 104 52 55 52 69 84 18 52 58 18 52 103 53 69 55 18 18 63 52 103 12 98 84 55 58 98 18 55 58 -1 -1 59 52 -1 18 79 52 99 49 18 58 -1 62 49 60 18 52 52 62 107 18 98 79 62 62 97 52 97 52 52 60 65 82 49 82 60 39 52 18 18 18 79 52 55 18 12 57 53 60 49 18 35 12 35 12 12 69 18 52 
62 98 83 82 57 48 83 52 48 48 58 89 48 98 62 89 48 67 48 104 57 62 52 69 104 82 52 98 95 98 62 57 98 62 98 98 83 98 67 82 98 72 62 58 98 62 62 58 -1 -1 72 57 48 57 98 62 99 -1 48 98 48 62 -1 60 98 52 57 62 107 48 98 79 62 62 89 62 98 98 57 60 106 82 -1 82 60 95 104 98 48 82 62 98 57 62 98 57 57 60 -1 62 98 67 75 48 62 57 57 82 
72 65 59 59 59 59 59 69 59 94 59 65 103 91 59 59 59 84 59 59 59 59 91 59 72 91 91 59 59 72 91 59 59 59 65 59 75 59 103 59 98 72 59 59 59 59 72 59 59 72 -1 59 65 65 95 59 99 95 59 -1 103 72 72 103 98 59 59 59 107 59 91 79 -1 65 89 72 91 59 59 59 59 59 81 78 59 95 75 59 103 59 80 72 59 59 59 72 91 72 59 72 59 77 75 59 59 59 59 59 
84 26 63 20 84 -1 84 26 5 94 58 26 104 76 84 84 28 84 8 5 -1 84 -1 5 84 5 22 -1 5 20 20 92 28 92 23 29 63 20 78 58 76 84 84 58 37 -1 45 58 52 57 59 -1 20 92 84 92 99 20 27 28 63 29 46 -1 8 52 20 84 107 23 92 22 61 79 45 26 -1 37 5 5 63 25 20 84 -1 93 26 8 8 74 71 25 -1 27 76 28 92 76 20 74 45 84 35 63 20 92 28 26 
62 65 88 20 65 8 18 26 -1 48 58 26 48 76 62 55 18 67 8 8 -1 55 26 8 104 8 -1 37 8 20 20 53 65 55 65 26 75 20 78 107 55 77 55 75 37 8 55 58 -1 48 65 20 -1 8 79 -1 99 20 18 65 48 29 55 51 8 -1 20 55 107 18 91 26 91 53 86 26 51 37 20 8 65 37 20 78 51 93 26 8 8 26 80 26 55 8 37 55 53 60 20 55 37 30 75 48 20 53 18 26 
31 65 88 98 31 8 18 31 -1 105 58 65 48 92 31 55 18 98 8 8 57 55 92 8 84 8 52 92 8 98 31 -1 65 55 31 93 31 98 78 105 98 95 55 78 98 8 55 105 18 57 65 92 8 -1 98 -1 99 -1 18 65 18 62 55 92 8 -1 57 55 107 105 92 79 95 -1 96 36 92 98 65 73 65 98 57 78 55 93 80 8 8 98 31 96 -1 8 78 57 -1 93 -1 55 55 31 93 31 55 -1 57 31 
95 98 84 98 84 79 84 95 79 95 99 98 79 79 84 84 95 -1 79 79 84 84 79 70 84 79 91 84 95 98 70 98 95 79 70 98 84 98 67 95 98 84 84 79 98 79 67 95 79 98 95 84 79 98 -1 79 99 95 95 84 79 95 67 79 98 98 84 17 107 95 -1 79 95 79 98 95 79 95 79 -1 84 98 84 84 -1 95 91 79 79 98 79 70 70 79 98 -1 91 79 -1 95 84 67 95 79 67 95 84 79 
62 65 42 42 53 28 99 42 52 52 99 52 52 76 62 33 28 67 52 104 52 -1 46 100 84 28 52 92 21 52 42 53 28 -1 42 93 42 52 67 105 42 72 -1 75 98 46 -1 105 52 62 59 92 -1 -1 79 -1 99 53 52 28 52 62 -1 92 52 52 28 21 107 95 92 79 62 53 46 52 42 42 42 33 65 52 42 84 21 93 52 52 52 33 42 42 -1 33 107 21 53 62 53 21 21 42 75 42 33 53 42 21 
99 99 99 99 99 99 99 99 99 99 99 99 103 99 99 99 99 99 99 99 99 99 99 99 99 99 99 99 99 99 99 99 99 99 99 99 99 100 99 99 99 99 99 99 99 99 99 99 99 99 99 99 99 99 99 99 -1 99 99 99 99 99 99 99 107 99 99 99 107 99 99 99 99 99 99 99 99 99 99 99 99 99 99 99 99 99 99 99 99 99 100 99 99 99 107 99 99 99 99 -1 99 99 99 99 99 99 99 99 
62 65 35 20 53 51 99 95 53 49 99 52 49 76 62 55 95 67 106 104 -1 95 51 95 104 51 52 37 95 20 20 53 95 55 30 29 106 20 67 95 98 95 106 78 37 51 62 78 49 -1 95 20 20 -1 95 53 99 -1 78 37 49 62 -1 51 53 53 20 62 107 95 92 51 95 53 96 62 51 37 20 73 106 37 49 78 51 95 104 53 53 82 106 95 53 53 37 -1 53 62 49 95 37 67 35 106 20 53 -1 53 
95 18 47 78 59 78 18 69 18 47 -1 18 48 76 59 59 18 78 -1 78 78 59 51 69 84 78 69 -1 59 78 69 59 69 59 69 18 47 27 78 47 76 72 78 -1 37 51 51 -1 18 48 59 27 18 18 95 52 99 78 -1 -1 18 75 49 51 18 59 59 78 102 -1 69 51 59 53 99 43 51 37 -1 60 59 37 78 78 51 47 75 18 18 18 78 18 51 27 78 69 53 60 37 10 37 83 75 59 59 69 18 47 
14 65 58 37 -1 28 28 69 28 94 58 65 103 94 4 -1 28 84 58 28 37 28 28 28 84 28 65 37 -1 37 103 4 28 15 65 28 77 -1 103 58 98 72 33 58 37 28 45 58 58 98 -1 28 65 65 84 28 99 37 -1 -1 103 72 104 103 98 -1 28 28 107 58 98 79 50 65 89 58 94 37 58 28 4 37 81 78 15 77 80 28 103 15 80 65 33 28 37 28 65 93 37 14 37 77 35 -1 28 4 28 15 
97 18 63 84 84 79 18 69 18 48 58 18 48 97 84 84 18 84 -1 79 52 84 63 69 84 79 52 58 18 35 103 103 69 79 103 18 63 103 103 48 84 84 84 58 98 63 55 58 -1 48 103 63 48 18 79 52 99 49 18 103 -1 97 49 -1 18 52 84 84 107 18 79 79 84 79 97 63 97 63 58 -1 63 79 49 84 -1 97 97 18 103 18 79 103 63 97 97 69 97 -1 49 84 84 84 35 -1 48 69 18 79 
-1 91 35 29 14 93 99 30 93 93 99 75 104 76 0 93 35 67 93 104 29 95 75 95 72 91 75 93 93 -1 0 30 93 93 30 29 75 29 93 93 98 72 30 75 98 62 62 35 62 62 72 29 29 62 95 62 99 62 75 72 97 -1 -1 75 93 52 29 62 102 95 91 75 -1 62 99 -1 75 72 29 73 75 37 62 75 14 93 75 93 75 98 30 72 62 -1 107 -1 91 0 29 -1 35 30 75 30 62 95 62 0 
-1 98 36 30 14 46 99 30 55 101 99 55 104 97 0 55 104 67 49 104 57 55 46 34 104 46 55 93 104 61 0 30 104 55 30 61 30 57 67 107 55 72 55 75 104 46 -1 107 49 -1 72 46 55 55 67 -1 99 -1 49 104 49 -1 -1 36 98 55 57 -1 107 95 92 79 61 -1 46 61 97 101 57 73 104 82 49 82 14 93 104 55 36 82 30 30 55 61 107 0 55 0 49 61 46 67 75 30 -1 55 57 0 
36 36 36 36 80 51 83 36 51 60 58 51 60 76 84 84 60 84 60 51 51 84 51 51 84 51 51 51 51 51 36 36 51 79 36 36 -1 51 103 47 76 77 36 75 51 51 51 36 60 60 103 -1 51 92 79 92 99 51 51 103 -1 75 36 -1 51 80 51 84 102 60 92 51 75 79 51 36 36 36 51 60 36 51 83 36 51 77 75 51 36 60 36 36 51 51 76 36 92 60 36 74 51 36 75 60 51 69 60 36 
107 98 88 98 107 8 18 107 -1 107 58 98 48 87 107 107 18 98 8 8 52 107 87 8 98 8 107 93 8 98 98 107 98 93 98 93 88 98 93 107 98 98 98 58 98 8 45 107 18 98 98 8 8 8 98 52 107 53 18 98 18 93 98 51 -1 52 28 107 107 18 98 87 93 107 88 107 87 98 8 8 65 98 107 107 98 93 107 -1 8 98 87 98 53 8 107 98 53 93 -1 107 98 98 107 88 98 53 18 -1 
34 -1 80 78 59 78 16 52 52 94 59 1 52 80 59 59 1 78 16 78 52 55 52 34 84 78 52 59 59 52 34 53 1 55 1 16 80 59 78 105 98 72 55 78 59 78 55 59 52 52 59 52 -1 -1 98 52 99 53 59 -1 52 52 55 80 52 -1 52 78 107 32 34 90 59 53 86 52 80 59 -1 73 -1 59 78 78 59 77 80 52 52 11 80 1 53 52 78 57 53 60 1 16 59 34 35 59 52 53 80 52 
84 28 100 20 59 28 28 100 28 94 59 28 104 76 84 84 28 84 28 28 -1 28 51 100 84 28 52 37 -1 20 20 30 28 84 100 100 84 20 78 81 84 84 84 78 37 100 100 59 52 57 59 20 20 57 84 28 99 20 59 28 84 29 57 51 28 52 -1 28 102 32 84 100 95 57 100 52 51 37 20 28 100 37 20 84 -1 93 104 28 28 28 100 28 51 28 37 28 57 84 20 28 -1 84 100 59 20 57 28 28 
62 101 93 78 59 28 99 101 93 101 99 101 104 84 62 84 28 -1 28 104 104 -1 62 100 104 28 104 93 21 62 101 101 28 104 101 93 101 100 -1 101 55 101 55 78 104 62 62 78 62 62 59 84 55 55 17 21 99 62 78 28 84 62 -1 84 107 78 28 -1 107 95 54 90 62 62 99 62 84 101 38 54 90 82 62 101 17 93 104 90 103 28 38 101 55 38 78 21 55 62 54 21 21 -1 75 38 -1 55 28 21 
107 102 102 107 107 107 102 102 107 107 107 107 107 107 107 107 102 107 102 104 102 107 107 102 107 107 107 102 107 102 107 107 107 107 107 102 102 107 102 107 107 107 107 102 107 102 107 107 107 107 107 107 107 107 107 107 107 107 102 107 107 102 107 102 107 107 102 107 -1 102 107 107 102 107 102 102 107 107 107 107 102 107 107 107 107 107 102 107 102 107 102 107 107 102 107 107 107 107 107 107 102 107 -1 107 102 107 107 -1 
95 32 35 30 105 23 18 -1 18 105 58 26 48 76 95 59 18 95 -1 23 78 95 26 -1 84 23 7 58 32 35 7 30 -1 42 23 7 30 58 78 105 42 95 30 58 58 23 45 58 18 48 59 23 18 105 95 95 99 95 -1 58 18 95 95 60 18 32 32 95 102 -1 34 26 95 105 99 26 25 95 58 23 105 105 30 78 60 95 26 18 18 18 30 26 105 18 78 -1 105 60 32 95 23 30 35 30 32 -1 18 26 
34 34 36 98 34 34 34 34 92 101 99 34 98 91 84 84 34 54 34 34 92 84 91 34 84 91 91 92 95 98 34 34 34 92 -1 98 34 98 67 91 98 91 92 91 98 92 92 36 98 98 91 92 91 92 -1 92 99 92 69 98 79 91 92 92 98 34 84 54 107 34 -1 79 91 79 96 91 91 98 98 54 36 91 98 84 54 95 91 98 36 98 34 -1 -1 92 98 54 91 34 -1 95 34 34 91 34 92 92 92 91 
90 26 76 90 90 79 83 26 87 94 58 26 79 76 84 79 79 79 79 79 51 100 -1 79 84 22 22 51 79 51 90 90 79 79 90 100 76 94 90 81 76 77 76 75 94 22 45 76 79 79 79 22 26 79 79 79 99 51 51 79 79 75 79 51 87 90 100 90 107 26 79 -1 91 79 45 26 -1 76 79 -1 90 25 81 76 51 77 26 -1 76 26 -1 25 51 79 76 79 74 76 76 74 90 90 75 79 79 79 90 26 
61 91 61 91 59 91 99 91 93 94 99 91 103 91 61 59 91 95 95 91 61 95 91 95 41 91 91 93 95 61 91 91 91 93 91 61 75 59 93 95 91 -1 91 75 59 62 62 59 62 62 -1 61 91 95 95 62 99 95 59 50 84 -1 61 75 93 59 95 62 102 95 91 91 -1 62 96 61 91 41 59 95 59 91 62 75 41 95 75 93 75 59 91 -1 91 61 77 -1 91 61 61 61 95 77 75 59 41 95 95 61 
62 65 88 98 53 79 99 107 53 107 99 107 104 79 62 107 53 67 53 79 57 107 79 79 104 79 107 79 79 62 53 53 65 79 53 62 53 98 67 107 98 72 55 75 98 62 62 107 62 62 65 79 53 -1 79 53 99 53 53 65 79 62 -1 79 107 53 57 62 107 105 79 79 62 -1 96 62 79 107 65 -1 65 107 107 107 79 107 104 53 53 98 79 96 53 53 107 57 53 62 53 62 107 67 107 79 62 53 57 -1 
97 89 88 89 86 45 99 86 88 97 99 89 103 97 99 89 89 84 88 45 51 99 45 45 104 45 86 51 45 98 88 96 45 89 45 88 88 98 97 88 97 88 96 86 98 -1 45 88 97 89 89 45 86 96 98 46 99 96 99 89 97 99 46 51 88 86 100 99 102 99 96 45 96 96 -1 86 97 88 45 45 86 89 89 88 51 97 -1 88 -1 -1 86 96 96 97 97 99 -1 -1 89 -1 45 88 86 88 86 96 86 86 
61 26 36 36 80 78 83 26 52 94 58 26 104 76 61 107 102 67 58 104 52 95 26 36 104 26 -1 58 93 61 36 36 26 93 36 102 -1 77 78 107 76 72 36 -1 104 26 62 36 52 62 72 26 26 36 95 52 99 62 43 58 63 -1 61 36 107 52 52 62 102 26 91 26 61 62 86 -1 36 36 43 63 36 26 83 36 83 77 -1 52 36 26 36 26 42 61 76 61 86 61 61 61 102 36 -1 36 86 69 80 26 
97 91 36 36 80 25 83 36 25 94 58 26 94 -1 84 84 28 84 97 25 51 84 25 25 84 -1 25 51 25 51 36 36 28 42 36 36 -1 94 90 81 -1 77 40 75 94 51 51 36 97 98 91 -1 51 92 79 42 99 51 51 94 97 75 97 36 87 80 51 84 107 25 91 -1 91 79 97 36 -1 36 94 71 36 25 81 36 51 77 75 71 36 97 71 25 51 97 -1 97 91 -1 40 97 51 36 75 36 51 80 42 94 
36 98 36 36 59 94 83 36 88 94 58 75 94 76 36 59 36 101 58 94 37 95 51 100 41 76 75 37 59 37 36 36 59 93 101 36 -1 -1 93 85 76 -1 36 75 37 100 100 36 52 98 59 37 37 98 95 42 99 37 37 37 63 72 101 36 98 59 37 101 107 95 98 76 41 107 88 36 36 -1 94 63 36 37 81 36 41 -1 75 76 36 98 36 36 42 85 -1 85 88 76 37 95 37 -1 75 36 37 85 80 94 
30 65 58 -1 59 -1 83 30 5 94 58 65 94 94 84 59 28 67 58 5 -1 28 25 5 84 5 52 58 5 20 3 30 28 42 23 29 83 20 -1 58 42 94 3 -1 37 5 45 58 52 57 59 5 20 65 79 42 99 20 -1 58 58 29 57 51 8 -1 20 38 107 58 98 79 59 65 45 43 94 94 -1 5 65 25 3 -1 83 93 75 8 8 82 38 25 42 38 -1 28 65 93 3 58 23 83 75 38 20 65 28 94 
73 98 63 42 59 -1 28 42 5 60 60 71 60 76 84 33 28 54 60 5 51 28 71 5 84 5 71 51 5 98 42 73 28 -1 23 93 63 98 78 107 42 84 33 78 98 5 45 60 60 60 59 5 8 73 -1 33 99 73 60 28 -1 73 73 60 8 73 28 54 107 23 54 -1 95 -1 45 63 71 63 5 -1 90 25 107 78 54 93 104 71 8 33 71 25 33 33 76 54 73 60 54 95 23 34 93 60 33 73 28 73 
14 65 36 36 -1 78 83 36 65 94 59 65 104 76 4 59 65 84 106 104 65 100 86 100 104 76 86 59 106 36 36 4 65 104 36 36 -1 59 90 105 76 77 106 75 104 86 65 36 65 106 59 63 65 65 84 65 99 106 59 4 63 75 104 36 65 -1 100 90 102 105 36 90 59 65 86 36 36 36 65 90 -1 59 83 36 14 77 -1 90 36 86 -1 36 65 90 76 106 65 76 65 14 90 36 75 106 86 4 -1 31 
107 91 47 82 59 25 83 26 25 39 58 89 39 76 59 59 89 84 25 25 37 100 25 25 77 -1 25 37 25 37 82 107 28 59 25 100 76 -1 78 -1 76 77 82 58 37 25 45 39 82 82 59 25 37 98 98 52 99 37 37 37 79 37 82 51 98 59 37 82 107 105 91 25 91 107 89 26 25 37 25 25 59 -1 -1 82 83 39 26 25 25 82 100 25 51 37 37 85 91 76 37 83 37 39 100 59 37 39 28 39 
107 89 83 -1 107 78 83 30 107 81 78 89 49 81 84 89 89 84 49 78 3 107 81 34 84 81 107 81 89 20 3 107 89 42 30 89 83 81 78 81 42 81 3 78 81 89 62 81 49 -1 81 20 20 57 84 42 99 49 78 81 49 62 49 83 107 78 20 62 107 30 98 81 62 107 89 83 81 81 3 107 83 -1 -1 -1 83 81 89 107 83 -1 30 30 42 42 107 57 89 89 3 83 81 83 107 30 20 81 42 -1 
36 16 36 78 80 78 -1 36 78 101 78 89 101 76 84 84 6 84 16 78 78 84 84 78 84 76 75 78 16 78 36 36 16 84 101 16 -1 77 78 82 76 77 84 78 77 78 78 36 82 82 78 84 78 78 84 84 99 78 78 78 84 75 82 36 107 78 84 101 107 78 84 76 75 107 88 36 36 36 -1 78 36 82 -1 -1 -1 77 75 76 36 82 36 36 84 78 78 84 78 76 78 6 84 -1 75 36 78 78 80 82 
14 98 83 42 14 51 83 42 51 101 99 89 60 76 -1 -1 28 -1 60 51 51 -1 51 51 -1 51 51 51 21 51 42 14 28 15 42 100 83 51 67 107 42 24 -1 83 98 51 51 58 60 60 59 -1 51 55 -1 21 99 51 51 15 -1 14 14 51 98 59 -1 17 107 60 54 51 41 79 51 83 51 41 83 54 14 83 83 -1 -1 95 104 51 83 15 42 42 42 28 76 21 92 60 54 14 21 83 83 60 24 14 42 15 
95 93 47 77 105 93 99 93 93 39 99 107 39 77 95 93 93 95 93 93 77 95 81 95 77 81 107 93 93 93 77 107 93 93 101 93 77 77 93 -1 77 77 93 58 77 93 93 39 39 95 95 93 93 93 95 93 99 95 47 77 97 93 93 77 93 77 93 93 107 95 95 77 95 107 97 77 77 -1 93 93 77 39 81 77 95 -1 77 93 77 82 93 95 93 -1 77 -1 93 93 77 95 77 77 93 93 93 39 93 39 
75 26 75 104 80 74 99 26 52 104 99 26 104 76 80 89 89 104 106 104 104 99 26 69 104 26 -1 51 104 75 26 80 104 104 26 26 75 104 90 107 76 104 104 75 104 74 74 75 52 104 75 26 26 80 91 52 99 104 75 80 97 75 104 75 107 80 104 104 102 26 91 26 75 104 -1 -1 75 75 75 104 -1 26 89 75 104 77 -1 52 74 74 80 26 96 75 107 75 74 74 89 74 74 104 75 88 -1 80 80 26 
107 98 88 98 53 8 18 52 -1 94 58 52 48 76 107 107 18 79 8 8 52 107 71 8 84 8 52 93 8 98 90 53 28 79 23 93 76 98 90 107 76 77 55 58 98 8 45 58 18 98 59 8 8 8 79 52 99 53 18 28 18 93 55 51 -1 52 28 90 107 18 98 -1 93 53 88 52 71 76 8 71 90 25 107 76 51 93 52 -1 8 98 71 25 53 8 76 28 53 76 64 88 90 90 93 88 19 53 18 64 
36 18 -1 36 80 8 83 35 -1 103 99 89 103 76 99 89 18 84 8 8 52 99 74 8 77 8 52 93 8 35 36 36 28 93 36 2 -1 77 103 47 76 77 36 75 77 74 74 2 18 48 103 8 8 8 79 52 99 53 18 103 103 75 36 36 8 52 28 103 102 18 36 76 75 53 -1 36 36 36 8 8 36 25 83 36 83 77 74 8 -1 74 36 36 53 8 76 99 74 74 53 74 35 36 35 -1 86 53 103 64 
97 11 35 82 59 28 16 26 18 82 99 -1 48 97 84 -1 -1 84 16 28 82 28 26 28 84 82 11 98 16 98 82 98 11 15 11 16 83 98 82 82 98 84 33 58 98 74 74 35 18 82 59 74 26 98 98 33 99 82 18 15 18 98 82 60 98 11 28 28 107 18 98 26 59 98 -1 26 97 98 82 33 86 82 -1 82 15 82 74 98 74 -1 82 11 33 28 98 28 74 74 -1 74 35 83 35 59 28 98 18 15 
30 34 36 30 80 78 83 30 87 101 78 30 103 76 30 42 100 67 106 78 30 100 71 100 84 71 30 93 93 100 -1 30 34 42 30 100 30 100 -1 93 42 77 30 78 100 100 100 36 79 62 80 71 80 31 79 42 100 106 78 80 79 30 30 36 87 80 100 38 102 30 34 -1 91 79 86 36 71 36 38 71 -1 100 30 36 42 93 80 71 36 82 -1 30 42 38 76 30 91 30 30 100 -1 30 100 30 67 80 80 30 
30 -1 36 30 31 25 16 26 25 101 99 1 103 76 30 107 1 70 16 25 30 95 25 25 72 -1 -1 51 16 72 -1 30 1 42 1 16 30 81 90 81 42 72 30 75 98 25 45 36 52 98 72 25 26 96 70 42 99 95 18 65 103 72 30 36 98 1 28 101 107 26 -1 25 -1 96 96 26 25 36 25 25 36 25 30 36 42 95 26 25 36 11 30 -1 70 72 76 72 -1 30 1 72 90 30 75 30 86 96 42 26 
42 65 42 42 53 51 84 42 53 94 58 51 104 76 84 33 51 70 53 51 51 55 51 51 84 51 51 51 51 51 42 53 51 -1 70 93 42 51 93 105 42 84 -1 58 98 51 55 58 55 57 59 -1 55 -1 70 -1 99 53 51 33 63 62 55 51 53 53 51 55 107 105 -1 51 91 53 96 42 51 42 42 33 65 51 42 84 42 93 96 53 53 33 42 70 -1 33 76 55 -1 76 53 55 51 42 93 42 33 53 42 33 
61 28 35 42 59 8 28 35 -1 85 58 28 103 97 61 33 28 67 8 8 35 28 51 8 104 8 35 -1 -1 35 35 53 28 -1 23 -1 35 27 -1 85 42 72 33 58 37 8 55 35 18 62 59 27 8 8 79 33 99 53 27 28 97 -1 61 51 8 52 28 38 102 18 92 79 61 53 97 61 97 85 38 33 90 37 42 78 28 -1 75 8 8 28 38 72 33 -1 37 28 53 -1 35 61 35 67 35 38 28 53 28 28 
107 78 76 78 59 78 83 107 78 -1 78 107 9 76 107 107 59 78 78 78 37 107 76 78 77 76 107 37 59 37 76 107 59 107 101 100 76 -1 78 9 76 77 76 78 37 76 76 39 12 98 59 76 37 78 98 107 107 37 78 37 97 107 107 76 107 78 37 78 107 78 98 76 77 107 97 76 -1 -1 -1 76 76 37 107 78 76 77 107 76 76 98 76 76 76 37 -1 85 78 76 37 107 37 9 107 12 12 39 57 -1 
-1 28 35 30 14 28 99 69 28 85 99 28 104 97 0 59 28 54 69 28 57 -1 28 69 72 28 69 69 -1 61 0 30 28 55 30 28 30 57 67 85 98 72 30 69 98 28 55 69 57 57 72 28 55 57 -1 21 99 -1 69 28 69 -1 0 36 98 57 28 21 107 -1 54 79 -1 57 99 61 97 85 28 54 106 85 57 84 21 -1 75 28 99 28 30 72 55 28 85 -1 57 0 54 -1 21 30 75 30 28 69 28 0 
91 91 88 91 53 53 99 91 53 101 99 89 103 91 99 89 89 91 53 53 57 55 74 53 91 91 91 92 53 98 91 53 91 92 91 88 88 98 78 105 92 91 92 78 98 74 55 88 53 57 91 92 53 -1 91 53 99 53 53 65 97 91 55 92 53 53 57 55 107 105 91 74 91 53 -1 86 91 88 65 73 65 91 89 78 92 93 74 53 74 74 91 -1 -1 53 78 57 -1 74 53 74 74 91 86 88 86 53 57 53 
-1 34 76 30 14 74 99 30 93 94 99 89 60 76 0 84 60 84 60 74 76 84 74 34 84 76 86 93 93 61 0 30 93 93 30 93 76 93 93 93 76 72 30 60 93 74 62 60 60 60 72 76 60 93 79 62 99 62 60 93 -1 0 0 60 93 60 84 62 107 60 34 76 61 62 -1 61 -1 76 93 60 76 76 89 76 60 93 74 76 74 74 30 30 76 -1 76 0 74 -1 76 74 74 30 93 60 62 14 60 0 
30 -1 35 -1 53 53 16 30 53 94 58 1 49 76 84 89 1 54 16 104 3 55 26 34 84 76 11 37 16 -1 3 53 1 42 1 29 30 -1 78 81 -1 77 3 78 -1 89 55 35 49 -1 59 20 20 -1 -1 53 99 49 37 37 49 29 49 36 -1 1 20 54 107 32 -1 76 61 53 89 61 40 37 3 54 65 37 3 78 54 77 89 64 53 -1 30 1 53 35 37 54 53 76 -1 61 37 30 35 30 44 53 42 64 
14 16 88 30 14 28 -1 95 88 95 -1 89 103 97 -1 84 6 67 16 28 61 -1 74 95 84 28 75 58 21 61 14 14 28 55 16 16 75 100 67 95 55 72 55 58 98 74 55 58 18 62 72 74 55 55 95 21 -1 95 10 14 84 -1 61 74 107 16 28 21 107 95 95 74 61 62 -1 61 97 95 58 95 14 83 83 6 14 95 74 88 74 74 100 72 55 61 107 -1 74 74 61 -1 21 67 75 88 28 14 28 21 
90 34 35 37 59 23 35 35 23 94 99 34 94 76 84 59 35 67 35 23 37 -1 45 -1 84 23 35 37 21 35 90 90 28 55 23 -1 35 -1 90 81 98 77 55 58 37 -1 45 35 35 98 59 45 37 55 84 21 99 37 37 37 84 35 46 51 98 59 -1 21 102 23 34 90 95 107 45 102 51 37 23 23 90 37 81 84 21 77 74 90 35 35 -1 90 51 35 37 21 74 74 37 21 -1 34 35 59 28 69 28 21 
30 34 36 30 31 34 83 30 34 -1 83 34 9 76 30 84 34 67 34 104 30 67 30 34 77 91 30 77 67 30 -1 30 34 42 -1 30 30 77 67 9 42 77 30 83 77 34 67 39 12 67 77 84 30 31 67 42 99 67 83 77 84 30 67 36 98 34 84 -1 107 30 34 90 77 67 88 36 36 -1 83 34 36 39 83 -1 83 77 104 90 36 83 30 30 42 67 9 30 91 30 30 67 34 -1 35 30 67 39 42 30 
75 35 35 35 80 35 35 35 93 107 75 75 104 76 75 107 35 75 35 104 35 100 75 100 104 75 75 93 35 35 35 107 35 93 35 -1 75 100 93 107 76 75 35 75 98 100 75 35 35 75 75 35 75 93 95 75 99 35 75 35 35 75 75 75 107 35 100 75 -1 35 91 75 75 107 86 -1 75 75 75 93 75 100 107 75 83 93 75 93 35 35 100 75 93 35 107 75 86 93 35 75 35 35 -1 35 86 69 35 68 
30 34 88 30 59 59 59 30 88 12 59 30 -1 76 30 59 59 67 60 104 30 59 30 34 84 91 30 59 59 30 -1 30 59 42 30 30 30 59 -1 12 42 72 30 59 59 88 55 59 12 48 59 63 48 31 79 42 99 106 59 -1 -1 30 30 60 88 59 59 38 107 30 34 79 59 79 88 36 36 36 38 60 106 59 30 36 60 93 88 88 -1 59 30 30 42 38 12 30 88 60 30 88 59 30 35 -1 12 59 -1 30 
62 28 35 20 59 19 28 86 19 12 59 86 -1 76 62 33 28 67 28 -1 -1 28 51 19 -1 19 86 37 -1 20 20 30 28 -1 101 28 86 20 67 12 42 24 33 78 -1 19 62 39 12 62 59 20 20 55 67 33 99 20 59 28 48 62 -1 51 98 52 20 -1 102 32 92 79 41 62 86 86 51 37 20 33 86 37 20 78 24 93 -1 19 86 28 67 86 33 28 12 28 86 62 44 28 28 67 86 12 -1 39 28 28 
14 65 47 98 -1 53 69 69 53 39 69 65 39 80 4 59 69 84 69 53 57 55 69 69 84 81 69 69 59 98 31 4 69 55 69 69 80 59 78 -1 98 85 55 69 98 53 55 39 69 57 59 92 53 -1 95 53 99 53 69 4 69 95 55 69 53 53 57 55 107 -1 92 79 95 53 96 69 80 85 65 73 4 39 81 78 14 39 80 53 53 98 80 96 53 53 39 69 53 14 53 14 69 39 69 59 39 -1 57 39 
42 18 80 42 80 28 18 42 18 103 58 18 103 76 80 42 18 84 -1 28 57 28 28 28 84 28 86 58 -1 57 42 42 28 42 42 18 80 57 103 58 42 80 -1 58 104 28 55 58 18 57 59 28 18 57 84 42 99 -1 18 28 18 62 57 60 18 80 28 28 107 18 92 90 95 57 86 80 42 80 28 28 -1 28 42 80 42 93 80 18 103 18 80 42 42 28 57 28 57 60 42 28 28 42 35 -1 28 57 -1 28 
-1 26 47 82 31 28 83 26 64 39 99 26 39 94 0 -1 28 67 64 28 52 -1 26 100 84 26 -1 94 21 61 0 -1 28 15 30 26 30 94 67 -1 94 94 30 75 94 26 55 39 52 82 59 26 26 31 79 21 99 53 47 15 79 0 0 36 -1 52 28 21 -1 26 91 26 61 -1 86 26 94 94 94 73 31 39 -1 82 15 39 26 64 64 15 30 26 33 28 -1 0 53 0 64 21 21 30 68 30 28 39 28 -1 
