73
3 52
-1 29 72 32 7 69 53 -1 58 -1 41 7 53 58 72 53 64 40 11 58 40 37 29 53 41 53 29 29 64 -1 64 53 7 32 29 41 29 -1 29 64 7 -1 7 46 32 29 29 37 44 65 64 58 72 -1 58 58 32 32 -1 37 58 53 72 7 -1 37 58 7 64 9 64 37 -1 
29 -1 62 68 63 69 12 63 66 29 12 27 -1 34 34 17 28 12 27 66 62 28 -1 66 63 31 29 -1 -1 27 68 12 29 34 27 27 27 71 27 27 17 71 17 68 60 68 28 60 60 34 68 66 62 12 63 60 60 66 66 12 -1 62 -1 -1 28 12 -1 38 -1 27 68 12 62 
72 62 -1 72 21 69 10 21 72 64 -1 70 10 15 72 -1 21 15 15 17 10 -1 62 20 72 15 72 38 21 38 15 10 33 15 15 10 38 21 -1 18 17 10 15 70 10 70 21 37 44 57 30 57 62 15 70 70 70 21 72 10 38 62 -1 21 21 10 62 10 70 18 -1 20 -1 
32 68 72 -1 24 69 65 32 14 32 41 32 34 30 -1 30 39 34 39 44 39 24 68 46 -1 30 32 32 39 32 -1 39 -1 32 14 30 43 41 24 30 32 24 24 30 32 14 24 30 44 14 30 45 62 30 55 44 32 14 14 41 55 44 61 24 30 32 44 32 30 32 44 41 14 
7 63 21 24 -1 69 21 -1 24 7 21 7 42 42 24 42 21 42 11 42 40 -1 63 40 -1 42 72 38 21 7 24 42 7 42 42 18 38 21 21 42 7 7 -1 46 32 24 24 37 44 57 30 57 62 7 63 63 32 21 7 37 38 40 21 -1 21 21 63 7 63 40 21 37 24 
69 69 69 69 69 -1 69 69 69 69 69 69 69 69 69 69 69 69 69 69 69 69 69 69 69 69 69 69 69 69 69 69 69 69 69 69 69 69 69 69 69 69 69 69 69 69 69 69 69 69 69 69 69 69 69 69 69 69 69 69 69 69 69 69 69 69 69 69 69 -1 69 69 69 
53 12 10 65 21 69 -1 41 58 53 -1 53 -1 35 65 53 65 12 35 17 10 10 12 53 41 31 53 12 31 53 39 -1 65 53 17 10 71 53 10 31 17 10 17 39 10 53 41 53 44 65 39 58 62 -1 55 44 61 53 53 -1 12 -1 61 12 53 -1 12 10 12 39 10 12 10 
-1 63 21 32 -1 69 41 -1 32 0 41 -1 40 58 32 18 21 40 11 40 40 4 63 40 4 18 29 18 21 0 32 39 -1 32 32 18 71 0 67 18 -1 -1 4 46 32 32 41 37 44 32 32 57 67 0 63 44 32 32 0 37 67 40 67 4 0 32 40 -1 18 40 11 41 0 
58 66 72 14 24 69 58 32 -1 32 44 32 34 58 -1 58 57 34 68 58 58 57 68 45 14 58 45 34 66 32 14 58 14 32 14 58 45 58 34 69 58 58 33 68 32 -1 24 58 44 14 30 45 66 58 58 58 32 14 -1 58 58 44 66 58 58 32 58 32 45 45 58 45 14 
-1 29 64 32 7 69 53 0 32 -1 40 7 40 58 32 33 64 40 69 40 40 64 68 40 32 33 29 29 64 0 64 69 -1 32 32 40 29 0 64 69 -1 0 33 64 32 69 29 69 44 32 64 57 62 0 55 44 32 32 0 37 55 40 61 7 -1 32 40 7 64 -1 64 37 0 
41 12 -1 41 21 69 -1 41 44 40 -1 35 6 35 44 2 21 12 35 44 -1 2 12 20 41 15 23 35 31 40 35 6 44 67 35 -1 71 41 2 20 20 -1 15 46 -1 26 41 23 44 65 35 57 62 6 55 44 44 21 35 -1 38 6 2 12 21 6 23 -1 35 35 2 20 2 
7 27 70 32 7 69 53 -1 32 7 35 -1 71 18 32 18 37 18 -1 70 35 37 68 40 7 18 29 18 27 7 39 39 7 18 27 18 27 -1 18 18 7 7 7 68 70 68 41 37 70 65 39 57 62 37 70 70 70 32 7 37 38 70 38 7 70 37 70 7 18 18 -1 37 7 
53 -1 10 34 42 69 -1 40 34 40 6 71 -1 17 34 17 28 -1 17 17 71 71 1 40 71 31 71 1 1 27 39 -1 65 17 17 10 71 71 27 31 17 71 17 68 10 68 71 71 44 65 39 57 62 6 63 19 19 40 40 6 1 6 1 1 28 6 1 10 1 39 68 -1 17 
58 34 15 30 42 69 35 58 58 58 35 18 17 -1 34 -1 39 15 15 17 35 15 68 35 72 15 72 34 31 34 -1 25 30 15 -1 -1 34 47 15 30 58 35 15 30 35 34 43 30 44 34 30 58 62 15 58 58 58 34 -1 35 58 35 15 34 30 39 58 33 30 18 15 35 -1 
72 34 72 -1 24 69 65 32 -1 32 44 32 34 34 -1 72 57 34 34 34 57 57 68 57 3 72 45 34 34 32 3 34 -1 32 -1 34 34 57 34 30 57 24 33 30 32 -1 24 30 44 -1 30 45 72 57 55 44 32 -1 8 44 34 44 72 24 30 32 57 32 45 45 44 34 -1 
53 17 -1 30 42 69 53 18 58 33 2 18 17 -1 72 -1 42 -1 -1 17 10 2 68 53 72 -1 72 18 31 27 13 25 33 -1 13 13 27 53 2 18 17 10 -1 30 10 68 42 30 44 72 30 58 62 -1 55 19 19 21 13 10 38 53 2 42 21 33 19 33 18 18 2 17 -1 
64 28 21 39 21 69 65 21 57 64 21 37 28 39 57 42 -1 42 39 42 39 -1 28 46 46 31 46 28 -1 46 39 28 65 42 42 39 46 21 21 -1 39 46 -1 46 65 69 -1 46 65 65 39 57 62 37 55 47 65 21 64 37 28 39 21 21 -1 -1 28 38 28 39 21 37 21 
40 12 15 34 42 69 12 40 34 40 12 18 -1 15 34 -1 42 -1 15 -1 40 15 12 40 42 15 40 34 12 40 15 12 33 15 -1 15 34 53 15 42 -1 40 -1 30 19 34 40 40 44 34 30 57 62 15 55 19 19 40 40 12 12 12 12 12 40 12 19 33 12 40 15 12 15 
11 27 15 39 11 69 35 11 68 69 35 -1 17 15 34 -1 39 15 -1 17 35 38 68 35 69 15 29 -1 27 27 39 39 11 15 27 -1 27 11 -1 -1 69 11 15 68 70 68 29 69 70 65 39 68 62 15 70 70 69 69 15 35 38 35 38 27 70 39 27 38 -1 -1 -1 35 15 
58 66 17 44 42 69 17 40 58 40 44 70 17 17 34 17 42 -1 17 -1 40 70 66 66 42 17 66 34 66 40 55 17 44 17 17 44 34 55 60 42 17 44 17 55 -1 69 55 55 44 34 55 58 62 17 55 -1 -1 40 55 44 55 44 61 55 66 44 -1 44 66 56 44 17 17 
40 62 10 39 40 69 10 40 58 40 -1 35 71 35 57 10 39 40 35 40 -1 10 62 -1 41 39 23 35 39 40 39 39 40 42 35 -1 71 71 10 -1 -1 10 39 39 10 26 23 23 44 57 39 57 62 23 66 44 61 23 40 10 38 -1 61 40 23 39 23 10 35 39 10 -1 10 
37 28 -1 24 -1 69 10 4 57 64 2 37 71 15 57 2 -1 15 38 70 10 -1 70 57 4 15 57 38 16 37 64 28 57 15 38 10 38 -1 -1 16 57 37 4 46 70 57 16 37 70 57 64 57 62 37 63 70 70 -1 37 37 38 57 2 4 -1 16 57 38 70 57 -1 37 2 
29 -1 62 68 63 69 12 63 68 68 12 68 1 68 68 68 28 12 68 66 62 70 -1 66 63 31 68 1 1 27 68 12 29 34 27 68 27 68 27 68 17 68 17 68 70 68 68 68 70 68 68 68 62 12 63 60 70 66 66 12 1 62 1 1 68 12 1 38 -1 68 68 12 62 
53 66 20 46 40 69 53 40 45 40 20 40 40 35 57 53 46 40 35 66 -1 57 66 -1 46 53 -1 29 46 26 47 39 57 53 40 20 26 47 57 20 -1 46 39 46 61 26 -1 -1 61 57 47 57 62 -1 66 47 61 -1 40 20 55 -1 61 66 -1 39 -1 20 45 40 64 20 26 
41 63 72 -1 -1 69 41 4 14 32 41 7 71 72 3 72 46 42 69 42 41 4 63 46 -1 72 72 46 46 46 3 39 3 32 14 41 46 41 21 30 57 -1 4 46 32 14 -1 46 44 57 30 57 72 41 63 47 32 -1 72 41 38 46 72 4 21 32 46 7 30 57 21 41 -1 
53 31 15 30 42 69 31 18 58 33 15 18 31 15 72 -1 31 15 15 17 39 15 31 53 72 -1 72 18 31 27 15 -1 33 15 15 15 27 53 15 31 17 15 15 30 15 68 31 30 44 65 30 58 62 15 55 19 19 21 15 31 31 31 15 31 21 31 19 33 18 18 15 31 15 
29 29 72 32 72 69 53 29 45 29 23 29 71 72 45 72 46 40 29 66 23 57 68 -1 72 72 -1 29 29 -1 43 39 29 32 29 23 -1 29 29 23 23 29 72 36 32 -1 23 23 44 45 43 45 62 23 66 47 32 23 72 23 29 23 61 29 23 32 23 23 45 45 64 36 -1 
29 -1 38 32 38 69 12 18 34 29 35 18 1 34 34 18 28 34 -1 34 35 38 1 29 46 18 29 -1 1 -1 34 12 29 34 -1 18 -1 18 -1 18 29 29 18 36 32 29 29 46 44 34 34 45 62 18 63 60 32 32 29 12 1 62 1 1 29 32 1 38 1 18 18 36 18 
64 -1 21 39 21 69 31 21 66 64 31 27 1 31 34 31 -1 12 27 66 39 16 1 46 46 31 29 1 -1 27 39 -1 65 42 27 27 27 21 21 16 17 46 16 46 31 68 16 46 44 65 39 57 62 31 63 60 60 21 66 31 1 31 1 1 16 16 1 31 1 39 21 12 21 
-1 27 38 32 7 69 53 0 32 0 40 7 27 34 32 27 46 40 27 40 40 37 27 26 46 27 -1 -1 27 -1 32 27 -1 32 27 27 26 0 27 27 -1 0 33 46 32 26 -1 46 44 32 32 45 62 0 55 44 32 32 0 37 27 26 27 27 0 32 26 7 27 40 27 36 0 
64 68 15 -1 24 69 39 32 14 64 35 39 39 -1 3 13 39 15 39 55 39 64 68 47 3 15 43 34 39 32 -1 39 3 15 13 13 43 47 39 -1 39 24 39 -1 32 68 43 -1 44 14 -1 58 68 15 55 47 32 14 13 47 55 39 68 68 -1 39 47 32 -1 39 64 39 13 
53 12 10 39 42 69 -1 39 58 69 6 39 -1 25 34 25 28 12 39 17 39 28 12 39 39 -1 39 12 -1 27 39 -1 65 25 17 10 71 53 39 -1 17 10 39 39 10 69 28 39 44 65 39 58 62 6 63 19 61 69 53 6 12 6 12 12 28 6 12 10 12 39 39 12 25 
7 29 33 -1 7 69 65 -1 14 -1 44 7 65 30 -1 33 65 33 11 44 40 57 29 57 3 33 29 29 65 -1 3 65 -1 -1 14 44 29 65 29 65 7 7 33 30 -1 14 29 30 44 14 30 57 62 7 55 44 -1 -1 7 44 55 44 61 7 9 -1 44 7 30 9 44 41 14 
32 34 15 32 42 69 53 32 32 32 67 18 17 15 32 -1 42 15 15 17 42 15 34 53 32 15 32 34 42 32 15 25 -1 -1 -1 15 34 53 67 42 17 32 -1 30 32 32 32 30 44 32 30 57 62 15 55 44 32 32 15 67 67 44 15 42 32 32 19 -1 18 18 15 17 15 
29 27 15 14 42 69 17 32 14 32 35 27 17 -1 -1 13 42 -1 27 17 35 38 27 40 14 15 29 -1 27 27 13 17 14 -1 -1 13 27 27 27 27 17 24 17 30 19 14 29 30 44 14 30 45 62 15 55 19 19 14 13 17 27 17 27 27 30 32 19 33 27 27 27 17 13 
41 27 10 30 18 69 10 18 58 40 -1 18 10 -1 34 13 39 15 -1 44 -1 10 68 20 41 15 23 18 27 27 13 10 44 15 13 -1 27 18 18 18 20 10 15 30 10 68 23 23 44 34 30 58 62 10 55 44 61 23 13 10 38 20 10 27 23 10 23 10 18 18 18 20 13 
29 27 38 43 38 69 71 71 45 29 71 27 71 34 34 27 46 34 27 34 71 38 27 26 46 27 -1 -1 27 26 43 71 29 34 27 27 -1 71 27 27 26 71 27 -1 32 26 43 26 44 34 43 45 62 26 63 47 32 26 72 71 27 26 27 27 26 71 26 38 43 27 27 -1 26 
-1 71 21 41 21 69 53 0 58 0 41 -1 71 47 57 53 21 53 11 55 71 -1 68 47 41 53 29 18 21 0 47 53 65 53 27 18 71 -1 21 65 7 -1 21 46 41 69 41 -1 44 65 47 57 62 -1 55 47 55 21 0 -1 38 47 21 21 0 -1 47 7 18 47 11 -1 0 
29 27 -1 24 21 69 10 67 34 64 2 18 27 15 34 2 21 15 -1 60 10 -1 27 57 21 15 29 -1 21 27 39 39 29 67 27 18 27 21 -1 18 29 10 15 36 10 68 21 37 44 57 39 57 62 15 60 60 60 21 60 10 -1 62 -1 21 21 21 27 -1 18 18 2 36 2 
64 27 18 30 42 69 31 18 69 69 20 18 31 30 30 18 -1 42 -1 42 -1 16 68 20 30 31 23 18 16 27 -1 -1 65 42 27 18 27 65 18 -1 20 20 -1 30 20 69 16 30 44 65 30 69 62 18 55 47 69 69 30 20 38 20 38 42 16 -1 23 20 18 -1 18 20 18 
7 17 17 32 7 69 17 -1 58 -1 20 7 17 58 57 17 39 -1 69 17 -1 57 17 -1 57 17 23 29 17 -1 39 17 7 17 17 20 26 7 29 20 -1 7 17 46 19 69 23 23 44 57 39 57 62 23 58 58 69 -1 -1 20 58 20 61 7 9 32 23 7 69 -1 11 20 58 
-1 71 10 24 7 69 10 -1 58 0 -1 7 71 35 24 10 46 40 11 44 10 37 68 46 -1 15 29 29 46 0 24 10 7 32 24 10 71 -1 10 20 7 -1 7 46 10 24 -1 37 44 57 30 57 62 0 55 44 32 24 0 10 38 10 10 7 0 37 46 7 46 9 10 -1 0 
7 17 15 24 -1 69 17 4 33 33 15 7 17 15 33 -1 -1 -1 15 17 39 4 17 39 4 15 72 18 16 33 39 39 33 -1 17 15 27 21 15 -1 17 7 -1 39 19 69 16 39 44 65 39 57 62 15 63 19 19 21 15 15 17 39 15 4 16 16 19 33 18 39 15 17 15 
46 68 70 30 46 69 39 46 68 64 46 68 68 30 30 30 46 30 68 55 39 46 68 46 46 30 36 36 46 46 -1 39 30 30 30 30 -1 46 36 30 46 46 39 -1 70 68 -1 30 70 30 30 68 68 46 55 47 70 46 30 46 68 46 68 68 30 39 46 38 -1 39 68 36 30 
32 60 10 32 32 69 10 32 32 32 -1 70 10 35 32 10 65 19 70 -1 10 70 70 61 32 15 32 32 31 32 32 10 -1 32 19 10 32 41 10 20 19 10 19 70 -1 32 32 55 -1 32 32 57 62 10 55 -1 19 32 55 10 55 -1 61 55 70 32 19 10 70 32 -1 20 10 
29 68 70 14 24 69 53 32 -1 69 26 68 68 34 -1 68 69 34 68 69 26 57 68 26 14 68 -1 29 68 26 68 69 14 32 14 68 26 69 68 69 69 24 69 68 32 -1 26 69 44 14 68 -1 68 26 58 58 69 14 8 69 68 26 68 68 26 32 26 32 -1 -1 68 36 14 
29 28 21 24 24 69 41 41 24 29 41 41 71 43 24 42 -1 40 29 55 23 16 68 -1 -1 31 23 29 16 -1 43 28 29 32 29 23 43 41 21 16 23 -1 16 -1 32 26 -1 -1 44 57 43 57 62 23 55 47 32 23 29 41 55 23 61 24 16 16 23 41 43 47 21 41 24 
37 60 37 30 37 69 53 37 58 69 23 37 71 30 30 30 46 40 69 55 23 37 68 -1 46 30 23 46 46 46 -1 39 30 30 30 23 26 -1 37 30 23 37 39 30 55 69 -1 -1 55 57 30 57 62 23 55 -1 55 23 55 37 55 23 61 55 23 37 23 23 30 -1 55 37 26 
44 60 44 44 44 69 44 44 44 44 44 70 44 44 44 44 65 44 70 44 44 70 70 61 44 44 44 44 44 44 44 44 44 44 44 44 44 44 44 44 44 44 44 70 -1 44 44 55 -1 44 44 57 62 44 55 44 44 44 55 44 55 44 61 55 70 44 44 44 70 44 44 44 44 
65 34 57 14 57 69 65 32 14 32 65 65 65 34 -1 72 65 34 65 34 57 57 68 57 57 65 45 34 65 32 14 65 14 32 14 34 34 65 57 65 57 57 65 30 32 14 57 57 44 -1 30 57 62 57 66 44 32 -1 14 65 57 57 57 57 57 -1 57 32 45 57 57 65 14 
64 68 30 30 30 69 39 32 30 64 35 39 39 30 30 30 39 30 39 55 39 64 68 47 30 30 43 34 39 32 -1 39 30 30 30 30 43 47 39 30 39 30 39 30 32 68 43 30 44 30 -1 58 68 30 55 47 32 30 30 47 55 39 68 68 30 39 47 32 30 39 64 39 30 
58 66 57 45 57 69 58 57 45 57 57 57 57 58 45 58 57 57 68 58 57 57 68 57 57 58 45 45 57 45 58 58 57 57 45 58 45 57 57 69 57 57 57 68 57 -1 57 57 57 57 58 -1 62 58 58 58 57 -1 -1 57 58 57 57 57 57 57 58 57 45 45 57 45 58 
72 62 62 62 62 69 62 67 66 62 62 62 62 62 72 62 62 62 62 62 62 62 62 62 72 62 62 62 62 62 68 62 62 62 62 62 62 62 62 62 62 62 62 68 62 68 62 62 62 62 68 62 -1 62 63 62 62 62 66 62 62 62 -1 62 62 62 62 62 62 62 62 62 62 
-1 12 15 30 7 69 -1 0 58 0 6 37 6 15 57 -1 37 15 15 17 23 37 12 -1 41 15 23 18 31 0 15 6 7 15 15 10 26 -1 15 18 23 0 15 46 10 26 23 23 44 57 30 58 62 -1 58 58 58 23 -1 6 58 6 15 7 0 6 23 7 18 9 15 37 0 
58 63 70 55 63 69 55 63 58 55 55 70 63 58 55 55 55 55 70 55 66 63 63 66 63 55 66 63 63 55 55 63 55 55 55 55 63 55 60 55 58 55 63 55 55 58 55 55 55 66 55 58 63 58 -1 -1 55 66 55 55 55 55 63 -1 66 55 -1 55 63 55 55 55 58 
58 60 70 44 63 69 44 44 58 44 44 70 19 58 44 19 47 19 70 -1 44 70 60 47 47 19 47 60 60 44 47 19 44 44 19 44 47 47 60 47 58 44 19 47 -1 58 47 -1 44 44 47 58 62 58 -1 -1 -1 44 -1 44 -1 44 60 54 70 44 -1 44 70 47 -1 47 58 
32 60 70 32 32 69 61 32 32 32 44 70 19 58 32 19 65 19 69 -1 61 70 70 61 32 19 32 32 60 32 32 61 -1 32 19 61 32 55 60 69 69 32 19 70 19 69 32 55 44 32 32 57 62 58 55 -1 -1 32 55 61 55 -1 61 55 70 32 19 32 70 -1 -1 61 32 
32 66 21 14 21 69 53 32 14 32 21 32 40 34 -1 21 21 40 69 40 23 -1 66 -1 -1 21 23 32 21 32 14 69 -1 32 14 23 26 21 21 69 -1 24 21 46 32 14 23 23 44 -1 30 -1 62 23 66 44 32 -1 40 37 38 23 21 21 21 32 23 32 45 -1 21 23 14 
-1 66 72 14 7 69 53 0 -1 0 35 7 40 -1 8 13 64 40 15 55 40 37 66 40 72 15 72 29 66 0 13 53 7 15 13 13 72 0 60 30 -1 0 15 30 55 8 29 55 55 14 30 -1 66 -1 55 -1 55 40 -1 37 55 40 66 55 0 37 -1 7 30 40 55 37 -1 
37 12 10 41 37 69 -1 37 58 37 -1 37 6 35 44 10 37 12 35 44 10 37 12 20 41 31 23 12 31 37 47 6 44 67 17 10 71 -1 10 20 20 10 15 46 10 69 41 37 44 65 47 57 62 6 55 44 61 37 37 -1 12 6 10 12 37 6 12 10 12 47 10 37 10 
58 -1 38 55 38 69 12 67 58 55 38 38 1 58 34 38 28 12 38 55 38 38 1 55 38 31 29 1 1 27 55 12 55 67 27 38 27 38 -1 38 58 38 17 68 55 68 55 55 55 57 55 58 62 58 55 -1 55 38 55 12 -1 55 1 1 38 12 1 38 1 38 55 12 38 
53 62 62 44 40 69 -1 40 44 40 6 70 6 35 44 53 39 12 35 44 -1 57 62 -1 46 31 23 62 31 26 39 6 44 44 17 20 26 47 62 20 20 10 39 46 -1 26 23 23 44 57 39 57 62 6 55 44 -1 23 40 6 55 -1 -1 62 23 6 23 10 62 56 44 20 26 
72 -1 -1 61 21 69 61 67 66 61 2 38 1 15 72 2 21 12 38 61 61 2 1 61 72 15 61 1 1 27 68 12 61 15 27 10 27 21 -1 38 61 10 15 68 61 68 61 61 61 57 68 57 -1 15 63 60 61 21 66 10 1 -1 -1 1 21 61 1 38 1 38 2 12 2 
7 -1 21 24 -1 69 12 4 58 7 12 7 1 34 24 42 21 12 27 55 40 4 1 66 4 31 29 1 1 27 68 12 7 42 27 27 27 21 21 42 7 7 4 68 55 68 24 55 55 57 68 57 62 7 -1 54 55 21 55 12 1 62 1 -1 21 12 1 7 1 27 21 12 24 
-1 28 21 30 21 69 53 0 58 -1 21 70 28 30 30 21 -1 40 70 66 23 -1 68 -1 21 21 23 29 16 0 -1 28 9 32 30 23 26 0 21 16 9 0 16 30 70 26 16 23 70 57 30 57 62 0 66 70 70 21 0 37 38 23 21 21 -1 16 23 7 30 9 -1 23 0 
37 12 10 32 21 69 -1 32 32 32 6 37 6 39 32 33 -1 12 39 44 39 16 12 39 32 31 32 32 16 32 39 6 -1 32 32 10 71 -1 21 -1 32 37 16 39 32 32 16 37 44 -1 39 57 62 6 55 44 32 32 37 6 12 6 61 12 16 -1 12 10 39 39 21 37 32 
58 -1 62 44 63 69 12 40 58 40 23 70 1 58 57 19 28 19 27 -1 23 57 1 -1 46 19 23 1 1 26 47 12 44 19 19 23 26 47 27 23 23 46 19 46 19 26 23 23 44 57 47 58 62 23 -1 -1 19 23 -1 12 1 23 1 1 23 12 -1 23 1 40 55 12 58 
7 38 10 32 7 69 10 -1 32 7 -1 7 10 33 32 33 38 33 38 44 10 38 38 20 7 33 23 38 31 7 32 10 7 -1 33 10 38 7 -1 20 7 7 33 38 10 32 41 23 44 32 32 57 62 7 55 44 32 32 7 10 38 10 38 7 7 10 23 -1 38 38 10 20 7 
64 -1 70 30 63 69 12 18 45 64 35 18 1 30 45 18 28 12 -1 66 35 70 -1 45 30 18 45 1 1 27 -1 12 30 18 27 18 43 18 18 18 69 46 18 -1 70 -1 43 30 70 45 30 45 62 18 63 70 70 45 30 12 1 62 1 1 30 39 1 38 -1 18 -1 12 18 
9 27 18 32 40 -1 39 40 45 -1 35 18 39 18 45 18 39 40 -1 56 39 57 68 40 57 18 45 18 39 40 39 39 9 18 27 18 27 47 18 -1 -1 9 39 39 32 -1 47 -1 44 57 39 45 62 9 55 47 -1 -1 40 47 38 56 38 27 9 39 40 38 18 -1 18 39 9 
64 68 -1 44 21 69 10 11 58 64 2 -1 68 15 44 2 21 15 -1 44 10 -1 68 64 21 15 64 18 21 27 64 39 44 15 27 18 27 11 2 18 11 10 15 68 -1 68 21 55 44 57 64 57 62 15 55 -1 -1 21 55 10 55 44 2 21 -1 21 55 10 -1 18 -1 37 2 
37 12 20 41 37 69 12 41 45 37 20 37 -1 35 34 17 37 12 35 17 -1 37 12 20 41 31 36 36 12 36 39 12 41 17 17 20 -1 -1 36 20 20 -1 17 36 20 36 41 37 44 65 39 45 62 37 55 47 61 23 37 37 12 20 12 12 23 37 12 20 12 39 37 -1 36 
-1 62 -1 14 24 69 10 0 14 0 2 7 17 -1 -1 -1 21 15 15 17 10 2 62 26 -1 15 -1 18 21 0 13 25 14 15 13 13 26 0 2 18 58 0 15 30 10 14 24 26 44 14 30 58 62 0 58 58 32 14 -1 10 38 26 2 24 0 32 58 7 18 9 2 36 -1 
