57
2 38
-1 12 40 33 -1 7 12 -1 23 33 24 17 -1 17 16 37 4 12 20 33 12 12 41 4 4 40 24 35 7 7 35 37 29 -1 56 33 23 4 12 24 -1 33 16 40 12 43 7 4 56 7 37 7 7 4 12 33 -1 
12 -1 21 21 12 40 12 12 21 29 53 53 -1 17 54 54 12 12 20 21 12 -1 53 12 54 21 29 55 54 21 21 37 55 55 53 21 54 12 55 54 12 17 29 35 12 30 53 54 54 35 37 12 53 -1 -1 -1 12 
40 21 -1 21 37 40 37 28 37 29 28 28 37 44 37 37 37 28 28 40 21 -1 28 37 37 -1 28 35 -1 21 21 25 37 35 -1 21 44 -1 28 37 -1 48 28 40 21 28 25 37 34 40 37 31 28 34 28 21 34 
33 21 21 -1 23 40 21 29 -1 19 26 26 21 23 32 26 37 23 21 -1 21 -1 26 8 26 21 19 35 21 19 -1 37 30 19 30 21 23 8 19 26 19 33 29 35 21 30 25 23 29 35 37 26 19 21 21 21 19 
-1 12 37 23 -1 40 12 0 23 33 24 53 -1 23 16 37 -1 12 20 40 12 12 16 -1 -1 37 24 23 7 7 37 37 37 0 53 33 23 -1 12 24 -1 17 16 16 12 43 53 -1 47 24 37 12 53 -1 24 12 0 
7 40 40 40 40 -1 51 -1 40 56 46 28 40 40 32 51 40 40 28 40 40 29 28 40 40 40 51 43 7 7 56 51 29 7 56 43 40 40 51 43 -1 56 28 40 40 43 7 40 56 7 28 -1 7 40 28 52 -1 
12 12 37 21 12 51 -1 12 37 38 51 53 -1 17 17 37 12 12 20 38 12 12 38 12 12 51 51 55 53 38 53 51 37 12 53 21 44 12 -1 24 12 17 16 40 12 53 53 12 53 40 37 -1 53 -1 12 38 12 
-1 12 28 29 0 -1 12 -1 23 29 46 28 0 49 32 29 4 12 28 29 12 29 28 4 49 46 29 49 -1 -1 29 28 29 0 28 49 49 4 29 49 0 33 28 40 49 28 -1 4 29 -1 28 5 -1 46 28 52 0 
23 21 37 -1 23 40 37 23 -1 19 37 23 37 23 23 37 37 23 50 3 21 3 23 -1 37 37 19 23 37 19 3 37 37 19 30 21 23 -1 19 37 19 23 37 37 21 30 37 23 29 37 37 37 19 23 36 37 19 
33 29 29 19 33 56 38 29 19 -1 26 26 33 35 32 26 42 41 26 -1 29 29 38 19 26 29 19 35 29 -1 19 26 29 -1 56 33 44 32 -1 26 19 33 29 35 29 26 29 42 29 29 26 26 -1 52 48 33 -1 
24 53 28 26 24 46 51 46 37 26 -1 -1 17 17 -1 26 14 11 26 26 17 44 11 17 -1 31 11 39 11 26 32 -1 14 24 11 49 44 24 22 24 24 17 14 16 14 11 -1 24 34 24 37 31 46 11 14 32 34 
17 53 28 26 53 28 53 28 23 26 -1 -1 17 17 10 26 14 -1 26 26 17 28 -1 17 10 31 -1 17 -1 26 34 -1 14 26 -1 34 23 31 22 24 17 17 28 45 53 -1 10 42 34 24 26 26 53 -1 28 38 34 
-1 -1 37 21 -1 40 -1 0 37 33 17 17 -1 17 17 37 4 -1 20 40 -1 1 17 4 4 37 17 17 7 7 21 37 37 0 17 21 44 -1 6 24 -1 17 16 40 -1 17 7 4 41 40 37 6 7 1 1 1 0 
17 17 44 23 23 40 17 49 23 35 17 17 17 -1 17 44 17 -1 20 23 17 44 17 -1 23 31 17 -1 17 44 35 17 17 35 17 27 23 17 55 27 17 17 17 35 -1 17 53 23 41 44 37 17 53 44 17 27 17 
16 54 37 32 16 32 17 32 23 32 -1 10 17 17 -1 44 -1 -1 42 32 17 44 -1 17 10 31 11 17 42 32 32 10 -1 41 11 32 44 16 22 24 16 17 -1 16 -1 11 10 42 54 44 37 31 53 44 -1 32 54 
37 54 37 26 37 51 37 29 37 26 26 26 37 44 44 -1 37 26 26 26 26 44 26 37 26 37 -1 44 54 26 37 37 37 26 26 44 44 -1 26 26 26 54 29 37 -1 26 53 54 54 44 37 26 53 44 -1 37 54 
4 12 37 37 -1 40 12 4 37 42 14 14 4 17 -1 37 -1 14 42 40 12 37 14 4 4 37 24 43 42 42 32 37 14 4 37 43 23 -1 22 43 4 17 -1 -1 14 43 14 4 42 24 37 37 53 4 14 32 4 
12 12 28 23 12 40 12 12 23 41 11 -1 -1 -1 -1 26 14 -1 20 26 12 12 11 -1 11 31 11 13 11 26 32 11 14 41 11 27 23 12 12 27 12 -1 14 16 12 11 11 12 41 40 37 12 53 11 14 12 12 
20 20 28 21 20 28 20 28 50 26 26 26 20 20 42 26 42 20 -1 26 -1 20 26 20 26 28 -1 55 -1 26 21 26 29 26 26 21 54 50 55 26 20 20 28 35 20 26 28 50 29 26 -1 26 28 26 28 20 20 
33 21 40 -1 40 40 38 29 3 -1 26 26 40 23 32 26 40 26 26 -1 21 3 26 8 26 40 -1 35 26 -1 3 26 29 -1 26 33 23 8 9 26 -1 33 29 40 21 26 29 40 29 40 26 26 9 26 26 33 9 
12 12 21 21 12 40 12 12 21 29 17 17 -1 17 17 26 12 12 -1 21 -1 -1 55 12 12 21 18 55 18 21 21 37 55 55 21 21 44 12 55 55 12 17 28 35 12 30 12 12 29 35 18 12 55 12 12 -1 12 
12 -1 -1 -1 12 29 12 29 3 29 44 28 1 44 44 44 37 12 20 3 -1 -1 44 8 29 2 29 35 2 -1 -1 25 29 35 2 -1 44 2 29 35 2 35 29 35 -1 30 25 42 29 35 20 29 29 1 1 1 29 
41 53 28 26 16 28 38 28 23 38 11 -1 17 17 -1 26 14 11 26 26 55 44 -1 17 11 31 11 55 11 26 32 11 14 41 11 41 44 16 -1 24 16 -1 14 16 14 11 11 42 41 44 26 26 38 11 14 38 34 
4 12 37 8 -1 40 12 4 -1 19 17 17 4 -1 17 37 4 -1 20 8 12 8 17 -1 4 31 17 13 17 7 8 17 17 4 17 27 -1 4 12 24 4 17 16 16 13 17 53 4 41 24 37 12 53 4 36 27 4 
4 54 37 26 -1 40 12 49 37 26 -1 10 4 23 10 26 4 11 26 26 12 29 11 4 -1 31 -1 39 54 26 37 10 37 4 11 49 54 -1 12 -1 4 54 14 39 49 11 10 4 54 -1 37 26 49 4 -1 37 4 
40 21 -1 21 37 40 51 46 37 29 31 31 37 31 31 37 37 31 28 40 21 2 31 31 31 -1 31 35 2 21 21 -1 37 35 2 21 44 2 31 31 2 31 28 40 21 31 -1 37 34 40 37 31 46 46 28 21 34 
24 29 28 19 24 51 51 29 19 19 11 -1 17 17 11 -1 24 11 -1 -1 18 29 11 17 -1 31 -1 39 11 -1 19 11 29 19 11 29 44 15 19 24 19 17 29 39 15 11 11 24 29 24 18 -1 19 11 15 20 19 
35 55 35 35 23 43 55 49 23 35 39 17 17 -1 17 44 43 13 55 35 55 35 55 13 39 35 39 -1 17 35 35 17 55 35 35 -1 23 39 55 -1 43 17 17 35 13 35 39 23 35 35 39 39 55 44 39 -1 35 
7 54 -1 21 7 7 53 -1 37 29 11 -1 7 17 42 54 42 11 -1 26 18 2 11 17 54 2 11 17 -1 7 21 11 29 7 2 21 54 2 22 54 2 17 -1 40 21 11 7 42 54 7 18 7 7 11 -1 20 7 
7 21 21 19 7 7 38 -1 19 -1 26 26 7 44 32 26 42 26 26 -1 21 -1 26 7 26 21 -1 35 7 -1 21 26 -1 9 48 21 44 32 9 26 19 48 -1 35 21 26 7 42 -1 7 26 26 7 21 48 32 9 
35 21 21 -1 37 56 53 29 3 19 32 34 21 35 32 37 32 32 21 3 21 -1 32 8 37 21 19 35 21 21 -1 34 -1 35 -1 -1 44 32 55 35 19 35 29 35 21 -1 53 48 34 35 37 26 53 34 21 32 34 
37 37 25 37 37 51 51 28 37 26 -1 -1 37 17 10 37 37 11 26 26 37 25 11 17 10 -1 11 17 11 26 34 -1 37 26 11 25 23 -1 22 24 25 17 14 37 14 11 10 37 34 24 37 -1 53 11 14 37 34 
29 55 37 30 37 29 37 29 37 29 14 14 37 17 -1 37 14 14 29 29 55 29 14 17 37 37 29 55 29 -1 -1 37 -1 55 30 30 44 -1 55 37 29 17 14 16 14 30 14 37 29 29 37 29 55 34 14 -1 29 
-1 55 35 19 0 7 12 0 19 -1 24 26 0 35 41 26 4 41 26 -1 55 35 41 4 4 35 19 35 7 9 35 26 55 -1 35 -1 23 4 9 35 0 -1 29 35 12 35 7 4 41 35 26 26 9 4 48 -1 0 
56 53 -1 30 53 56 53 28 30 56 11 -1 17 17 11 26 37 11 26 26 21 2 11 17 11 2 11 35 2 48 -1 11 30 35 -1 30 53 2 22 24 2 48 28 35 53 11 53 48 -1 35 37 26 53 -1 48 32 -1 
33 21 21 21 33 43 21 49 21 33 49 34 21 27 32 44 43 27 21 33 21 -1 41 27 49 21 29 -1 21 21 -1 25 30 -1 30 -1 44 21 33 27 43 33 29 -1 21 30 49 33 29 -1 21 29 33 21 21 27 33 
23 54 44 23 23 40 44 49 23 44 44 23 44 23 44 44 23 23 54 23 44 44 44 -1 54 44 44 23 54 44 44 23 44 23 53 44 -1 23 44 54 23 23 44 23 -1 23 53 54 54 44 54 44 53 44 -1 54 54 
4 12 -1 8 -1 40 12 4 -1 32 24 31 -1 17 16 -1 -1 12 50 8 12 2 16 4 -1 2 15 39 2 32 32 -1 -1 4 2 21 23 -1 12 24 2 17 16 16 12 31 24 4 32 24 -1 31 53 4 15 32 4 
12 55 28 19 12 51 -1 29 19 -1 22 22 6 55 22 26 22 12 55 9 55 29 -1 12 12 31 19 55 22 9 55 22 55 9 22 33 44 12 -1 55 12 22 22 22 12 22 53 12 29 29 37 6 9 6 22 -1 9 
24 54 37 26 24 43 24 49 37 26 24 24 24 27 24 26 43 27 26 26 55 35 24 24 -1 31 24 -1 54 26 35 24 37 35 24 27 54 24 55 -1 43 27 43 -1 27 43 24 24 54 24 37 26 55 24 24 27 24 
-1 12 -1 19 -1 -1 12 0 19 19 24 17 -1 17 16 26 4 12 20 -1 12 2 16 4 4 2 19 43 2 19 19 25 29 0 2 43 23 2 12 43 -1 17 16 -1 12 43 7 4 29 -1 37 5 7 4 12 12 0 
33 17 48 33 17 56 17 33 23 33 17 17 17 17 17 54 17 -1 20 33 17 35 -1 17 54 31 17 17 17 48 35 17 17 -1 48 33 23 17 22 27 17 -1 17 35 17 17 17 48 -1 35 48 17 33 17 48 33 48 
16 29 28 29 16 28 16 28 37 29 14 28 16 17 -1 29 -1 14 28 29 28 29 14 16 14 28 29 17 -1 -1 29 14 14 29 28 29 44 16 22 43 16 17 -1 16 14 28 14 -1 29 28 47 29 28 16 14 32 29 
40 35 40 35 16 40 40 40 37 35 16 45 40 35 16 37 -1 16 35 40 35 35 16 16 39 40 39 35 40 35 35 37 16 35 35 -1 23 16 22 -1 -1 35 16 -1 16 -1 16 16 35 35 37 40 35 16 16 35 40 
12 12 21 21 12 40 12 49 21 29 14 53 -1 -1 -1 -1 14 12 20 21 12 -1 14 13 49 21 15 13 21 21 21 14 14 12 53 21 -1 12 12 27 12 17 14 16 -1 30 53 12 29 -1 37 12 53 -1 14 12 12 
43 30 28 30 43 43 53 28 30 26 11 -1 17 17 11 26 43 11 26 26 30 30 11 17 11 31 11 35 11 26 -1 11 30 35 11 30 23 31 22 43 43 17 28 -1 30 -1 11 42 34 35 26 26 53 11 28 32 34 
7 53 25 25 53 7 53 -1 37 29 -1 10 7 53 10 53 14 11 28 29 12 25 11 53 10 -1 11 39 7 7 53 10 14 7 53 49 53 24 53 24 7 17 14 16 53 11 -1 53 29 7 28 7 7 -1 14 52 7 
4 54 37 23 -1 40 12 4 23 42 24 42 4 23 42 54 4 12 50 40 12 42 42 4 4 37 24 23 42 42 48 37 37 4 48 33 54 4 12 24 4 48 -1 16 12 42 53 -1 -1 24 -1 12 53 4 -1 54 48 
56 54 34 29 47 56 53 29 29 29 34 34 41 41 54 54 42 41 29 29 29 29 41 41 54 34 29 35 54 -1 34 34 29 41 -1 29 54 32 29 54 29 -1 29 35 29 34 29 -1 -1 29 47 29 29 34 -1 32 -1 
7 35 40 35 24 7 40 -1 37 29 24 24 40 44 44 44 24 40 26 40 35 35 44 24 -1 40 24 35 7 7 35 24 29 35 35 -1 44 24 29 24 -1 35 28 35 -1 35 7 24 29 -1 37 7 7 44 24 35 7 
37 37 37 37 37 28 37 28 37 26 37 26 37 37 37 37 37 37 -1 26 18 20 26 37 37 37 18 39 18 26 37 37 37 26 37 21 54 -1 37 37 37 48 47 37 37 26 28 -1 47 37 -1 26 28 37 47 20 48 
7 12 31 26 12 -1 -1 5 37 26 31 26 6 17 31 26 37 12 26 26 12 29 26 12 26 31 -1 39 7 26 26 -1 29 26 26 29 44 31 6 26 5 17 29 40 12 26 7 12 29 7 26 -1 7 6 26 38 5 
7 53 28 19 53 7 53 -1 19 -1 46 53 7 53 53 53 53 53 28 9 55 29 38 53 49 46 19 55 7 7 53 53 55 9 53 33 53 53 9 55 7 33 28 35 53 53 7 53 29 7 28 7 -1 -1 28 -1 9 
4 -1 34 21 -1 40 -1 46 23 52 11 -1 1 44 44 44 4 11 26 26 12 1 11 4 4 46 11 44 11 21 34 11 34 4 -1 21 44 4 6 24 4 17 16 16 -1 11 -1 4 34 44 37 6 -1 -1 1 1 34 
12 -1 28 21 24 28 12 28 36 48 14 28 1 17 -1 -1 14 14 28 26 12 1 14 36 -1 28 15 39 -1 48 21 14 14 48 48 21 -1 15 22 24 12 48 14 16 14 28 14 -1 -1 24 47 26 28 1 -1 1 48 
33 -1 21 21 12 52 38 52 37 33 32 38 1 27 32 37 32 12 20 33 -1 1 38 27 37 21 20 -1 20 32 32 37 -1 -1 32 27 54 32 -1 27 12 33 32 35 12 32 52 54 32 35 20 38 -1 1 1 -1 33 
-1 12 34 19 0 -1 12 0 19 -1 34 34 0 17 54 54 4 12 20 9 12 29 34 4 4 34 19 35 7 9 34 34 29 0 -1 33 54 4 9 24 0 48 29 40 12 34 7 48 -1 7 48 5 9 34 48 33 -1 
