41
2 37
-1 16 16 16 36 27 24 26 30 34 30 16 20 20 16 16 -1 34 34 16 -1 33 35 16 16 30 -1 -1 16 20 -1 26 27 30 -1 -1 -1 20 34 16 34 
16 -1 15 15 22 35 24 -1 7 35 -1 10 15 7 24 -1 -1 24 15 7 13 25 15 -1 -1 10 -1 16 16 8 10 26 10 7 7 -1 35 32 24 15 -1 
16 15 -1 -1 14 22 33 19 19 22 11 3 3 33 3 -1 -1 14 12 -1 12 33 3 -1 16 33 3 16 16 28 3 26 14 -1 16 3 16 20 24 15 15 
16 15 -1 -1 14 22 14 26 30 22 11 -1 -1 11 -1 -1 -1 14 12 2 12 17 -1 2 14 11 -1 16 16 13 -1 26 14 2 16 -1 35 20 14 12 13 
36 22 14 14 -1 22 -1 33 25 17 32 14 14 24 -1 22 14 -1 22 14 36 17 -1 39 6 21 14 22 6 28 14 25 14 6 38 22 -1 32 -1 38 6 
27 35 22 22 22 -1 28 28 30 22 30 22 18 28 22 22 28 22 -1 22 18 25 -1 35 28 18 22 -1 -1 28 -1 25 18 30 18 -1 35 32 22 18 28 
24 24 33 14 -1 28 -1 33 29 17 24 24 14 24 4 22 24 -1 28 33 24 17 4 24 -1 21 24 28 -1 28 33 25 14 -1 40 28 4 24 4 38 -1 
26 -1 19 26 33 28 33 -1 -1 34 1 13 15 -1 24 1 1 33 34 -1 13 33 15 1 1 8 -1 26 13 8 8 8 13 -1 -1 1 20 20 34 15 1 
30 7 19 30 25 30 29 -1 -1 34 25 13 25 7 30 7 7 25 25 7 13 25 29 7 7 -1 7 30 29 -1 -1 -1 13 7 7 7 30 20 34 25 7 
34 35 22 22 17 22 17 34 34 -1 35 22 22 28 17 22 35 -1 34 34 36 17 -1 35 17 21 22 22 22 28 22 25 17 17 -1 -1 -1 36 34 22 34 
30 -1 11 11 32 30 24 1 25 35 -1 -1 11 11 32 1 1 25 25 7 13 25 11 1 1 -1 1 32 13 13 -1 25 -1 30 7 1 30 32 24 15 1 
16 10 3 -1 14 22 24 13 13 22 -1 -1 3 -1 3 -1 3 14 12 3 13 25 3 3 13 10 3 32 13 13 3 25 10 13 13 3 20 20 24 15 13 
20 15 3 -1 14 18 14 15 25 22 11 3 -1 20 3 -1 3 14 -1 3 -1 25 3 39 14 18 3 18 16 20 3 25 18 3 18 3 20 20 39 -1 15 
20 7 33 11 24 28 24 -1 7 28 11 -1 20 -1 24 11 24 24 32 7 -1 33 28 7 -1 8 7 32 -1 -1 -1 8 -1 -1 7 28 20 20 24 15 -1 
16 24 3 -1 -1 22 4 24 30 17 32 3 3 24 -1 3 3 -1 32 3 12 17 3 3 -1 21 3 32 6 24 3 26 -1 3 17 3 4 32 4 12 6 
16 -1 -1 -1 22 22 22 1 7 22 1 -1 -1 11 3 -1 -1 14 12 2 12 33 -1 1 1 10 1 16 16 13 3 26 10 2 7 1 16 20 39 -1 1 
-1 -1 -1 -1 14 28 24 1 7 35 1 3 3 24 3 -1 -1 14 12 2 0 33 3 1 -1 10 0 0 -1 28 0 26 10 2 0 -1 0 20 24 15 1 
34 24 14 14 -1 22 -1 33 25 -1 25 14 14 24 -1 14 14 -1 25 14 36 -1 4 14 6 21 14 32 6 28 14 25 14 6 9 9 4 32 4 38 6 
34 15 12 12 22 -1 28 34 25 34 25 12 -1 32 32 12 12 25 -1 34 12 25 5 39 32 -1 12 5 5 25 5 25 -1 25 -1 5 20 32 34 -1 34 
16 7 -1 2 14 22 33 -1 7 34 7 3 3 7 3 2 2 14 34 -1 13 33 3 2 7 8 7 16 13 8 3 8 13 2 7 3 16 20 34 15 7 
-1 13 12 12 36 18 24 13 13 36 13 13 -1 -1 12 12 0 36 12 13 -1 33 12 39 13 18 0 0 13 13 0 26 13 13 0 0 -1 -1 24 12 13 
33 25 33 17 17 25 17 33 25 17 25 25 25 33 17 33 33 -1 25 33 33 -1 17 33 17 -1 31 25 17 25 33 25 17 -1 17 17 17 32 17 25 17 
35 15 3 -1 -1 -1 4 15 29 -1 11 3 3 28 3 -1 3 4 5 3 12 17 -1 3 6 18 3 5 -1 28 3 26 14 3 9 -1 4 20 4 15 6 
16 -1 -1 2 39 35 24 1 7 35 1 3 39 7 3 1 1 14 39 2 39 33 3 -1 1 10 1 16 16 8 3 26 10 2 7 1 35 32 39 -1 1 
16 -1 16 14 6 28 -1 1 7 17 1 13 14 -1 -1 1 -1 6 32 7 13 17 6 1 -1 10 1 16 6 13 13 26 13 6 38 1 6 20 -1 38 1 
30 10 33 11 21 18 21 8 -1 21 -1 10 18 8 21 10 10 21 -1 8 18 -1 18 10 10 -1 31 18 18 8 8 -1 10 21 18 10 20 32 34 18 10 
-1 -1 3 -1 14 22 24 -1 7 22 1 3 3 7 3 1 0 14 12 7 0 31 3 1 1 31 -1 0 13 8 0 -1 10 7 0 0 0 20 24 12 1 
-1 16 16 16 22 -1 28 26 30 22 32 32 18 32 32 16 0 32 5 16 0 25 5 16 16 18 0 -1 5 28 0 26 -1 30 0 0 0 32 34 18 32 
16 16 16 16 6 -1 -1 13 29 22 13 13 16 -1 6 16 -1 6 5 13 13 17 -1 16 6 18 13 5 -1 -1 5 29 13 6 13 -1 35 20 6 16 6 
20 8 28 13 28 28 28 8 -1 28 13 13 20 -1 24 13 28 28 25 8 13 25 28 8 13 8 8 28 -1 -1 8 8 13 13 8 28 20 20 24 15 13 
-1 10 3 -1 14 -1 33 8 -1 22 -1 3 3 -1 3 3 0 14 5 3 0 33 3 3 13 8 0 0 5 8 -1 8 10 -1 0 0 0 20 24 12 13 
26 26 26 26 25 25 25 8 -1 25 25 25 25 8 26 26 26 25 25 8 26 25 26 26 26 -1 -1 26 29 8 8 -1 25 8 8 26 26 26 26 25 26 
27 10 14 14 14 18 14 13 13 17 -1 10 18 -1 -1 10 10 14 -1 13 13 17 14 10 13 10 10 -1 13 13 10 25 -1 13 18 10 14 -1 14 18 13 
30 7 -1 2 6 30 -1 -1 7 17 30 13 3 -1 3 2 2 6 25 2 13 -1 3 2 6 21 7 30 6 13 -1 8 13 -1 7 3 6 20 6 15 6 
-1 7 16 16 38 18 40 -1 7 -1 7 13 18 7 17 7 0 9 -1 7 0 17 9 7 38 18 0 0 13 8 0 8 18 7 -1 0 0 20 -1 18 -1 
-1 -1 3 -1 22 -1 28 1 7 -1 1 3 3 28 3 1 -1 9 5 3 0 17 -1 1 1 10 0 0 -1 28 0 26 10 3 0 -1 -1 20 22 12 1 
-1 35 16 35 -1 35 4 20 30 -1 30 20 20 20 4 16 0 4 20 16 -1 17 4 35 6 20 0 0 35 20 0 26 14 6 0 -1 -1 20 4 20 6 
20 32 20 20 32 32 24 20 20 36 32 20 20 20 32 20 20 32 32 20 -1 32 20 32 20 32 20 32 20 20 20 26 -1 20 20 20 20 -1 24 20 20 
34 24 24 14 -1 22 4 34 34 34 24 24 39 24 4 39 24 4 34 34 24 17 4 39 -1 34 24 34 6 24 24 26 14 6 -1 22 4 24 -1 -1 34 
16 15 15 12 38 18 38 15 25 22 15 15 -1 15 12 -1 15 38 -1 15 12 25 15 -1 38 18 12 18 16 15 12 25 18 15 18 12 20 20 -1 -1 15 
34 -1 15 13 6 28 -1 1 7 34 1 13 15 -1 6 1 1 6 34 7 13 17 6 1 1 10 1 32 6 13 13 26 13 6 -1 1 6 20 34 15 -1 
