36
2 10
-1 9 20 20 14 -1 20 5 19 -1 9 19 5 20 -1 12 19 19 19 -1 -1 26 33 9 14 9 19 20 19 19 9 19 14 20 9 19 
9 -1 31 19 23 9 19 23 19 -1 9 19 9 10 32 12 19 19 30 -1 32 26 25 -1 30 -1 19 34 23 19 -1 19 -1 23 -1 19 
20 31 -1 20 6 7 -1 6 28 31 20 6 31 20 6 31 18 31 6 31 6 -1 18 6 31 35 21 31 21 6 31 -1 31 6 26 31 
20 19 20 -1 20 16 20 20 16 16 16 19 16 16 20 16 -1 16 16 16 -1 26 18 25 26 16 16 16 16 16 16 16 20 20 25 19 
14 23 6 20 -1 7 -1 -1 26 14 23 6 7 20 -1 27 26 24 6 26 6 26 18 -1 -1 23 -1 24 23 6 24 24 14 6 26 7 
-1 9 7 16 7 -1 7 -1 15 0 9 7 -1 12 0 12 12 12 7 0 0 7 18 7 7 16 7 13 16 7 16 12 12 7 17 7 
20 19 -1 20 -1 7 -1 -1 29 20 20 -1 20 20 4 33 18 18 -1 11 -1 2 18 4 4 18 4 20 18 -1 11 2 20 -1 18 7 
5 23 6 20 -1 -1 -1 -1 29 5 23 6 5 12 4 12 12 12 6 35 6 6 18 4 4 35 4 24 23 6 11 35 12 6 26 -1 
19 19 28 16 26 15 29 29 -1 15 16 19 15 16 19 -1 -1 15 16 16 15 28 18 28 26 16 16 15 -1 -1 16 29 15 15 25 19 
-1 -1 31 16 14 0 20 5 15 -1 -1 19 -1 10 0 12 12 12 16 0 0 26 25 1 17 1 16 13 16 16 1 12 1 15 1 19 
9 9 20 16 23 9 20 23 16 -1 -1 33 9 -1 9 12 13 12 16 9 13 28 25 -1 23 23 16 13 23 16 9 12 9 23 9 23 
19 19 6 19 6 7 -1 6 19 19 33 -1 19 19 6 33 19 19 6 -1 6 6 33 33 30 19 19 30 19 6 -1 19 19 -1 19 19 
5 9 31 16 7 -1 20 5 15 -1 9 19 -1 -1 32 -1 -1 -1 16 16 -1 26 18 9 17 16 16 13 16 16 16 -1 -1 15 17 31 
20 10 20 16 20 12 20 12 16 10 -1 19 -1 -1 20 12 -1 12 16 16 -1 26 18 10 27 16 16 -1 16 16 16 12 12 20 27 19 
-1 32 6 20 -1 0 4 4 19 0 9 6 32 20 -1 32 19 19 6 0 0 26 18 4 4 23 4 24 23 6 24 32 -1 6 26 7 
12 12 31 16 27 12 33 12 -1 12 12 33 -1 12 32 -1 8 12 33 16 12 28 33 33 27 16 16 -1 8 8 16 12 12 -1 27 31 
19 19 18 -1 26 12 18 12 -1 12 13 19 -1 -1 19 8 -1 12 -1 -1 3 26 18 25 26 -1 -1 13 -1 -1 -1 12 12 18 25 19 
19 19 31 16 24 12 18 12 15 12 12 19 -1 12 19 12 12 -1 -1 -1 12 26 18 19 -1 34 19 24 16 31 18 -1 12 18 -1 19 
19 30 6 16 6 7 -1 6 16 16 16 6 16 16 6 33 -1 -1 -1 16 6 6 -1 33 17 16 16 16 16 6 -1 17 16 -1 17 7 
-1 -1 31 16 26 0 11 35 16 0 9 -1 16 16 0 16 -1 -1 16 -1 0 26 18 1 17 1 -1 16 16 16 1 -1 1 11 1 -1 
-1 32 6 -1 6 0 -1 6 15 0 13 6 -1 -1 0 12 3 12 6 0 -1 6 33 33 32 16 6 13 16 6 11 12 -1 -1 17 7 
26 26 -1 26 26 7 2 6 28 26 28 6 26 26 26 28 26 26 6 26 6 -1 18 28 26 26 -1 26 -1 26 26 2 26 6 26 26 
33 25 18 18 18 18 18 18 18 25 25 33 18 18 18 33 18 18 -1 18 33 18 -1 25 18 -1 18 33 18 18 18 18 25 -1 25 25 
9 -1 6 25 -1 7 4 4 28 1 -1 33 9 10 4 33 25 19 33 1 33 28 25 -1 4 -1 4 13 -1 6 1 35 1 -1 1 -1 
14 30 31 26 -1 7 4 4 26 17 23 30 17 27 4 27 26 -1 17 17 32 26 18 4 -1 23 -1 -1 23 26 -1 -1 -1 6 17 26 
9 -1 35 16 23 16 18 35 16 1 23 19 16 16 23 16 -1 34 16 1 16 26 -1 -1 23 -1 16 34 16 16 1 35 1 22 -1 -1 
19 19 21 16 -1 7 4 4 16 16 16 19 16 16 4 16 -1 19 16 -1 6 -1 18 4 -1 16 -1 24 16 -1 16 19 24 6 -1 -1 
20 34 31 16 24 13 20 24 15 13 13 30 13 -1 24 -1 13 24 16 16 13 26 33 13 -1 34 24 -1 15 15 24 24 24 15 -1 26 
19 23 21 16 23 16 18 23 -1 16 23 19 16 16 23 8 -1 16 16 16 16 -1 18 -1 23 16 16 15 -1 8 16 16 16 23 23 23 
19 19 6 16 6 7 -1 6 -1 16 16 6 16 16 6 8 -1 31 6 16 6 26 18 6 26 16 -1 15 8 -1 16 -1 31 6 26 26 
9 -1 31 16 24 16 11 11 16 1 9 -1 16 16 24 16 -1 18 -1 1 11 26 18 1 -1 1 16 24 16 16 -1 -1 1 11 1 31 
19 19 -1 16 24 12 2 35 29 12 12 19 -1 12 32 12 12 -1 17 -1 12 2 18 35 -1 35 19 24 16 -1 -1 -1 -1 6 17 -1 
14 -1 31 20 14 12 20 12 15 1 9 19 -1 12 -1 12 12 12 16 1 -1 26 25 1 -1 1 24 24 16 31 1 -1 -1 20 1 31 
20 23 6 20 6 7 -1 6 15 15 23 -1 15 20 6 -1 18 18 -1 11 -1 6 -1 -1 6 22 6 15 23 6 11 6 20 -1 18 23 
9 -1 26 25 26 17 18 26 25 1 9 19 17 27 26 27 25 -1 17 1 17 26 25 1 17 -1 -1 -1 23 26 1 17 1 18 -1 25 
19 19 31 19 7 7 7 -1 19 19 23 19 31 19 7 31 19 19 7 -1 7 26 25 -1 26 -1 -1 26 23 26 31 -1 31 23 25 -1 
