65
3 19
-1 26 53 41 31 33 7 -1 11 33 17 7 18 11 41 33 11 7 7 33 33 41 11 33 26 -1 -1 53 7 33 33 7 25 -1 53 46 17 18 17 53 53 -1 33 7 33 33 26 7 26 33 26 33 33 -1 28 17 41 25 25 31 33 25 26 31 26 
26 -1 62 62 42 42 42 42 30 30 42 30 63 42 62 44 63 42 30 30 30 62 62 30 -1 57 24 42 44 42 -1 42 62 42 44 50 44 62 57 30 62 62 -1 44 -1 44 26 30 26 62 24 42 62 30 57 42 42 30 63 42 63 64 -1 -1 42 
53 62 -1 40 64 64 40 40 40 40 64 40 40 64 40 40 40 64 40 40 40 40 62 40 64 64 64 40 40 40 40 64 64 40 40 50 64 62 64 40 -1 40 64 40 40 64 64 40 64 40 40 40 40 40 64 64 40 64 64 64 64 64 40 64 -1 
41 62 40 -1 59 38 41 32 32 21 59 59 32 59 21 56 21 32 32 30 41 -1 37 21 41 32 41 21 32 21 23 59 -1 41 21 50 32 32 32 21 21 -1 59 32 34 56 56 59 59 21 21 41 21 21 36 32 32 21 32 -1 29 32 21 59 38 
31 42 64 59 -1 57 31 31 57 57 42 31 31 42 57 56 63 31 31 57 56 57 37 57 42 57 64 57 31 57 57 -1 37 42 31 57 57 31 57 57 56 56 31 31 42 56 56 31 55 57 47 55 56 57 57 31 31 -1 37 31 63 -1 37 31 61 
33 42 64 38 57 -1 33 43 33 33 38 33 33 48 33 33 33 38 33 33 33 49 55 33 33 43 33 57 43 33 33 42 38 -1 43 46 33 38 -1 33 33 33 33 -1 33 33 33 43 -1 -1 33 33 33 33 57 48 33 38 43 48 33 43 33 33 38 
7 42 40 41 31 33 -1 -1 11 23 17 7 18 11 33 33 11 7 7 30 -1 41 11 20 33 43 33 17 7 33 23 7 17 -1 43 46 17 18 17 40 20 20 33 -1 33 33 33 7 33 33 23 33 20 7 28 17 20 42 43 31 33 43 23 23 33 
-1 42 40 32 31 43 -1 -1 11 16 17 -1 18 11 29 33 11 -1 -1 47 6 32 11 18 26 0 0 17 -1 11 47 -1 17 0 28 50 17 18 17 47 20 0 31 -1 47 33 13 -1 13 43 47 33 20 0 28 17 31 25 25 31 18 25 47 31 17 
11 30 40 32 57 33 11 11 -1 16 47 -1 18 11 29 47 11 11 -1 30 23 32 11 18 30 18 62 47 11 11 -1 11 18 23 47 50 17 18 32 30 39 32 30 11 47 47 13 -1 13 32 47 33 23 23 57 22 32 30 25 13 18 25 47 16 42 
33 30 40 21 57 33 23 16 16 -1 16 16 16 16 21 33 -1 16 23 30 23 -1 16 -1 50 23 33 -1 34 16 23 63 21 23 -1 50 17 23 32 40 -1 21 16 34 34 33 34 50 16 21 -1 33 21 21 34 17 23 27 63 16 16 25 21 16 16 
17 42 64 59 42 38 17 17 47 16 -1 16 16 42 27 36 -1 -1 16 42 42 62 16 62 42 17 62 -1 17 16 42 42 17 42 16 50 17 62 17 47 62 27 -1 17 47 64 16 -1 42 62 47 42 62 27 36 17 32 27 64 -1 16 64 -1 16 -1 
7 30 40 59 31 33 7 -1 -1 16 16 -1 16 -1 29 33 -1 7 7 30 7 16 -1 16 47 7 7 16 7 -1 8 7 17 29 16 46 17 22 17 47 16 7 13 7 47 33 13 -1 13 21 47 33 20 7 28 22 31 29 37 13 29 55 47 16 16 
18 63 40 32 31 33 18 18 18 16 16 16 -1 46 32 56 -1 16 -1 60 23 16 -1 18 46 18 46 16 18 60 18 18 18 23 46 46 17 18 32 30 16 32 16 18 46 56 -1 16 46 21 46 55 21 23 46 22 46 25 25 16 -1 25 16 16 16 
11 42 64 59 42 48 11 11 11 16 42 -1 46 -1 29 48 11 11 11 42 42 59 11 42 42 57 46 42 11 11 42 42 56 42 46 46 48 22 48 42 16 56 -1 11 42 48 -1 11 -1 48 46 42 42 46 46 48 46 42 64 -1 29 55 42 16 42 
41 62 40 21 57 33 33 29 29 21 27 29 32 29 -1 33 21 32 32 39 41 -1 29 62 62 32 62 -1 57 -1 39 37 -1 29 21 57 32 32 32 -1 39 -1 57 32 33 33 56 39 29 21 21 41 21 21 57 32 32 -1 32 21 29 32 -1 60 27 
33 44 40 56 56 33 33 33 47 33 36 33 56 48 33 -1 33 36 33 33 33 56 55 33 44 33 33 33 44 33 33 56 56 -1 44 54 -1 56 33 47 33 56 33 33 -1 -1 56 44 -1 33 33 33 33 33 36 48 -1 42 45 48 33 55 33 33 33 
11 63 40 21 63 33 11 11 11 -1 -1 -1 -1 11 21 33 -1 10 12 60 23 9 11 9 50 17 46 9 11 11 11 63 17 23 9 46 17 18 17 40 9 21 10 11 34 63 12 10 13 21 9 33 21 21 28 17 46 27 63 10 12 64 10 -1 10 
7 42 64 32 31 38 7 -1 11 16 -1 7 16 11 32 36 10 -1 7 42 7 32 55 18 26 -1 7 10 7 11 42 7 -1 7 28 54 -1 32 -1 32 62 32 10 7 36 36 56 7 55 32 47 55 32 7 36 -1 32 25 25 10 16 25 10 16 10 
7 30 40 32 31 33 7 -1 -1 23 16 7 -1 11 32 33 12 7 -1 30 23 32 12 -1 50 -1 7 23 7 11 8 7 -1 23 23 46 17 -1 32 30 23 32 30 7 33 58 12 7 13 32 23 33 23 23 28 17 32 25 25 31 12 25 23 23 38 
33 30 40 30 57 33 30 47 30 30 42 30 60 42 39 33 60 42 30 -1 30 30 60 30 30 57 30 57 47 60 -1 42 30 30 30 50 57 30 57 30 39 30 30 47 30 63 60 30 60 30 30 33 30 30 57 42 30 30 63 42 -1 57 30 60 42 
33 30 40 41 56 33 -1 6 23 23 42 7 23 42 41 33 23 7 23 30 -1 41 11 -1 33 23 33 23 7 33 23 56 41 -1 23 50 33 23 33 40 -1 -1 33 6 33 33 56 7 33 33 23 33 -1 23 28 51 -1 30 63 41 33 25 23 23 33 
41 62 40 -1 57 49 41 32 32 -1 62 16 16 59 -1 56 9 32 32 30 41 -1 37 9 50 32 62 9 34 14 23 37 -1 23 9 50 32 32 32 14 9 -1 57 32 34 56 34 62 29 -1 9 41 -1 -1 57 32 32 14 32 3 29 32 -1 16 38 
11 62 62 37 37 55 11 11 11 16 16 -1 -1 11 29 55 11 55 12 60 11 37 -1 18 46 18 46 16 11 11 11 37 37 29 46 46 55 -1 37 47 62 37 13 11 47 58 12 11 55 37 46 55 37 11 28 -1 37 25 37 13 12 55 37 16 58 
33 30 40 21 57 33 20 18 18 -1 62 16 18 42 62 33 9 18 -1 30 -1 9 18 -1 50 18 33 9 18 33 -1 63 18 -1 9 50 33 18 32 30 9 20 30 18 33 33 50 30 33 21 -1 33 20 -1 50 51 20 30 63 62 63 25 -1 -1 33 
26 -1 64 41 42 33 33 26 30 50 42 47 46 42 62 44 50 26 50 30 33 50 46 50 -1 26 -1 50 44 33 1 42 26 26 44 50 44 62 64 30 50 26 1 44 -1 44 26 44 26 33 -1 33 33 26 50 48 44 30 63 42 63 64 1 1 26 
-1 57 64 32 57 43 43 0 18 23 17 7 18 57 32 33 17 -1 -1 57 23 32 18 18 26 -1 0 57 7 32 57 7 -1 0 43 57 17 18 17 32 53 0 57 -1 33 58 18 7 26 32 23 33 32 0 57 17 32 -1 -1 17 18 -1 17 58 58 
-1 24 64 41 64 33 33 0 62 33 62 7 46 46 62 33 46 7 7 30 33 62 46 33 -1 0 -1 53 7 33 24 7 25 -1 46 46 33 62 64 53 62 0 33 7 24 33 -1 62 -1 33 24 33 33 0 46 48 46 25 64 46 33 64 -1 24 -1 
53 42 40 21 57 57 17 17 47 -1 -1 16 16 42 -1 33 9 10 23 57 23 9 16 9 50 57 53 -1 34 14 57 42 14 23 9 50 17 32 57 14 9 14 10 34 34 58 34 10 29 21 9 41 21 -1 57 17 32 -1 57 10 29 57 10 16 10 
7 44 40 32 31 43 7 -1 11 34 17 7 18 11 57 44 11 7 7 47 7 34 11 18 44 7 7 34 -1 11 47 7 17 7 -1 54 54 18 17 47 34 7 31 7 34 44 34 7 13 34 34 33 20 34 -1 17 31 54 25 31 18 25 47 31 17 
33 42 40 21 57 33 33 11 11 16 16 -1 60 11 -1 33 11 11 11 60 33 14 11 33 33 32 33 14 11 -1 11 11 14 -1 44 46 33 22 32 14 33 14 33 11 33 33 13 11 -1 21 33 33 21 21 57 48 32 14 63 13 -1 55 14 60 33 
33 -1 40 23 57 33 23 47 -1 23 42 8 18 42 39 33 11 42 8 -1 23 23 11 -1 1 57 24 57 47 11 -1 42 18 23 23 50 57 18 57 -1 39 23 -1 47 1 33 42 -1 42 23 23 33 23 23 57 42 23 -1 57 42 19 57 1 1 42 
7 42 64 59 -1 42 7 -1 11 63 42 7 18 42 37 56 63 7 7 42 56 37 37 63 42 7 7 42 7 11 42 -1 37 42 28 56 17 -1 17 42 56 56 -1 7 42 56 56 7 55 37 47 55 56 7 28 -1 -1 4 37 -1 63 4 37 -1 42 
25 62 64 -1 37 38 17 17 18 21 17 17 18 56 -1 56 17 -1 -1 30 41 -1 37 18 26 -1 25 14 17 14 18 37 -1 23 21 56 17 -1 -1 14 21 -1 17 25 56 56 56 17 29 21 21 41 21 21 36 17 -1 14 25 3 18 25 14 23 38 
-1 42 40 41 42 -1 -1 0 23 23 42 29 23 42 29 -1 23 7 23 30 -1 23 29 -1 26 0 -1 23 7 -1 23 42 23 -1 44 46 15 23 5 29 20 0 -1 5 -1 15 26 44 5 5 23 -1 20 0 36 51 15 42 25 42 29 25 23 23 26 
53 44 40 21 31 43 43 28 47 -1 16 16 46 46 21 44 9 28 23 30 23 9 46 9 44 43 46 9 -1 44 23 28 21 44 -1 46 44 23 43 53 9 21 44 -1 -1 44 -1 44 43 21 9 44 21 -1 28 28 46 27 43 46 46 43 21 16 46 
46 50 50 50 57 46 46 50 50 50 50 46 46 46 57 54 46 54 46 50 50 50 46 50 50 57 46 50 54 46 50 56 56 46 46 -1 54 46 57 50 50 56 46 46 46 54 -1 50 46 50 -1 46 50 46 -1 46 46 54 57 46 46 57 46 50 46 
17 44 64 32 57 33 17 17 17 17 17 17 17 48 32 -1 17 -1 17 57 33 32 55 33 44 17 33 17 54 33 57 17 17 15 44 54 -1 32 17 32 33 32 17 17 15 15 54 17 15 32 54 33 32 17 -1 17 15 54 25 17 33 25 17 17 17 
18 62 62 32 31 38 18 18 18 23 62 22 18 22 32 56 18 32 -1 30 23 32 -1 18 62 18 62 32 18 22 18 -1 -1 23 23 46 32 -1 32 32 62 32 31 18 62 58 18 62 55 32 23 41 32 23 28 22 31 25 -1 31 18 25 -1 31 58 
17 57 64 32 57 -1 17 17 32 32 17 17 32 48 32 33 17 -1 32 57 33 32 37 32 64 17 64 57 17 32 57 17 -1 5 43 57 17 32 -1 32 64 32 57 5 33 64 56 17 5 5 32 33 32 32 57 17 32 -1 64 17 32 64 17 64 -1 
53 30 40 21 57 33 40 47 30 40 47 47 30 42 -1 47 40 32 30 30 40 14 47 30 30 32 53 14 47 14 -1 42 14 29 53 50 32 32 32 -1 -1 14 30 47 47 47 50 -1 29 21 47 41 21 -1 57 32 32 14 32 47 29 32 14 30 40 
53 62 -1 21 56 33 20 20 39 -1 62 16 16 16 39 33 9 62 23 39 -1 9 62 9 50 53 62 9 34 33 39 56 21 20 9 50 33 62 64 -1 -1 20 33 20 33 33 34 39 62 21 9 33 20 -1 34 51 20 27 62 62 16 64 -1 16 2 
-1 62 40 -1 56 33 20 0 32 21 27 7 32 56 -1 56 21 32 32 30 -1 -1 37 20 26 0 0 14 7 14 23 56 -1 0 21 56 32 32 32 14 20 -1 33 7 33 56 56 7 26 21 21 -1 20 0 57 51 -1 14 25 3 29 25 14 23 26 
33 -1 64 59 31 33 33 31 30 16 -1 13 16 -1 57 33 10 10 30 30 33 57 13 30 1 57 33 10 31 33 -1 -1 17 -1 44 46 17 31 57 30 33 33 -1 31 1 33 13 10 13 33 24 33 33 27 57 31 31 -1 64 10 30 64 1 1 -1 
7 44 40 32 31 -1 -1 -1 11 34 17 7 18 11 32 33 11 7 7 47 6 32 11 18 44 -1 7 34 7 11 47 7 25 5 -1 46 17 18 5 47 20 7 31 -1 34 58 34 7 5 5 34 33 20 34 28 17 20 25 25 31 18 25 47 31 38 
33 -1 40 34 42 33 33 47 47 34 47 47 46 42 33 -1 34 36 33 30 33 34 47 33 -1 33 24 34 34 33 1 42 56 -1 -1 46 15 62 33 47 33 33 1 34 -1 15 34 -1 15 33 24 33 33 34 34 48 15 30 45 47 33 33 1 1 26 
33 44 64 56 56 33 33 33 47 33 64 33 56 48 33 -1 63 36 58 63 33 56 58 33 44 58 33 58 44 33 33 56 56 15 44 54 15 58 64 47 33 56 33 58 15 -1 56 44 15 33 33 33 33 33 36 48 15 58 -1 48 63 58 58 58 58 
26 26 64 56 56 33 33 13 13 34 16 13 -1 -1 56 56 12 56 12 60 56 34 12 50 26 18 -1 34 34 13 42 56 56 26 -1 -1 54 18 56 50 34 56 13 34 34 56 -1 50 13 33 -1 33 56 34 35 22 -1 42 64 13 12 64 26 16 26 
7 30 40 59 31 43 7 -1 -1 50 -1 -1 16 11 39 44 10 7 7 30 7 62 11 30 44 7 62 10 7 11 -1 7 17 44 44 50 17 62 17 -1 39 7 10 7 -1 44 50 -1 13 62 -1 44 62 39 28 17 31 30 62 10 29 64 -1 16 10 
26 26 64 59 55 -1 33 13 13 16 42 13 46 -1 29 -1 13 55 13 60 33 29 55 33 26 26 -1 29 13 -1 42 55 29 5 43 46 15 55 5 29 62 26 13 5 15 15 13 13 -1 5 26 55 29 26 36 -1 15 29 45 13 29 55 26 55 26 
33 62 40 21 57 -1 33 43 32 21 62 21 21 48 21 33 21 32 32 30 33 -1 37 21 33 32 33 21 34 21 23 37 21 5 21 50 32 32 5 21 21 21 33 5 33 33 33 62 5 -1 21 33 21 21 57 48 32 21 32 21 29 32 21 21 38 
26 24 40 21 47 33 23 47 47 -1 47 47 46 46 21 33 9 47 23 30 23 9 46 -1 -1 23 24 9 34 33 23 47 21 23 9 -1 54 23 32 47 9 21 24 34 24 33 -1 -1 26 21 -1 33 21 23 35 46 46 27 63 46 46 25 23 23 26 
33 42 40 41 55 33 33 33 33 33 42 33 55 42 41 33 33 55 33 33 33 41 55 33 33 33 33 41 33 33 33 55 41 -1 44 46 33 41 33 41 33 -1 33 33 33 33 33 44 55 33 33 -1 33 33 36 -1 41 41 33 41 33 55 33 33 33 
33 62 40 21 56 33 20 20 23 21 62 20 21 42 21 33 21 32 23 30 -1 -1 37 20 33 32 33 21 20 21 23 56 21 20 21 50 32 32 32 21 20 20 33 20 33 33 56 62 29 21 21 33 -1 21 57 32 20 21 32 21 29 32 21 23 33 
-1 30 40 21 57 33 7 0 23 21 27 7 23 46 21 33 21 7 23 30 23 -1 11 -1 26 0 0 -1 34 21 23 7 21 0 -1 46 17 23 32 -1 -1 0 27 34 34 33 34 39 26 21 23 33 21 -1 34 17 23 27 25 21 63 25 21 23 26 
28 57 64 36 57 57 28 28 57 34 36 28 46 46 57 36 28 36 28 57 28 57 28 50 50 57 46 57 -1 57 57 28 36 36 28 -1 -1 28 57 57 34 57 57 28 34 36 35 28 36 57 35 36 57 34 -1 36 36 -1 57 31 46 57 57 31 57 
17 42 64 32 31 48 17 17 22 17 17 22 22 48 32 48 17 -1 17 42 51 32 -1 51 48 17 48 17 17 48 42 -1 17 51 28 46 17 22 17 32 51 51 31 17 48 48 22 17 -1 48 46 -1 32 17 36 -1 31 25 25 31 22 -1 17 31 61 
41 42 40 32 31 33 20 31 32 23 32 31 46 46 32 -1 46 32 32 30 -1 32 37 20 44 32 46 32 31 32 23 -1 -1 15 46 46 15 31 32 32 20 -1 31 20 15 15 -1 31 15 32 46 41 20 23 36 31 -1 31 32 31 46 31 23 31 38 
25 30 64 21 -1 38 42 25 30 27 27 29 25 42 -1 42 27 25 25 30 30 14 25 30 30 -1 25 -1 54 14 -1 4 14 42 27 54 54 25 -1 14 27 14 -1 25 30 58 42 30 29 21 27 41 21 27 -1 25 31 -1 25 27 29 4 14 30 38 
25 63 64 32 37 43 43 25 25 63 64 37 25 64 32 45 63 25 25 63 63 32 37 63 63 -1 64 57 25 63 57 37 25 25 43 57 25 -1 64 32 62 25 64 25 45 -1 64 62 45 32 63 33 32 25 57 25 32 25 -1 37 63 25 37 -1 -1 
31 42 64 -1 31 48 31 31 13 16 -1 13 16 -1 21 48 10 10 31 42 41 3 13 62 42 17 46 10 31 13 42 -1 3 42 46 46 17 31 17 47 62 3 10 31 47 48 13 10 13 21 46 41 21 21 31 31 31 27 37 -1 63 31 10 31 10 
33 63 64 29 63 33 33 18 18 16 16 29 -1 29 29 33 12 16 12 -1 33 29 12 63 63 18 33 29 18 -1 19 63 18 29 46 46 33 18 32 29 16 29 30 18 33 63 12 29 29 29 46 33 29 63 46 22 46 29 63 63 -1 25 29 -1 63 
25 64 64 32 -1 43 43 25 25 25 64 55 25 55 32 55 64 25 25 57 25 32 55 25 64 -1 64 57 25 55 57 4 25 25 43 57 25 25 64 32 64 25 64 25 33 58 64 64 55 32 25 55 32 25 57 -1 31 4 25 31 25 -1 64 31 -1 
26 -1 40 21 37 33 23 47 47 21 -1 47 16 42 -1 33 10 10 23 30 23 -1 37 -1 1 17 -1 10 47 14 1 37 14 23 21 46 17 -1 17 14 -1 14 1 47 1 58 26 -1 26 21 23 33 21 21 57 17 23 14 37 10 29 64 -1 1 10 
31 -1 64 59 31 33 23 31 16 16 16 16 16 16 60 33 -1 16 23 60 23 16 16 -1 1 58 24 16 31 60 1 -1 23 23 16 50 17 31 64 30 16 23 1 31 1 58 16 16 55 21 23 33 23 23 31 31 31 30 -1 31 -1 31 1 -1 58 
26 42 -1 38 61 38 33 17 42 16 -1 16 16 42 27 33 10 10 38 42 33 38 58 33 26 58 -1 10 17 33 42 42 38 26 46 46 17 58 -1 40 2 26 -1 38 26 58 26 10 26 38 26 33 33 26 57 61 38 38 -1 10 63 -1 10 58 -1 
