-7.996973 -5.379367
0.000000 0.000000
0.000000 0.000000
0.000000 0.000000
-6.836643 -6.918322
0.000000 0.000000
0.000000 0.000000
0.000000 0.000000
0.000000 0.000000
0.000000 0.000000
7.787762 7.327343
0.000000 0.000000
0.000000 0.000000
0.000000 0.000000
0.000000 0.000000
0.000000 0.000000
-12.116709 11.149144
-6.505500 -0.346156
0.000000 0.000000
0.000000 0.000000
0.000000 0.000000
0.000000 0.000000
0.000000 0.000000
0.000000 0.000000
0.000000 0.000000
0.000000 0.000000
-7.958072 3.537816
0.000000 0.000000
-3.555780 -10.047811
0.000000 0.000000
0.000000 0.000000
-11.847306 -1.310382
0.000000 0.000000
0.000000 0.000000
0.000000 0.000000
0.000000 0.000000
0.000000 0.000000
0.000000 0.000000
0.000000 0.000000
0.000000 0.000000
0.000000 0.000000
0.000000 0.000000
0.000000 0.000000
-14.216716 -16.459676
0.000000 0.000000
0.000000 0.000000
0.000000 0.000000
0.000000 0.000000
0.000000 0.000000
0.000000 0.000000
10.019692 11.043781
0.000000 0.000000
-6.230285 0.763940
0.000000 0.000000
1.442370 -3.160843
-0.574613 0.272710
0.000000 0.000000
0.000000 0.000000
17.472480 -12.206936
0.000000 0.000000
0.000000 0.000000
0.000000 0.000000
0.000000 0.000000
0.000000 0.000000
0.000000 0.000000
0.000000 0.000000
0.000000 0.000000
0.000000 0.000000
0.000000 0.000000
0.000000 0.000000
0.000000 0.000000
0.000000 0.000000
0.000000 0.000000
-0.741330 -13.763452
0.000000 0.000000
0.000000 0.000000
0.000000 0.000000
0.365834 -6.021757
0.000000 0.000000
0.000000 0.000000
0.000000 0.000000
0.000000 0.000000
-0.755944 2.852861
0.000000 0.000000
0.000000 0.000000
0.000000 0.000000
0.000000 0.000000
0.000000 0.000000
15.344828 12.517241
0.000000 0.000000
0.000000 0.000000
0.000000 0.000000
0.000000 0.000000
11.252610 -2.118972
0.000000 0.000000
0.000000 0.000000
0.000000 0.000000
-2.009456 -16.351499
0.000000 0.000000
1.917404 6.324018
-7.980570 -3.282140
-1.598748 12.808158
0.000000 0.000000
0.000000 0.000000
0.000000 0.000000
11.667571 4.805677
0.000000 0.000000
-7.014295 10.396496
0.000000 0.000000
0.000000 0.000000
0.000000 0.000000
0.000000 0.000000
4.732377 7.900196
0.000000 0.000000
0.000000 0.000000
0.000000 0.000000
0.000000 0.000000
0.000000 0.000000
0.000000 0.000000
0.000000 0.000000
0.000000 0.000000
0.000000 0.000000
0.000000 0.000000
-6.307585 -0.387624
0.000000 0.000000
11.162647 1.693666
0.000000 0.000000
0.000000 0.000000
0.000000 0.000000
0.000000 0.000000
15.829358 -14.652962
0.000000 0.000000
0.000000 0.000000
0.000000 0.000000
0.000000 0.000000
0.000000 0.000000
0.000000 0.000000
0.000000 0.000000
0.000000 0.000000
0.000000 0.000000
0.000000 0.000000
-6.223464 -6.134078
0.000000 0.000000
0.000000 0.000000
6.397656 -7.112360
0.000000 0.000000
0.000000 0.000000
0.000000 0.000000
0.000000 0.000000
0.000000 0.000000
-11.409691 11.057268
3.307097 -1.535469
0.000000 0.000000
0.000000 0.000000
0.000000 0.000000
15.269496 -18.949337
-8.036125 -6.065128
0.000000 0.000000
0.000000 0.000000
0.000000 0.000000
0.000000 0.000000
0.000000 0.000000
0.000000 0.000000
0.000000 0.000000
0.000000 0.000000
0.000000 0.000000
0.000000 0.000000
0.000000 0.000000
0.000000 0.000000
0.000000 0.000000
-16.000000 -10.470287
0.000000 0.000000
0.000000 0.000000
0.000000 0.000000
-5.599928 6.800748
0.000000 0.000000
0.000000 0.000000
0.000000 0.000000
0.000000 0.000000
0.000000 0.000000
-6.783229 6.980743
-8.559211 -6.782896
0.000000 0.000000
0.000000 0.000000
0.000000 0.000000
0.000000 0.000000
0.000000 0.000000
9.748212 -9.713219
-14.043292 5.041153
2.908488 -7.544736
3.837542 9.300856
-12.631721 18.210123
0.000000 0.000000
0.000000 0.000000
-4.664843 -15.375756
0.000000 0.000000
-7.440008 -5.711434
0.000000 0.000000
0.000000 0.000000
0.000000 0.000000
-13.141925 -4.761283
0.000000 0.000000
2.102279 17.242602
0.000000 0.000000
0.000000 0.000000
0.000000 0.000000
-9.671624 1.248660
0.000000 0.000000
0.000000 0.000000
0.000000 0.000000
0.000000 0.000000
0.000000 0.000000
9.700272 7.035422
0.000000 0.000000
0.000000 0.000000
0.000000 0.000000
8.573611 -6.558332
0.000000 0.000000
0.000000 0.000000
0.000000 0.000000
0.000000 0.000000
0.000000 0.000000
-4.841848 -0.896322
0.000000 0.000000
0.000000 0.000000
0.000000 0.000000
11.783969 2.261323
0.000000 0.000000
0.000000 0.000000
0.000000 0.000000
0.000000 0.000000
0.000000 0.000000
0.000000 0.000000
0.000000 0.000000
0.711340 -4.515464
0.000000 0.000000
7.782900 6.711185
-4.970678 -8.039436
0.000000 0.000000
0.000000 0.000000
0.000000 0.000000
0.000000 0.000000
0.000000 0.000000
0.000000 0.000000
0.000000 0.000000
4.225474 -11.382161
0.000000 0.000000
0.000000 0.000000
0.000000 0.000000
0.000000 0.000000
-5.077484 -7.665452
0.000000 0.000000
-4.879310 -5.303879
4.289200 -5.062247
0.000000 0.000000
0.000000 0.000000
0.000000 0.000000
-17.189418 4.755978
-1.672799 -7.311230
12.007225 3.911394
0.000000 0.000000
0.000000 0.000000
0.000000 0.000000
0.000000 0.000000
0.000000 0.000000
0.000000 0.000000
-1.313583 2.896920
0.000000 0.000000
-1.565900 -7.839174
0.000000 0.000000
0.000000 0.000000
0.000000 0.000000
0.000000 0.000000
0.000000 0.000000
0.000000 0.000000
-14.030151 4.914573
0.000000 0.000000
0.000000 0.000000
0.000000 0.000000
0.000000 0.000000
0.000000 0.000000
0.000000 0.000000
0.000000 0.000000
0.890411 -3.575342
0.000000 0.000000
0.000000 0.000000
0.000000 0.000000
0.000000 0.000000
0.000000 0.000000
0.000000 0.000000
0.000000 0.000000
0.000000 0.000000
-6.840900 1.677806
0.000000 0.000000
0.000000 0.000000
1.463819 -5.292071
0.000000 0.000000
0.000000 0.000000
0.000000 0.000000
0.000000 0.000000
0.000000 0.000000
7.431397 8.568603
0.000000 0.000000
0.000000 0.000000
0.000000 0.000000
0.000000 0.000000
-4.413116 0.629523
-3.827251 -4.990291
7.652585 -2.404267
0.000000 0.000000
6.754100 10.081997
0.000000 0.000000
0.000000 0.000000
0.000000 0.000000
0.000000 0.000000
0.000000 0.000000
0.000000 0.000000
0.000000 0.000000
0.000000 0.000000
0.000000 0.000000
8.456966 -0.639581
0.000000 0.000000
0.000000 0.000000
-9.525344 5.100125
0.000000 0.000000
0.000000 0.000000
0.000000 0.000000
0.000000 0.000000
5.834650 -3.501693
-5.981907 4.583857
0.000000 0.000000
-7.664147 3.120552
0.000000 0.000000
0.000000 0.000000
-3.813869 4.571899
0.000000 0.000000
0.000000 0.000000
-0.119771 4.629278
0.000000 0.000000
0.000000 0.000000
0.000000 0.000000
0.000000 0.000000
0.000000 0.000000
0.000000 0.000000
0.000000 0.000000
-14.230466 8.955015
0.000000 0.000000
0.000000 0.000000
0.000000 0.000000
0.000000 0.000000
0.000000 0.000000
0.000000 0.000000
-6.657808 4.254858
0.000000 0.000000
0.000000 0.000000
18.555544 3.374987
0.000000 0.000000
0.000000 0.000000
0.000000 0.000000
0.000000 0.000000
-4.603400 -4.472429
0.000000 0.000000
0.000000 0.000000
0.202918 4.264018
0.000000 0.000000
0.000000 0.000000
0.000000 0.000000
0.000000 0.000000
0.000000 0.000000
0.000000 0.000000
0.000000 0.000000
-6.934308 9.421611
14.846855 -8.350813
0.000000 0.000000
0.000000 0.000000
0.000000 0.000000
0.000000 0.000000
5.098898 -3.137254
-4.813561 -2.142510
0.000000 0.000000
-0.707443 4.301127
0.000000 0.000000
0.000000 0.000000
0.000000 0.000000
0.000000 0.000000
0.000000 0.000000
0.000000 0.000000
0.000000 0.000000
0.000000 0.000000
0.000000 0.000000
-13.926605 1.548163
0.000000 0.000000
0.000000 0.000000
0.000000 0.000000
0.000000 0.000000
0.000000 0.000000
0.000000 0.000000
0.000000 0.000000
0.000000 0.000000
0.000000 0.000000
0.000000 0.000000
0.000000 0.000000
0.000000 0.000000
0.000000 0.000000
0.000000 0.000000
0.000000 0.000000
0.000000 0.000000
0.000000 0.000000
0.000000 0.000000
-11.614470 -9.944283
0.000000 0.000000
0.000000 0.000000
-0.092515 -5.603525
0.000000 0.000000
0.000000 0.000000
0.000000 0.000000
0.000000 0.000000
0.000000 0.000000
0.000000 0.000000
0.000000 0.000000
0.000000 0.000000
-4.361204 0.256962
0.000000 0.000000
0.000000 0.000000
-11.616778 7.191692
0.000000 0.000000
-2.080571 -1.781999
-1.968822 2.218248
0.000000 0.000000
0.000000 0.000000
0.000000 0.000000
0.000000 0.000000
0.000000 0.000000
0.000000 0.000000
0.000000 0.000000
0.000000 0.000000
0.000000 0.000000
0.000000 0.000000
0.000000 0.000000
0.000000 0.000000
0.000000 0.000000
0.000000 0.000000
0.000000 0.000000
0.000000 0.000000
0.000000 0.000000
0.000000 0.000000
13.635740 -10.846232
0.000000 0.000000
0.000000 0.000000
0.000000 0.000000
0.000000 0.000000
0.000000 0.000000
0.000000 0.000000
0.000000 0.000000
0.000000 0.000000
0.000000 0.000000
0.000000 0.000000
2.865812 12.969416
0.000000 0.000000
0.000000 0.000000
0.000000 0.000000
0.000000 0.000000
2.420128 15.727583
-4.099709 7.439884
0.000000 0.000000
0.000000 0.000000
0.000000 0.000000
0.000000 0.000000
0.000000 0.000000
-0.116655 8.720387
0.000000 0.000000
0.000000 0.000000
0.000000 0.000000
0.000000 0.000000
-4.289284 -7.694614
0.000000 0.000000
0.000000 0.000000
0.000000 0.000000
-2.617037 7.190422
-5.136111 -6.934223
0.000000 0.000000
0.000000 0.000000
0.000000 0.000000
3.698361 6.065853
0.000000 0.000000
0.000000 0.000000
-8.282342 8.796587
0.000000 0.000000
-6.877002 2.886037
0.000000 0.000000
0.000000 0.000000
0.000000 0.000000
0.000000 0.000000
0.000000 0.000000
0.000000 0.000000
0.000000 0.000000
0.000000 0.000000
0.000000 0.000000
0.000000 0.000000
0.000000 0.000000
0.000000 0.000000
0.000000 0.000000
0.000000 0.000000
-2.513229 0.423614
5.344424 -8.452546
0.000000 0.000000
0.000000 0.000000
0.000000 0.000000
0.000000 0.000000
-12.246570 0.569913
0.000000 0.000000
0.000000 0.000000
0.000000 0.000000
0.000000 0.000000
0.000000 0.000000
0.000000 0.000000
0.000000 0.000000
0.000000 0.000000
0.000000 0.000000
-13.260500 -0.275444
0.000000 0.000000
3.382805 -10.968197
-7.552700 -0.586970
0.000000 0.000000
0.000000 0.000000
0.000000 0.000000
0.000000 0.000000
0.000000 0.000000
-12.350785 -7.022034
0.000000 0.000000
0.000000 0.000000
-7.217919 -14.141546
-1.122716 2.859889
8.451697 -13.386945
0.000000 0.000000
0.000000 0.000000
0.000000 0.000000
0.000000 0.000000
0.000000 0.000000
0.000000 0.000000
0.000000 0.000000
10.813954 14.139537
-5.524871 -7.583763
0.000000 0.000000
5.134358 1.770737
0.000000 0.000000
2.337698 9.052077
0.000000 0.000000
10.897861 2.743899
0.000000 0.000000
0.000000 0.000000
0.000000 0.000000
0.000000 0.000000
0.000000 0.000000
0.000000 0.000000
0.000000 0.000000
0.000000 0.000000
4.487551 0.560102
0.000000 0.000000
-2.103766 8.059887
-14.187668 0.480022
0.000000 0.000000
0.000000 0.000000
0.000000 0.000000
0.000000 0.000000
0.000000 0.000000
-13.475911 7.707613
0.000000 0.000000
0.000000 0.000000
0.000000 0.000000
0.000000 0.000000
0.000000 0.000000
0.000000 0.000000
0.000000 0.000000
0.000000 0.000000
0.000000 0.000000
0.000000 0.000000
6.012610 -17.287516
-5.463845 7.028800
0.000000 0.000000
0.000000 0.000000
6.857182 -1.020971
0.000000 0.000000
-1.958345 5.523571
-10.786505 6.808653
-11.178926 -7.642148
0.000000 0.000000
0.000000 0.000000
0.000000 0.000000
0.000000 0.000000
0.000000 0.000000
-1.995761 -0.445014
0.000000 0.000000
0.000000 0.000000
0.000000 0.000000
0.000000 0.000000
7.657370 -1.314740
0.000000 0.000000
11.272388 13.824627
0.000000 0.000000
0.000000 0.000000
0.000000 0.000000
0.000000 0.000000
3.471536 6.883428
-2.167798 -2.794345
0.000000 0.000000
0.000000 0.000000
0.000000 0.000000
1.262689 12.308639
15.992288 -10.191945
0.000000 0.000000
5.305740 -4.588673
0.000000 0.000000
0.000000 0.000000
0.000000 0.000000
8.226438 6.554567
0.000000 0.000000
0.000000 0.000000
-4.015166 -8.038836
0.000000 0.000000
0.580141 8.548606
0.000000 0.000000
0.000000 0.000000
0.000000 0.000000
2.957265 -13.644688
0.000000 0.000000
2.412849 7.326289
0.000000 0.000000
6.826087 3.478261
0.000000 0.000000
0.000000 0.000000
0.000000 0.000000
-5.485391 14.480802
0.000000 0.000000
0.000000 0.000000
0.000000 0.000000
-8.658028 2.259400
0.000000 0.000000
5.345725 -2.819156
1.341931 0.451616
13.793953 5.118472
0.000000 0.000000
0.000000 0.000000
0.000000 0.000000
0.000000 0.000000
0.000000 0.000000
0.000000 0.000000
0.000000 0.000000
3.846921 10.916799
0.000000 0.000000
0.000000 0.000000
0.000000 0.000000
0.000000 0.000000
2.855443 7.438549
0.000000 0.000000
0.000000 0.000000
0.000000 0.000000
0.000000 0.000000
0.000000 0.000000
0.232672 3.232672
0.000000 0.000000
0.000000 0.000000
0.000000 0.000000
0.000000 0.000000
10.333333 13.333333
0.000000 0.000000
0.000000 0.000000
0.000000 0.000000
0.000000 0.000000
0.000000 0.000000
0.000000 0.000000
0.000000 0.000000
0.000000 0.000000
-12.732381 6.011271
0.000000 0.000000
0.000000 0.000000
0.000000 0.000000
0.000000 0.000000
0.000000 0.000000
0.000000 0.000000
1.500000 -0.625000
0.000000 0.000000
0.000000 0.000000
0.000000 0.000000
0.000000 0.000000
10.346047 3.878382
0.000000 0.000000
0.000000 0.000000
0.000000 0.000000
0.000000 0.000000
0.000000 0.000000
0.000000 0.000000
0.000000 0.000000
0.000000 0.000000
0.000000 0.000000
0.000000 0.000000
-5.208702 -3.882199
0.000000 0.000000
7.122025 -0.533691
0.000000 0.000000
0.000000 0.000000
0.000000 0.000000
0.000000 0.000000
0.000000 0.000000
0.000000 0.000000
7.454317 -7.618022
0.000000 0.000000
-15.219956 11.647722
-6.719125 -6.078688
5.111980 -4.270834
0.000000 0.000000
0.000000 0.000000
0.000000 0.000000
0.000000 0.000000
0.000000 0.000000
0.000000 0.000000
0.000000 0.000000
0.000000 0.000000
0.000000 0.000000
2.830671 11.436617
-2.489024 -5.160878
0.000000 0.000000
-12.511999 -15.624725
0.000000 0.000000
0.000000 0.000000
0.000000 0.000000
0.000000 0.000000
0.000000 0.000000
0.000000 0.000000
0.000000 0.000000
-15.882649 -5.289938
0.000000 0.000000
14.977486 -5.193218
0.000000 0.000000
0.000000 0.000000
0.000000 0.000000
-7.900968 -8.083826
0.000000 0.000000
0.000000 0.000000
0.000000 0.000000
0.000000 0.000000
-8.049236 8.192473
0.000000 0.000000
0.000000 0.000000
0.000000 0.000000
0.000000 0.000000
0.000000 0.000000
14.827471 -4.371065
0.000000 0.000000
0.000000 0.000000
0.000000 0.000000
0.000000 0.000000
0.000000 0.000000
0.000000 0.000000
0.000000 0.000000
0.000000 0.000000
0.000000 0.000000
0.000000 0.000000
0.000000 0.000000
0.000000 0.000000
0.000000 0.000000
0.000000 0.000000
0.000000 0.000000
1.495194 -4.465365
0.000000 0.000000
0.000000 0.000000
0.000000 0.000000
0.000000 0.000000
2.498623 -6.375610
0.000000 0.000000
0.000000 0.000000
0.000000 0.000000
0.000000 0.000000
0.000000 0.000000
0.000000 0.000000
0.000000 0.000000
0.000000 0.000000
0.000000 0.000000
0.000000 0.000000
3.980166 -11.066355
4.789643 15.535845
0.000000 0.000000
0.000000 0.000000
8.374505 0.573654
0.000000 0.000000
-4.097523 4.169069
0.000000 0.000000
0.000000 0.000000
0.000000 0.000000
-5.997855 2.563835
0.000000 0.000000
0.000000 0.000000
0.000000 0.000000
0.000000 0.000000
0.000000 0.000000
0.000000 0.000000
1.683002 2.703233
0.000000 0.000000
1.211265 4.294915
0.000000 0.000000
0.000000 0.000000
0.000000 0.000000
0.000000 0.000000
0.000000 0.000000
3.916339 6.718311
0.000000 0.000000
0.000000 0.000000
0.000000 0.000000
0.000000 0.000000
0.000000 0.000000
0.000000 0.000000
0.000000 0.000000
0.000000 0.000000
1.597739 -4.441356
0.000000 0.000000
0.000000 0.000000
0.000000 0.000000
0.000000 0.000000
-16.652321 -11.301441
0.000000 0.000000
0.000000 0.000000
0.000000 0.000000
0.000000 0.000000
3.428571 -3.285714
-0.680426 7.043740
0.000000 0.000000
0.000000 0.000000
0.000000 0.000000
0.000000 0.000000
-13.532630 -2.944978
0.000000 0.000000
0.000000 0.000000
0.000000 0.000000
0.000000 0.000000
0.000000 0.000000
0.000000 0.000000
0.000000 0.000000
6.546454 9.739272
0.000000 0.000000
0.000000 0.000000
5.150450 12.534522
0.000000 0.000000
0.000000 0.000000
11.428223 12.091365
9.132460 0.684770
-7.494367 -0.910827
0.000000 0.000000
0.000000 0.000000
0.000000 0.000000
0.000000 0.000000
0.000000 0.000000
0.000000 0.000000
0.000000 0.000000
3.473470 -12.036488
0.000000 0.000000
0.000000 0.000000
0.000000 0.000000
0.000000 0.000000
0.000000 0.000000
5.732962 4.798589
0.000000 0.000000
-1.000000 -2.000000
0.000000 0.000000
0.000000 0.000000
0.000000 0.000000
0.000000 0.000000
0.000000 0.000000
0.000000 0.000000
0.000000 0.000000
5.259293 4.498570
0.000000 0.000000
10.674627 5.981440
0.000000 0.000000
0.000000 0.000000
0.000000 0.000000
0.000000 0.000000
-5.821302 10.064874
0.000000 0.000000
0.000000 0.000000
0.978311 -4.679511
0.000000 0.000000
0.000000 0.000000
5.453242 4.176277
1.285729 0.000010
0.000000 0.000000
0.000000 0.000000
0.000000 0.000000
0.000000 0.000000
0.000000 0.000000
0.000000 0.000000
0.000000 0.000000
2.451879 6.077464
0.000000 0.000000
0.000000 0.000000
0.000000 0.000000
-0.595476 -5.134136
0.000000 0.000000
0.000000 0.000000
0.000000 0.000000
-8.453388 0.075785
13.898917 3.111958
0.000000 0.000000
0.000000 0.000000
0.000000 0.000000
0.000000 0.000000
0.000000 0.000000
0.000000 0.000000
-12.195842 12.513348
0.000000 0.000000
0.000000 0.000000
0.000000 0.000000
-6.463002 9.100581
0.000000 0.000000
0.000000 0.000000
0.000000 0.000000
-2.252233 -4.874800
0.000000 0.000000
0.000000 0.000000
0.000000 0.000000
5.713049 -0.946123
0.000000 0.000000
0.000000 0.000000
6.176568 4.641414
0.000000 0.000000
0.000000 0.000000
0.000000 0.000000
-10.604803 -14.659024
0.000000 0.000000
0.000000 0.000000
0.000000 0.000000
0.000000 0.000000
0.000000 0.000000
0.000000 0.000000
0.000000 0.000000
0.000000 0.000000
0.000000 0.000000
0.000000 0.000000
0.000000 0.000000
0.000000 0.000000
0.000000 0.000000
-4.726763 -7.465268
0.000000 0.000000
-5.873341 8.149808
0.000000 0.000000
0.000000 0.000000
-4.458898 6.369868
1.544779 -2.048885
0.000000 0.000000
0.000000 0.000000
0.000000 0.000000
0.000000 0.000000
0.000000 0.000000
-8.456027 2.819762
0.000000 0.000000
0.000000 0.000000
0.000000 0.000000
0.000000 0.000000
0.000000 0.000000
0.000000 0.000000
0.000000 0.000000
0.000000 0.000000
-7.930763 13.052592
0.000000 0.000000
0.000000 0.000000
13.022331 4.867579
0.000000 0.000000
6.944153 -3.130098
0.000000 0.000000
0.000000 0.000000
-1.095337 -0.923666
0.000000 0.000000
0.000000 0.000000
0.000000 0.000000
-14.111744 -11.200705
0.000000 0.000000
0.000000 0.000000
0.000000 0.000000
0.000000 0.000000
-9.663393 6.667556
1.029270 -14.000000
0.000000 0.000000
0.000000 0.000000
0.000000 0.000000
0.000000 0.000000
0.000000 0.000000
0.000000 0.000000
0.000000 0.000000
2.200843 9.428873
0.000000 0.000000
0.000000 0.000000
0.000000 0.000000
0.000000 0.000000
0.000000 0.000000
0.000000 0.000000
0.000000 0.000000
0.000000 0.000000
0.000000 0.000000
0.000000 0.000000
2.111559 -5.412058
-1.407374 0.758666
0.000000 0.000000
0.000000 0.000000
0.000000 0.000000
0.000000 0.000000
0.000000 0.000000
0.000000 0.000000
-4.964535 -3.518684
-5.471723 1.057983
0.000000 0.000000
-11.447379 2.546097
-6.853760 -7.654994
0.000000 0.000000
0.000000 0.000000
0.000000 0.000000
0.000000 0.000000
0.000000 0.000000
0.000000 0.000000
2.101010 3.898990
0.000000 0.000000
6.203151 6.766560
0.000000 0.000000
-8.520402 9.356217
0.000000 0.000000
6.901626 12.390884
0.265533 -3.551710
0.000000 0.000000
-2.281890 3.545874
0.000000 0.000000
0.000000 0.000000
0.000000 0.000000
0.000000 0.000000
0.000000 0.000000
0.000000 0.000000
0.000000 0.000000
0.000000 0.000000
0.000000 0.000000
12.520976 4.026794
0.000000 0.000000
0.000000 0.000000
0.000000 0.000000
0.000000 0.000000
0.000000 0.000000
3.524982 -4.190007
0.000000 0.000000
0.000000 0.000000
0.000000 0.000000
-1.435141 2.294433
0.000000 0.000000
0.000000 0.000000
-14.937841 7.281806
1.484297 5.869973
0.000000 0.000000
0.000000 0.000000
-2.488004 5.812241
0.000000 0.000000
0.000000 0.000000
0.000000 0.000000
0.000000 0.000000
0.000000 0.000000
0.000000 0.000000
0.000000 0.000000
-8.561167 -1.786345
0.000000 0.000000
0.000000 0.000000
0.000000 0.000000
0.000000 0.000000
0.000000 0.000000
-2.575359 3.193367
0.000000 0.000000
0.000000 0.000000
-8.028571 14.651429
7.473579 -6.975679
0.000000 0.000000
0.000000 0.000000
0.000000 0.000000
0.000000 0.000000
5.187967 -2.219602
0.000000 0.000000
0.000000 0.000000
0.000000 0.000000
0.000000 0.000000
14.450147 15.029029
0.000000 0.000000
0.000000 0.000000
0.000000 0.000000
0.000000 0.000000
8.380769 4.787940
0.000000 0.000000
0.000000 0.000000
-0.894314 -2.658010
0.000000 0.000000
0.000000 0.000000
4.513948 9.495118
0.000000 0.000000
0.000000 0.000000
0.553048 -10.042971
0.000000 0.000000
0.000000 0.000000
0.000000 0.000000
0.000000 0.000000
0.000000 0.000000
0.000000 0.000000
0.000000 0.000000
7.322210 6.623450
0.000000 0.000000
0.000000 0.000000
0.000000 0.000000
0.000000 0.000000
0.000000 0.000000
0.000000 0.000000
0.000000 0.000000
13.471866 11.903396
0.000000 0.000000
-4.000000 10.211208
0.000000 0.000000
0.000000 0.000000
6.289208 0.599637
0.000000 0.000000
0.000000 0.000000
0.000000 0.000000
0.000000 0.000000
-10.558202 1.283775
0.000000 0.000000
0.000000 0.000000
0.000000 0.000000
0.000000 0.000000
0.000000 0.000000
0.000000 0.000000
-5.670631 5.924587
0.000000 0.000000
0.000000 0.000000
-7.705542 -0.960530
-4.712338 -5.656462
0.000000 0.000000
0.000000 0.000000
0.000000 0.000000
0.000000 0.000000
0.000000 0.000000
0.000000 0.000000
0.000000 0.000000
0.000000 0.000000
0.000000 0.000000
0.724825 9.378383
0.000000 0.000000
0.000000 0.000000
0.000000 0.000000
9.972687 5.106684
0.000000 0.000000
0.000000 0.000000
0.000000 0.000000
0.000000 0.000000
0.000000 0.000000
0.000000 0.000000
0.000000 0.000000
0.000000 0.000000
0.000000 0.000000
0.000000 0.000000
0.000000 0.000000
0.000000 0.000000
0.000000 0.000000
16.169803 -4.182490
0.000000 0.000000
0.000000 0.000000
0.000000 0.000000
0.000000 0.000000
0.000000 0.000000
9.642137 3.547350
0.000000 0.000000
0.000000 0.000000
0.000000 0.000000
0.000000 0.000000
4.302161 -11.371647
0.000000 0.000000
0.000000 0.000000
0.000000 0.000000
0.000000 0.000000
0.000000 0.000000
0.000000 0.000000
0.000000 0.000000
0.000000 0.000000
0.000000 0.000000
0.000000 0.000000
0.000000 0.000000
10.637963 3.956792
0.000000 0.000000
0.000000 0.000000
2.957386 -17.861699
0.000000 0.000000
0.000000 0.000000
-7.897839 -5.561149
0.000000 0.000000
0.000000 0.000000
0.000000 0.000000
0.000000 0.000000
0.000000 0.000000
2.714702 5.023412
3.452354 1.063558
-6.979431 2.155022
0.000000 0.000000
-12.783021 2.034944
0.000000 0.000000
0.000000 0.000000
0.000000 0.000000
0.000000 0.000000
0.000000 0.000000
0.000000 0.000000
0.000000 0.000000
-11.547754 6.966667
0.000000 0.000000
0.000000 0.000000
0.000000 0.000000
0.000000 0.000000
0.000000 0.000000
0.000000 0.000000
0.000000 0.000000
0.000000 0.000000
2.792927 -3.284824
0.000000 0.000000
0.000000 0.000000
0.000000 0.000000
0.000000 0.000000
0.000000 0.000000
0.000000 0.000000
0.000000 0.000000
0.000000 0.000000
-4.975661 -6.199050
0.000000 0.000000
8.910355 5.641905
0.000000 0.000000
0.000000 0.000000
0.000000 0.000000
0.000000 0.000000
-1.878474 1.497489
0.000000 0.000000
0.000000 0.000000
0.000000 0.000000
3.317025 -0.353536
4.979482 5.572273
0.000000 0.000000
0.000000 0.000000
-6.128310 -1.889857
0.000000 0.000000
0.000000 0.000000
0.000000 0.000000
0.000000 0.000000
3.268201 10.340376
-9.561524 0.833469
0.250015 5.541233
-10.840286 6.094229
8.504784 10.695311
0.000000 0.000000
0.000000 0.000000
0.000000 0.000000
0.000000 0.000000
0.000000 0.000000
0.000000 0.000000
0.000000 0.000000
0.000000 0.000000
0.000000 0.000000
0.000000 0.000000
0.000000 0.000000
-5.457688 10.219286
0.986350 4.101254
0.000000 0.000000
0.000000 0.000000
4.407550 -7.077102
-14.577822 8.097520
0.000000 0.000000
0.000000 0.000000
0.000000 0.000000
0.000000 0.000000
0.000000 0.000000
0.000000 0.000000
0.000000 0.000000
-5.360211 -10.392944
-3.300953 2.905119
0.000000 0.000000
0.000000 0.000000
0.000000 0.000000
9.950845 17.036711
0.000000 0.000000
0.000000 0.000000
0.000000 0.000000
2.884895 2.432296
0.000000 0.000000
0.000000 0.000000
0.000000 0.000000
0.000000 0.000000
0.000000 0.000000
0.000000 0.000000
0.000000 0.000000
12.383220 17.060521
14.517808 -5.965049
0.000000 0.000000
0.000000 0.000000
0.000000 0.000000
0.000000 0.000000
0.000000 0.000000
0.000000 0.000000
0.000000 0.000000
0.000000 0.000000
0.000000 0.000000
0.000000 0.000000
0.000000 0.000000
0.000000 0.000000
0.000000 0.000000
0.000000 0.000000
0.000000 0.000000
-1.258045 -0.965028
0.000000 0.000000
2.970862 -5.726721
-4.325525 4.072347
0.000000 0.000000
0.000000 0.000000
0.000000 0.000000
0.000000 0.000000
0.131986 -0.814125
3.506740 9.439302
0.000000 0.000000
0.000000 0.000000
0.000000 0.000000
0.000000 0.000000
5.018752 -0.833087
9.604576 1.368124
0.859656 -1.092521
0.000000 0.000000
7.535003 2.363088
0.000000 0.000000
0.000000 0.000000
0.000000 0.000000
0.000000 0.000000
0.000000 0.000000
0.000000 0.000000
1.523296 7.918293
0.000000 0.000000
0.000000 0.000000
0.000000 0.000000
10.956261 -5.136013
0.000000 0.000000
0.000000 0.000000
0.000000 0.000000
-8.231303 -6.648967
0.000000 0.000000
0.000000 0.000000
0.000000 0.000000
-9.073988 3.558324
0.000000 0.000000
0.000000 0.000000
0.000000 0.000000
0.000000 0.000000
0.000000 0.000000
0.000000 0.000000
0.000000 0.000000
0.000000 0.000000
0.000000 0.000000
0.000000 0.000000
0.000000 0.000000
0.000000 0.000000
0.000000 0.000000
0.000000 0.000000
0.000000 0.000000
0.000000 0.000000
0.000000 0.000000
0.000000 0.000000
1.828174 5.821106
0.045295 8.218878
0.000000 0.000000
-8.672345 0.212750
0.000000 0.000000
0.000000 0.000000
-7.157180 -10.787413
0.000000 0.000000
0.000000 0.000000
-9.020319 -6.539581
0.000000 0.000000
0.000000 0.000000
-2.242746 -11.204889
0.000000 0.000000
0.000000 0.000000
0.000000 0.000000
0.000000 0.000000
0.000000 0.000000
0.000000 0.000000
0.000000 0.000000
0.000000 0.000000
9.938650 -5.971321
0.000000 0.000000
0.000000 0.000000
0.033152 -5.224119
0.000000 0.000000
0.000000 0.000000
0.000000 0.000000
0.000000 0.000000
0.000000 0.000000
0.000000 0.000000
2.510822 11.693815
0.410317 -7.614594
-12.824804 4.383588
0.000000 0.000000
-0.987857 -9.003915
-2.046623 0.632378
-6.123902 -2.923909
0.000000 0.000000
0.000000 0.000000
0.000000 0.000000
0.000000 0.000000
0.000000 0.000000
7.121999 -6.188100
5.757367 -9.858246
0.000000 0.000000
0.000000 0.000000
0.000000 0.000000
-10.137830 4.465689
0.000000 0.000000
0.000000 0.000000
0.000000 0.000000
0.000000 0.000000
0.000000 0.000000
0.000000 0.000000
12.533410 -5.144173
0.000000 0.000000
0.000000 0.000000
0.000000 0.000000
5.570035 6.017735
-4.011165 7.842892
0.000000 0.000000
0.000000 0.000000
0.000000 0.000000
0.000000 0.000000
0.000000 0.000000
0.000000 0.000000
-1.314196 -13.634667
0.000000 0.000000
0.000000 0.000000
4.287549 -15.515694
0.000000 0.000000
4.542359 -5.645510
1.917174 0.877415
0.000000 0.000000
-8.165830 -5.682852
0.000000 0.000000
0.000000 0.000000
5.504698 4.230611
0.000000 0.000000
0.000000 0.000000
0.000000 0.000000
0.000000 0.000000
0.000000 0.000000
-9.737500 6.427903
0.000000 0.000000
0.000000 0.000000
0.000000 0.000000
0.000000 0.000000
0.000000 0.000000
0.000000 0.000000
0.000000 0.000000
0.000000 0.000000
0.000000 0.000000
0.000000 0.000000
0.000000 0.000000
-2.140617 9.107796
0.000000 0.000000
0.000000 0.000000
0.000000 0.000000
0.000000 0.000000
0.000000 0.000000
0.000000 0.000000
-4.838776 -7.665259
0.000000 0.000000
2.610696 4.314591
0.000000 0.000000
0.000000 0.000000
0.000000 0.000000
-9.366714 -2.184606
0.000000 0.000000
0.000000 0.000000
-2.998216 17.303530
0.000000 0.000000
0.000000 0.000000
0.000000 0.000000
0.000000 0.000000
0.000000 0.000000
0.000000 0.000000
5.146003 1.091509
0.000000 0.000000
0.000000 0.000000
0.000000 0.000000
0.000000 0.000000
0.000000 0.000000
0.000000 0.000000
-1.576443 8.834735
-7.181386 8.725315
0.000000 0.000000
-6.308592 9.513771
0.000000 0.000000
0.000000 0.000000
0.000000 0.000000
0.000000 0.000000
0.000000 0.000000
0.000000 0.000000
0.000000 0.000000
0.000000 0.000000
0.000000 0.000000
0.000000 0.000000
0.000000 0.000000
-11.453569 -15.081861
0.000000 0.000000
0.000000 0.000000
-8.119101 -6.747150
0.000000 0.000000
0.000000 0.000000
0.000000 0.000000
0.000000 0.000000
-8.376848 -9.782622
-9.367673 -5.686118
0.000000 0.000000
0.000000 0.000000
0.000000 0.000000
0.000000 0.000000
5.223747 12.821142
0.000000 0.000000
0.000000 0.000000
0.000000 0.000000
0.000000 0.000000
0.000000 0.000000
0.000000 0.000000
2.669415 -8.056384
0.000000 0.000000
-11.357676 1.650629
0.000000 0.000000
0.000000 0.000000
0.000000 0.000000
0.000000 0.000000
0.000000 0.000000
0.000000 0.000000
0.000000 0.000000
0.000000 0.000000
0.000000 0.000000
0.000000 0.000000
11.444513 -11.204328
0.000000 0.000000
0.000000 0.000000
0.000000 0.000000
0.000000 0.000000
0.000000 0.000000
0.000000 0.000000
0.000000 0.000000
0.000000 0.000000
0.000000 0.000000
0.000000 0.000000
0.000000 0.000000
6.973562 11.350175
0.000000 0.000000
0.000000 0.000000
0.000000 0.000000
0.000000 0.000000
0.000000 0.000000
0.000000 0.000000
0.000000 0.000000
0.000000 0.000000
0.000000 0.000000
0.000000 0.000000
-1.564752 -1.406726
12.387048 -2.527898
0.000000 0.000000
0.000000 0.000000
0.000000 0.000000
0.000000 0.000000
0.000000 0.000000
0.000000 0.000000
0.000000 0.000000
0.000000 0.000000
0.000000 0.000000
-0.524769 6.242453
0.000000 0.000000
0.000000 0.000000
0.000000 0.000000
0.000000 0.000000
0.000000 0.000000
0.000000 0.000000
0.000000 0.000000
2.622750 -12.437641
0.000000 0.000000
6.983358 1.036723
0.000000 0.000000
0.000000 0.000000
7.474339 -1.757807
0.000000 0.000000
0.000000 0.000000
0.000000 0.000000
0.000000 0.000000
0.000000 0.000000
0.000000 0.000000
0.000000 0.000000
-8.490289 -3.101927
0.000000 0.000000
0.000000 0.000000
0.000000 0.000000
0.000000 0.000000
0.000000 0.000000
0.000000 0.000000
6.638344 1.358748
0.000000 0.000000
0.000000 0.000000
0.000000 0.000000
0.000000 0.000000
0.000000 0.000000
9.081760 -2.807569
0.000000 0.000000
0.000000 0.000000
-10.404920 -1.863041
0.000000 0.000000
0.000000 0.000000
-3.411845 -0.401746
0.000000 0.000000
0.000000 0.000000
0.000000 0.000000
0.000000 0.000000
0.000000 0.000000
0.000000 0.000000
0.000000 0.000000
0.000000 0.000000
0.000000 0.000000
0.000000 0.000000
0.000000 0.000000
0.000000 0.000000
-5.173557 -0.212918
0.000000 0.000000
-8.547467 -1.291205
0.000000 0.000000
0.000000 0.000000
-11.134123 -8.824372
0.000000 0.000000
2.264484 1.041787
0.000000 0.000000
-5.696460 5.284968
0.000000 0.000000
0.000000 0.000000
0.000000 0.000000
4.061510 6.985006
0.000000 0.000000
2.313280 14.686205
-1.970197 11.398230
0.000000 0.000000
0.000000 0.000000
0.000000 0.000000
0.000000 0.000000
0.000000 0.000000
6.488830 -8.525053
0.000000 0.000000
0.000000 0.000000
1.392112 7.076848
0.000000 0.000000
0.000000 0.000000
6.108566 -0.093101
0.000000 0.000000
0.000000 0.000000
0.000000 0.000000
-11.863306 -0.798606
0.000000 0.000000
0.000000 0.000000
0.000000 0.000000
-0.706338 1.872441
-1.528971 7.351444
0.000000 0.000000
0.000000 0.000000
0.000000 0.000000
0.000000 0.000000
0.000000 0.000000
0.000000 0.000000
0.000000 0.000000
0.000000 0.000000
0.000000 0.000000
14.640961 -1.920418
0.000000 0.000000
0.000000 0.000000
-2.219814 3.475601
0.000000 0.000000
0.000000 0.000000
8.853297 8.937214
0.000000 0.000000
3.280818 -1.891361
0.000000 0.000000
-9.179982 -4.495793
17.648192 -8.926971
0.000000 0.000000
0.000000 0.000000
0.000000 0.000000
-1.521530 -2.074318
0.000000 0.000000
0.000000 0.000000
-8.538895 -0.086938
0.000000 0.000000
-15.657914 -5.180522
0.000000 0.000000
0.000000 0.000000
0.000000 0.000000
0.000000 0.000000
0.585514 12.518422
0.000000 0.000000
0.000000 0.000000
0.000000 0.000000
0.000000 0.000000
-0.069789 -10.596232
0.000000 0.000000
0.000000 0.000000
0.000000 0.000000
0.000000 0.000000
0.000000 0.000000
0.000000 0.000000
0.000000 0.000000
0.000000 0.000000
-8.736269 12.918234
6.369519 -3.122206
0.000000 0.000000
0.000000 0.000000
0.000000 0.000000
0.000000 0.000000
0.000000 0.000000
0.000000 0.000000
-7.260928 -7.721605
7.398286 -6.711553
0.000000 0.000000
0.000000 0.000000
0.000000 0.000000
0.000000 0.000000
0.000000 0.000000
0.000000 0.000000
-3.347421 -0.220394
0.000000 0.000000
5.659487 2.280277
0.000000 0.000000
0.000000 0.000000
0.000000 0.000000
0.000000 0.000000
0.000000 0.000000
0.000000 0.000000
0.000000 0.000000
-2.353618 6.470533
0.000000 0.000000
3.409948 0.398371
0.000000 0.000000
0.000000 0.000000
0.000000 0.000000
-4.180848 11.312796
0.000000 0.000000
0.000000 0.000000
0.000000 0.000000
6.110324 9.980563
-1.356491 -0.478856
0.000000 0.000000
1.492710 -11.815406
2.373592 6.238493
0.000000 0.000000
0.000000 0.000000
0.000000 0.000000
0.000000 0.000000
0.000000 0.000000
0.000000 0.000000
7.798312 -5.191081
0.000000 0.000000
0.000000 0.000000
0.000000 0.000000
0.000000 0.000000
0.000000 0.000000
0.000000 0.000000
0.000000 0.000000
-6.141764 -4.609902
0.000000 0.000000
-7.189474 16.440720
0.000000 0.000000
0.000000 0.000000
0.000000 0.000000
0.000000 0.000000
0.000000 0.000000
0.000000 0.000000
0.000000 0.000000
0.000000 0.000000
0.000000 0.000000
0.000000 0.000000
0.000000 0.000000
0.000000 0.000000
0.000000 0.000000
0.000000 0.000000
0.000000 0.000000
0.000000 0.000000
-11.606330 11.097506
0.000000 0.000000
0.000000 0.000000
-0.989683 4.736031
10.996991 -5.989186
0.000000 0.000000
0.000000 0.000000
0.000000 0.000000
0.000000 0.000000
0.000000 0.000000
0.000000 0.000000
1.392587 -15.275659
0.000000 0.000000
0.000000 0.000000
0.000000 0.000000
0.000000 0.000000
0.000000 0.000000
0.000000 0.000000
0.000000 0.000000
0.000000 0.000000
0.000000 0.000000
0.000000 0.000000
0.000000 0.000000
0.000000 0.000000
2.735574 0.208092
0.000000 0.000000
0.000000 0.000000
0.000000 0.000000
0.000000 0.000000
0.000000 0.000000
0.000000 0.000000
0.000000 0.000000
0.000000 0.000000
0.000000 0.000000
0.000000 0.000000
0.000000 0.000000
0.000000 0.000000
0.000000 0.000000
0.000000 0.000000
0.000000 0.000000
0.000000 0.000000
0.000000 0.000000
0.000000 0.000000
0.000000 0.000000
0.000000 0.000000
0.000000 0.000000
0.000000 0.000000
0.000000 0.000000
1.591340 -1.458235
0.000000 0.000000
0.000000 0.000000
0.000000 0.000000
4.671547 12.666800
2.451528 -0.322105
0.000000 0.000000
0.000000 0.000000
0.000000 0.000000
0.000000 0.000000
0.000000 0.000000
0.000000 0.000000
11.710063 -7.417855
0.000000 0.000000
0.000000 0.000000
0.000000 0.000000
6.031717 -1.395474
0.000000 0.000000
0.000000 0.000000
0.000000 0.000000
0.000000 0.000000
0.000000 0.000000
0.000000 0.000000
0.000000 0.000000
0.000000 0.000000
0.000000 0.000000
0.000000 0.000000
0.000000 0.000000
0.000000 0.000000
0.000000 0.000000
-1.559032 11.190983
0.000000 0.000000
0.000000 0.000000
0.000000 0.000000
0.000000 0.000000
0.000000 0.000000
0.000000 0.000000
-11.758438 -6.547742
0.000000 0.000000
0.000000 0.000000
0.000000 0.000000
0.000000 0.000000
0.000000 0.000000
0.000000 0.000000
6.614149 -10.315191
0.000000 0.000000
0.000000 0.000000
0.000000 0.000000
0.000000 0.000000
0.000000 0.000000
0.000000 0.000000
0.000000 0.000000
0.000000 0.000000
0.000000 0.000000
-6.001240 -8.136560
4.885629 1.676632
-2.200686 8.044959
0.000000 0.000000
0.000000 0.000000
0.000000 0.000000
0.000000 0.000000
0.000000 0.000000
0.000000 0.000000
-11.317510 8.547438
0.000000 0.000000
0.000000 0.000000
0.000000 0.000000
0.000000 0.000000
0.000000 0.000000
0.000000 0.000000
0.000000 0.000000
0.000000 0.000000
0.000000 0.000000
0.000000 0.000000
0.000000 0.000000
0.000000 0.000000
0.000000 0.000000
0.000000 0.000000
0.000000 0.000000
0.000000 0.000000
0.000000 0.000000
0.000000 0.000000
0.000000 0.000000
6.211711 -15.856978
0.000000 0.000000
0.000000 0.000000
0.000000 0.000000
0.000000 0.000000
0.000000 0.000000
0.000000 0.000000
-1.102776 12.939493
0.000000 0.000000
0.000000 0.000000
2.702083 10.624800
0.000000 0.000000
0.000000 0.000000
0.000000 0.000000
0.000000 0.000000
0.000000 0.000000
0.000000 0.000000
0.000000 0.000000
0.000000 0.000000
0.000000 0.000000
0.000000 0.000000
0.000000 0.000000
0.000000 0.000000
0.000000 0.000000
0.000000 0.000000
0.000000 0.000000
0.000000 0.000000
-0.139111 -6.749222
0.000000 0.000000
0.000000 0.000000
0.000000 0.000000
0.000000 0.000000
14.845286 14.059832
0.000000 0.000000
0.000000 0.000000
0.000000 0.000000
0.000000 0.000000
-10.747173 1.233764
0.000000 0.000000
0.000000 0.000000
0.000000 0.000000
0.000000 0.000000
0.000000 0.000000
0.000000 0.000000
0.000000 0.000000
0.000000 0.000000
0.000000 0.000000
0.000000 0.000000
0.000000 0.000000
-2.407144 0.193170
0.000000 0.000000
-10.771646 -1.206436
0.000000 0.000000
0.000000 0.000000
2.184605 10.966988
0.000000 0.000000
0.000000 0.000000
-4.556394 13.031727
0.000000 0.000000
0.000000 0.000000
0.000000 0.000000
0.000000 0.000000
0.000000 0.000000
-4.519239 -1.970644
0.000000 0.000000
0.000000 0.000000
0.000000 0.000000
0.000000 0.000000
6.946850 1.532405
0.000000 0.000000
-11.365943 4.871461
0.000000 0.000000
0.000000 0.000000
0.000000 0.000000
0.000000 0.000000
0.000000 0.000000
0.000000 0.000000
0.000000 0.000000
0.000000 0.000000
0.000000 0.000000
0.000000 0.000000
0.000000 0.000000
0.000000 0.000000
0.000000 0.000000
0.000000 0.000000
0.000000 0.000000
0.000000 0.000000
0.000000 0.000000
0.000000 0.000000
0.000000 0.000000
0.000000 0.000000
0.000000 0.000000
13.431791 -4.189109
-4.048544 -9.003658
0.000000 0.000000
-9.529546 -2.815025
0.000000 0.000000
0.000000 0.000000
-10.652936 -5.923918
0.000000 0.000000
0.000000 0.000000
0.000000 0.000000
0.000000 0.000000
0.000000 0.000000
-4.275079 12.146031
0.000000 0.000000
0.000000 0.000000
0.000000 0.000000
-2.883721 2.166236
0.000000 0.000000
0.000000 0.000000
0.000000 0.000000
0.000000 0.000000
0.000000 0.000000
0.000000 0.000000
0.000000 0.000000
0.000000 0.000000
0.000000 0.000000
8.707500 1.612737
0.000000 0.000000
0.000000 0.000000
0.000000 0.000000
-1.594594 9.283468
0.000000 0.000000
0.000000 0.000000
3.397148 3.889085
6.421552 -4.542687
0.000000 0.000000
0.000000 0.000000
0.000000 0.000000
0.000000 0.000000
-6.983458 -7.439013
0.000000 0.000000
0.000000 0.000000
0.000000 0.000000
0.000000 0.000000
0.000000 0.000000
0.000000 0.000000
0.000000 0.000000
0.000000 0.000000
0.000000 0.000000
15.736581 -6.516419
2.212582 -15.769741
-2.319012 6.639343
10.318907 2.066359
0.000000 0.000000
0.000000 0.000000
0.000000 0.000000
0.000000 0.000000
0.000000 0.000000
0.000000 0.000000
0.000000 0.000000
0.000000 0.000000
-3.459641 -8.260817
0.000000 0.000000
0.000000 0.000000
0.000000 0.000000
0.000000 0.000000
0.000000 0.000000
5.112878 13.629321
0.000000 0.000000
0.000000 0.000000
0.000000 0.000000
0.000000 0.000000
0.000000 0.000000
0.789103 2.252911
0.984945 10.858582
0.000000 0.000000
0.000000 0.000000
0.000000 0.000000
0.000000 0.000000
6.587422 -9.486399
0.000000 0.000000
0.000000 0.000000
0.000000 0.000000
0.000000 0.000000
-5.114539 4.321605
0.000000 0.000000
0.000000 0.000000
6.566569 -5.663498
0.000000 0.000000
-9.298434 -11.397224
0.877366 3.127869
0.000000 0.000000
0.000000 0.000000
0.000000 0.000000
0.000000 0.000000
0.000000 0.000000
0.000000 0.000000
0.000000 0.000000
0.000000 0.000000
0.000000 0.000000
0.000000 0.000000
0.000000 0.000000
0.000000 0.000000
0.000000 0.000000
0.000000 0.000000
0.000000 0.000000
-11.401803 2.515604
0.000000 0.000000
0.000000 0.000000
0.000000 0.000000
7.077227 7.943674
0.000000 0.000000
0.000000 0.000000
0.000000 0.000000
0.000000 0.000000
-0.543259 11.566941
0.000000 0.000000
0.000000 0.000000
0.000000 0.000000
0.000000 0.000000
0.000000 0.000000
0.000000 0.000000
-0.409206 11.738939
0.000000 0.000000
0.000000 0.000000
0.000000 0.000000
0.000000 0.000000
0.000000 0.000000
0.000000 0.000000
0.000000 0.000000
0.000000 0.000000
-7.612761 -10.224334
0.000000 0.000000
0.000000 0.000000
0.000000 0.000000
0.000000 0.000000
0.000000 0.000000
0.000000 0.000000
0.000000 0.000000
0.000000 0.000000
0.000000 0.000000
0.000000 0.000000
0.000000 0.000000
0.000000 0.000000
0.000000 0.000000
0.000000 0.000000
0.000000 0.000000
0.000000 0.000000
0.000000 0.000000
0.000000 0.000000
0.000000 0.000000
0.000000 0.000000
0.000000 0.000000
0.000000 0.000000
-5.591546 4.849704
3.153771 7.343851
5.481026 7.347136
-9.233863 -6.308425
0.000000 0.000000
0.000000 0.000000
1.925518 0.523586
0.000000 0.000000
0.000000 0.000000
0.000000 0.000000
0.000000 0.000000
0.000000 0.000000
0.000000 0.000000
0.000000 0.000000
-15.213684 7.535901
0.000000 0.000000
0.000000 0.000000
0.000000 0.000000
-7.998616 -8.685125
0.000000 0.000000
0.000000 0.000000
0.000000 0.000000
-3.374285 -2.400957
0.000000 0.000000
0.000000 0.000000
-2.270687 -4.177423
0.000000 0.000000
0.000000 0.000000
0.000000 0.000000
6.809751 10.175518
5.715936 15.122136
0.000000 0.000000
-1.911712 8.988195
0.000000 0.000000
0.000000 0.000000
-0.368545 3.050370
0.000000 0.000000
-0.282230 -4.350035
0.000000 0.000000
0.000000 0.000000
0.000000 0.000000
0.000000 0.000000
0.000000 0.000000
0.000000 0.000000
0.000000 0.000000
0.000000 0.000000
0.000000 0.000000
0.000000 0.000000
0.000000 0.000000
0.000000 0.000000
0.000000 0.000000
0.000000 0.000000
0.000000 0.000000
0.000000 0.000000
0.000000 0.000000
0.000000 0.000000
0.000000 0.000000
0.000000 0.000000
0.000000 0.000000
0.000000 0.000000
0.000000 0.000000
0.000000 0.000000
0.000000 0.000000
0.000000 0.000000
0.000000 0.000000
0.000000 0.000000
0.000000 0.000000
0.000000 0.000000
0.000000 0.000000
-7.074321 -7.173472
0.000000 0.000000
0.000000 0.000000
-5.966497 3.000844
0.000000 0.000000
-17.471445 6.927471
0.000000 0.000000
0.000000 0.000000
0.000000 0.000000
11.068806 7.708404
-3.211453 -8.105258
0.000000 0.000000
0.000000 0.000000
0.000000 0.000000
-7.167851 1.133111
4.372267 -1.529256
0.000000 0.000000
0.000000 0.000000
0.000000 0.000000
0.000000 0.000000
0.000000 0.000000
0.000000 0.000000
0.000000 0.000000
0.000000 0.000000
0.000000 0.000000
0.000000 0.000000
5.442108 1.899565
0.000000 0.000000
0.000000 0.000000
0.000000 0.000000
0.000000 0.000000
1.562396 4.540647
-3.447248 -16.844495
-0.107173 11.620644
0.000000 0.000000
0.000000 0.000000
0.000000 0.000000
0.000000 0.000000
0.000000 0.000000
0.000000 0.000000
-11.442077 -7.356878
-2.103869 15.664434
0.000000 0.000000
0.000000 0.000000
0.000000 0.000000
0.000000 0.000000
0.000000 0.000000
0.000000 0.000000
0.000000 0.000000
-14.298300 -13.776266
0.000000 0.000000
-4.452209 -14.119193
-3.835103 2.381281
0.000000 0.000000
0.000000 0.000000
0.000000 0.000000
0.000000 0.000000
0.000000 0.000000
0.000000 0.000000
0.000000 0.000000
0.000000 0.000000
0.000000 0.000000
0.000000 0.000000
0.000000 0.000000
0.000000 0.000000
0.000000 0.000000
8.319399 -3.796201
0.000000 0.000000
0.000000 0.000000
0.000000 0.000000
-2.027867 7.593225
0.000000 0.000000
0.000000 0.000000
0.000000 0.000000
0.000000 0.000000
0.000000 0.000000
4.447947 10.721749
0.000000 0.000000
0.000000 0.000000
-4.691776 -7.110736
0.000000 0.000000
0.000000 0.000000
0.000000 0.000000
0.000000 0.000000
3.001008 2.889028
0.000000 0.000000
0.000000 0.000000
14.545057 3.440791
0.000000 0.000000
0.000000 0.000000
-1.614036 -3.221034
0.000000 0.000000
0.000000 0.000000
0.000000 0.000000
-0.980773 -9.576657
2.866771 -12.281508
0.000000 0.000000
-8.336422 -5.594113
10.424659 16.231767
0.000000 0.000000
6.800204 -6.197325
0.641506 -2.701124
0.000000 0.000000
0.000000 0.000000
0.000000 0.000000
0.000000 0.000000
0.000000 0.000000
0.000000 0.000000
0.000000 0.000000
0.000000 0.000000
1.332623 9.755889
0.000000 0.000000
4.697745 -6.262844
0.000000 0.000000
0.000000 0.000000
0.000000 0.000000
0.000000 0.000000
0.000000 0.000000
0.000000 0.000000
0.000000 0.000000
0.000000 0.000000
0.000000 0.000000
0.000000 0.000000
0.000000 0.000000
0.000000 0.000000
0.000000 0.000000
0.000000 0.000000
0.000000 0.000000
0.000000 0.000000
0.000000 0.000000
0.000000 0.000000
7.511626 2.671446
5.122634 5.723309
7.307856 10.604644
0.000000 0.000000
0.000000 0.000000
0.000000 0.000000
0.000000 0.000000
0.000000 0.000000
0.000000 0.000000
0.000000 0.000000
0.000000 0.000000
0.000000 0.000000
0.000000 0.000000
-3.599989 -5.089803
0.000000 0.000000
0.000000 0.000000
0.000000 0.000000
0.000000 0.000000
12.471765 13.684514
0.000000 0.000000
2.269244 -9.977036
0.000000 0.000000
0.000000 0.000000
0.000000 0.000000
0.000000 0.000000
8.263433 -2.393758
0.000000 0.000000
3.541933 16.561605
0.000000 0.000000
0.000000 0.000000
0.000000 0.000000
0.000000 0.000000
0.000000 0.000000
0.000000 0.000000
0.000000 0.000000
0.000000 0.000000
10.271661 -3.621355
2.298507 5.164179
0.000000 0.000000
0.000000 0.000000
-0.000000 -15.777778
0.000000 0.000000
-1.428571 1.285714
0.000000 0.000000
-4.679901 10.258065
0.000000 0.000000
11.009901 -4.640264
0.000000 0.000000
0.000000 0.000000
-3.823529 5.764706
0.000000 0.000000
4.473684 -4.105263
0.000000 0.000000
0.327970 5.735149
0.000000 0.000000
0.000000 0.000000
0.000000 0.000000
0.000000 0.000000
-8.731707 -0.780488
13.315021 9.289270
0.000000 0.000000
0.000000 0.000000
0.000000 0.000000
0.000000 0.000000
0.000000 0.000000
0.000000 0.000000
0.000000 0.000000
0.000000 0.000000
0.000000 0.000000
0.000000 0.000000
0.000000 0.000000
0.000000 0.000000
0.000000 0.000000
0.000000 0.000000
0.000000 0.000000
0.000000 0.000000
-7.000000 -13.142857
0.000000 0.000000
0.000000 0.000000
0.000000 0.000000
7.106195 13.637168
5.681818 4.659091
0.000000 0.000000
0.000000 0.000000
0.000000 0.000000
0.000000 0.000000
0.000000 0.000000
0.000000 0.000000
0.000000 0.000000
0.000000 0.000000
0.000000 0.000000
0.000000 0.000000
0.000000 0.000000
-9.859206 6.061372
0.000000 0.000000
-8.684211 6.438596
0.000000 0.000000
0.000000 0.000000
0.000000 0.000000
0.000000 0.000000
0.000000 0.000000
0.000000 0.000000
0.000000 0.000000
0.000000 0.000000
0.000000 0.000000
-0.470405 -11.302181
0.000000 0.000000
-12.207843 11.160784
0.000000 0.000000
0.000000 0.000000
-1.918919 -3.648649
0.000000 0.000000
0.000000 0.000000
0.000000 0.000000
0.000000 0.000000
0.000000 0.000000
0.000000 0.000000
0.000000 0.000000
0.000000 0.000000
0.000000 0.000000
0.000000 0.000000
-1.547170 4.320755
0.000000 0.000000
17.146751 17.945493
0.000000 0.000000
6.929825 -4.245614
0.000000 0.000000
0.000000 0.000000
12.333333 2.000000
0.000000 0.000000
-7.178174 1.708241
0.000000 0.000000
-3.666667 5.000000
0.000000 0.000000
0.000000 0.000000
0.000000 0.000000
0.000000 0.000000
7.132075 6.867925
0.000000 0.000000
0.000000 0.000000
14.725000 12.987500
0.000000 0.000000
-9.033113 -1.392936
0.000000 0.000000
0.000000 0.000000
-7.183133 11.069880
0.000000 0.000000
-2.750000 8.916667
0.000000 0.000000
6.000000 5.600000
0.000000 0.000000
0.000000 0.000000
-2.747088 6.628952
0.000000 0.000000
0.000000 0.000000
0.000000 0.000000
0.000000 0.000000
0.000000 0.000000
0.000000 0.000000
0.000000 0.000000
0.000000 0.000000
0.000000 0.000000
10.732181 -4.285097
0.000000 0.000000
0.000000 0.000000
0.000000 0.000000
-5.665354 8.641732
0.000000 0.000000
0.000000 0.000000
0.000000 0.000000
0.000000 0.000000
0.000000 0.000000
0.000000 0.000000
0.000000 0.000000
-6.937500 -6.071429
14.048780 -2.804878
-10.960000 9.440000
0.000000 0.000000
1.120690 1.568966
0.000000 0.000000
0.000000 0.000000
0.000000 0.000000
0.000000 0.000000
0.000000 0.000000
0.000000 0.000000
-1.508475 -13.203390
0.000000 0.000000
0.000000 0.000000
0.000000 0.000000
-4.212443 0.471927
0.000000 0.000000
0.000000 0.000000
0.000000 0.000000
0.000000 0.000000
0.000000 0.000000
0.000000 0.000000
0.000000 0.000000
0.000000 0.000000
0.000000 0.000000
0.000000 0.000000
0.000000 0.000000
0.000000 0.000000
-3.500000 -0.500000
0.000000 0.000000
0.000000 0.000000
0.000000 0.000000
-4.045977 -4.701149
0.000000 0.000000
0.000000 0.000000
0.000000 0.000000
0.000000 0.000000
0.000000 0.000000
-6.579310 4.434483
0.000000 0.000000
0.000000 0.000000
0.000000 0.000000
0.000000 0.000000
0.000000 0.000000
0.000000 0.000000
0.000000 0.000000
0.000000 0.000000
0.000000 0.000000
0.000000 0.000000
0.000000 0.000000
4.925806 7.341935
0.000000 0.000000
-6.829787 -0.680851
0.000000 0.000000
0.000000 0.000000
0.000000 0.000000
0.000000 0.000000
0.000000 0.000000
0.000000 0.000000
0.000000 0.000000
-6.000000 4.000000
4.779886 3.056926
-6.691089 -7.261386
-9.428571 1.142857
-2.138462 -3.531624
0.000000 0.000000
0.000000 0.000000
0.000000 0.000000
0.000000 0.000000
0.000000 0.000000
0.000000 0.000000
0.000000 0.000000
5.915194 -1.946996
0.000000 0.000000
0.000000 0.000000
0.000000 0.000000
0.000000 0.000000
0.000000 0.000000
0.000000 0.000000
12.470588 0.294118
0.000000 0.000000
0.000000 0.000000
0.000000 0.000000
0.000000 0.000000
0.000000 0.000000
0.000000 0.000000
0.000000 0.000000
0.000000 0.000000
10.882353 0.019608
0.000000 0.000000
-7.104072 -1.253394
0.000000 0.000000
0.000000 0.000000
-1.857645 -1.318102
0.000000 0.000000
0.000000 0.000000
0.000000 0.000000
0.000000 0.000000
0.000000 0.000000
0.000000 0.000000
0.000000 0.000000
0.000000 0.000000
0.000000 0.000000
6.103211 -9.231651
0.000000 0.000000
0.000000 0.000000
0.000000 0.000000
0.000000 0.000000
-4.708571 8.685714
0.000000 0.000000
0.000000 -9.200000
0.000000 0.000000
0.000000 0.000000
0.000000 0.000000
0.000000 0.000000
0.000000 0.000000
-8.525817 1.598525
0.000000 0.000000
1.611052 9.702444
0.000000 0.000000
0.000000 0.000000
0.000000 0.000000
0.000000 0.000000
0.000000 0.000000
0.000000 0.000000
0.000000 0.000000
3.589413 -7.424893
0.000000 0.000000
-3.954327 8.762019
0.000000 0.000000
0.000000 0.000000
0.000000 0.000000
0.000000 0.000000
0.000000 0.000000
0.000000 0.000000
-6.560000 0.840000
2.626168 -6.738318
0.000000 0.000000
0.000000 0.000000
0.000000 0.000000
0.000000 0.000000
0.000000 0.000000
0.000000 0.000000
0.000000 0.000000
0.000000 0.000000
0.000000 0.000000
0.000000 0.000000
0.000000 0.000000
0.000000 0.000000
0.000000 0.000000
0.000000 0.000000
6.964912 5.947368
12.194570 -2.180995
0.000000 0.000000
0.000000 0.000000
0.000000 0.000000
7.562500 -5.791667
0.000000 0.000000
0.000000 0.000000
0.000000 0.000000
8.420118 9.674556
0.000000 0.000000
0.000000 0.000000
0.000000 0.000000
0.000000 0.000000
0.000000 0.000000
0.000000 0.000000
-1.657388 16.109208
0.000000 0.000000
0.000000 0.000000
0.000000 0.000000
0.000000 0.000000
0.000000 0.000000
0.000000 0.000000
0.000000 0.000000
0.000000 0.000000
0.000000 0.000000
-7.785714 -6.214286
0.000000 0.000000
0.000000 0.000000
-2.214286 -1.607143
9.572277 -1.782178
0.000000 0.000000
0.000000 0.000000
0.000000 0.000000
0.000000 0.000000
0.000000 0.000000
0.000000 0.000000
0.000000 0.000000
0.000000 0.000000
0.000000 0.000000
-1.157025 4.446281
0.000000 0.000000
0.000000 0.000000
0.000000 0.000000
0.000000 0.000000
0.000000 0.000000
0.000000 0.000000
0.000000 0.000000
0.000000 0.000000
0.000000 0.000000
0.000000 0.000000
0.000000 0.000000
0.000000 0.000000
9.448276 8.172414
0.000000 0.000000
0.000000 0.000000
0.000000 0.000000
0.000000 0.000000
0.000000 0.000000
0.000000 0.000000
9.819923 -8.854406
0.000000 0.000000
3.798030 6.083744
0.000000 0.000000
0.000000 0.000000
0.000000 0.000000
0.000000 0.000000
-1.125945 -8.944584
0.000000 0.000000
0.000000 0.000000
1.228571 -4.000000
5.000000 11.000000
8.560000 -6.024000
0.000000 0.000000
-9.304348 5.000000
0.000000 0.000000
0.000000 0.000000
0.000000 0.000000
-4.020548 3.746575
0.000000 0.000000
0.000000 0.000000
0.000000 0.000000
0.000000 0.000000
0.000000 0.000000
0.000000 0.000000
0.000000 0.000000
0.000000 0.000000
0.000000 0.000000
3.085106 0.978723
0.000000 0.000000
0.000000 0.000000
0.000000 0.000000
0.000000 0.000000
0.000000 0.000000
0.000000 0.000000
0.000000 0.000000
0.000000 0.000000
2.240143 1.502987
-3.330827 -2.939850
0.000000 0.000000
0.000000 0.000000
0.000000 0.000000
0.000000 0.000000
-10.941935 -8.780645
-0.484305 7.865471
0.000000 0.000000
0.513274 -5.327434
-9.130435 6.173913
-2.232558 7.023256
0.000000 0.000000
0.000000 0.000000
-7.964706 0.294118
11.202454 -17.515337
0.000000 0.000000
7.245856 7.541436
0.000000 0.000000
0.000000 0.000000
0.000000 0.000000
0.000000 0.000000
0.000000 0.000000
14.672131 5.196721
-11.738318 0.841121
0.000000 0.000000
0.000000 0.000000
0.000000 0.000000
0.000000 0.000000
0.000000 0.000000
0.000000 0.000000
0.000000 0.000000
0.000000 0.000000
1.983317 -12.497547
0.000000 0.000000
0.000000 0.000000
0.000000 0.000000
1.409396 -2.966443
0.000000 0.000000
0.000000 0.000000
0.000000 0.000000
0.000000 0.000000
0.000000 0.000000
0.000000 0.000000
0.000000 0.000000
0.000000 0.000000
0.000000 0.000000
0.000000 0.000000
0.000000 0.000000
0.000000 0.000000
0.000000 0.000000
0.000000 0.000000
2.321429 -3.321429
0.000000 0.000000
0.000000 0.000000
0.000000 0.000000
0.000000 0.000000
0.000000 0.000000
-5.415929 1.828319
0.000000 0.000000
8.027027 -7.405405
0.000000 0.000000
-1.172414 6.275862
2.045455 11.840909
-5.432558 -8.158140
0.000000 0.000000
0.000000 0.000000
0.000000 0.000000
0.000000 0.000000
0.000000 0.000000
0.000000 0.000000
0.000000 0.000000
0.000000 0.000000
0.000000 0.000000
0.000000 0.000000
0.000000 0.000000
0.000000 0.000000
-3.035928 -6.952096
0.000000 0.000000
0.000000 0.000000
0.000000 0.000000
0.000000 0.000000
0.000000 0.000000
0.000000 0.000000
0.000000 0.000000
11.427562 7.275618
0.000000 0.000000
13.553719 16.847107
0.000000 0.000000
-9.571429 3.571429
0.000000 0.000000
0.000000 0.000000
0.000000 0.000000
0.000000 0.000000
0.000000 0.000000
0.000000 0.000000
3.928571 3.530220
7.018018 -11.972973
-4.692308 6.974359
0.000000 0.000000
0.000000 0.000000
0.000000 0.000000
0.000000 0.000000
0.000000 0.000000
0.000000 0.000000
0.000000 0.000000
0.000000 0.000000
0.000000 0.000000
-6.315789 6.526316
0.000000 0.000000
-7.232000 -0.624000
0.000000 0.000000
5.350877 3.789474
0.000000 0.000000
0.000000 0.000000
0.000000 0.000000
10.108911 -1.683168
16.157895 18.789474
0.000000 0.000000
0.000000 0.000000
0.000000 0.000000
0.000000 0.000000
0.000000 0.000000
0.000000 0.000000
0.000000 0.000000
0.000000 0.000000
0.000000 0.000000
0.000000 0.000000
0.000000 0.000000
0.000000 0.000000
0.000000 0.000000
0.000000 0.000000
0.000000 0.000000
0.000000 0.000000
0.000000 0.000000
-0.625000 -0.937500
0.000000 0.000000
-8.022989 10.816092
6.550459 2.412844
0.000000 0.000000
0.000000 0.000000
0.000000 0.000000
0.000000 0.000000
0.000000 0.000000
0.000000 0.000000
0.000000 0.000000
0.000000 0.000000
0.000000 0.000000
-8.447205 -15.248447
0.000000 0.000000
0.000000 0.000000
0.000000 0.000000
17.000000 4.000000
0.000000 0.000000
0.000000 0.000000
0.000000 0.000000
2.268293 -12.512195
-3.379195 -15.067114
0.000000 0.000000
0.000000 0.000000
0.000000 0.000000
0.000000 0.000000
0.000000 0.000000
0.000000 0.000000
0.000000 0.000000
0.000000 0.000000
0.000000 0.000000
0.000000 0.000000
0.000000 0.000000
0.000000 0.000000
-1.298246 0.956140
0.000000 0.000000
0.000000 0.000000
0.000000 0.000000
9.612903 -10.290323
0.000000 0.000000
-0.706977 -8.558140
0.000000 0.000000
0.000000 0.000000
0.000000 0.000000
0.000000 0.000000
0.000000 0.000000
0.000000 0.000000
-5.188060 2.304478
-1.234727 -5.138264
0.000000 0.000000
0.000000 0.000000
0.000000 0.000000
0.000000 0.000000
-17.709677 -2.322581
-7.670330 3.824176
0.000000 0.000000
0.000000 0.000000
8.874126 -0.559441
0.000000 0.000000
-3.305910 5.725377
0.000000 0.000000
0.000000 0.000000
3.059322 3.923729
0.000000 0.000000
0.000000 0.000000
0.000000 0.000000
8.797799 7.671252
-0.828283 8.151515
0.000000 0.000000
0.000000 0.000000
4.827586 3.724138
0.000000 0.000000
0.000000 0.000000
0.000000 0.000000
0.000000 0.000000
0.000000 0.000000
-2.670886 -5.481013
-14.884228 -10.974832
0.000000 0.000000
0.000000 0.000000
0.000000 0.000000
0.000000 0.000000
7.137255 -1.235294
6.138539 0.688497
0.000000 0.000000
0.000000 0.000000
-3.320000 4.000000
0.000000 0.000000
0.000000 0.000000
0.000000 0.000000
0.000000 0.000000
0.000000 0.000000
0.000000 0.000000
0.000000 0.000000
-1.572414 2.206897
0.000000 0.000000
0.000000 0.000000
5.660377 8.981132
-14.722628 -4.102190
0.000000 0.000000
0.000000 0.000000
-14.111111 -7.611111
0.000000 0.000000
0.000000 0.000000
0.000000 0.000000
0.000000 0.000000
0.000000 0.000000
0.000000 0.000000
0.000000 0.000000
0.000000 0.000000
0.000000 0.000000
0.000000 0.000000
0.000000 0.000000
0.000000 0.000000
0.000000 0.000000
0.000000 0.000000
0.000000 0.000000
0.000000 0.000000
12.981818 -8.460606
0.000000 0.000000
1.285714 2.714286
0.000000 0.000000
0.000000 0.000000
0.000000 0.000000
0.000000 0.000000
0.000000 0.000000
0.000000 0.000000
0.000000 0.000000
0.000000 0.000000
0.000000 0.000000
0.000000 0.000000
0.000000 0.000000
2.442623 1.349727
0.000000 0.000000
0.000000 0.000000
0.000000 0.000000
0.000000 0.000000
0.910112 1.112360
1.938356 8.445205
0.000000 0.000000
0.000000 0.000000
0.000000 0.000000
0.000000 0.000000
0.000000 0.000000
0.000000 0.000000
0.000000 0.000000
0.000000 0.000000
15.373494 12.493976
0.000000 0.000000
0.000000 0.000000
0.000000 0.000000
0.000000 0.000000
0.000000 0.000000
0.000000 0.000000
0.446043 1.899281
-9.017717 -5.671260
0.000000 0.000000
0.000000 0.000000
0.000000 0.000000
0.000000 0.000000
-2.997468 1.156962
0.000000 0.000000
-5.810316 0.352745
0.000000 0.000000
3.798387 2.435484
0.000000 0.000000
0.000000 0.000000
0.000000 0.000000
-10.425197 -4.496063
0.000000 0.000000
0.000000 0.000000
13.437722 2.238434
0.000000 0.000000
0.000000 0.000000
0.000000 0.000000
0.000000 0.000000
0.000000 0.000000
0.000000 0.000000
12.809917 4.008264
-0.035714 -5.760714
0.000000 0.000000
0.000000 0.000000
0.000000 0.000000
0.000000 0.000000
15.624595 4.644013
0.000000 0.000000
-9.483871 4.064516
0.000000 0.000000
0.000000 0.000000
0.000000 0.000000
0.000000 0.000000
0.000000 0.000000
0.000000 0.000000
0.000000 0.000000
0.000000 0.000000
0.000000 0.000000
0.000000 0.000000
0.000000 0.000000
0.000000 0.000000
-18.222222 3.777778
12.158879 -1.635514
0.000000 0.000000
0.000000 0.000000
0.000000 9.857143
0.000000 0.000000
0.000000 0.000000
0.000000 0.000000
0.000000 0.000000
0.000000 0.000000
0.000000 0.000000
0.000000 0.000000
0.000000 0.000000
0.000000 0.000000
0.000000 0.000000
0.000000 0.000000
0.000000 0.000000
0.000000 0.000000
0.000000 0.000000
0.000000 0.000000
0.000000 0.000000
0.000000 0.000000
0.000000 0.000000
5.812207 -10.981221
0.000000 0.000000
0.000000 0.000000
0.000000 0.000000
0.000000 0.000000
0.000000 0.000000
0.000000 0.000000
-7.894737 -10.935223
-10.798722 -7.980831
0.000000 0.000000
0.000000 0.000000
0.000000 0.000000
-12.206897 8.206897
0.000000 0.000000
0.000000 0.000000
0.000000 0.000000
14.354839 -1.784946
0.000000 0.000000
0.000000 0.000000
0.000000 0.000000
0.000000 0.000000
0.000000 0.000000
0.000000 0.000000
0.000000 0.000000
0.000000 0.000000
0.000000 0.000000
0.000000 0.000000
-4.331725 15.753920
0.000000 0.000000
0.000000 0.000000
0.000000 0.000000
0.000000 0.000000
0.000000 0.000000
0.000000 0.000000
0.000000 0.000000
0.000000 0.000000
0.000000 0.000000
0.000000 0.000000
-8.551095 -10.321168
0.000000 0.000000
0.000000 0.000000
0.000000 0.000000
0.000000 0.000000
0.000000 0.000000
0.000000 0.000000
0.000000 0.000000
0.000000 0.000000
0.000000 0.000000
0.000000 0.000000
0.000000 0.000000
0.000000 0.000000
0.000000 0.000000
2.878378 -5.045045
-6.705882 -3.561086
0.000000 0.000000
0.000000 0.000000
0.000000 0.000000
0.000000 0.000000
0.000000 0.000000
0.000000 0.000000
0.000000 0.000000
0.000000 0.000000
0.000000 0.000000
0.000000 0.000000
0.000000 0.000000
0.000000 0.000000
0.000000 0.000000
0.000000 0.000000
0.000000 0.000000
0.000000 0.000000
0.000000 0.000000
0.000000 0.000000
0.000000 0.000000
0.000000 0.000000
-17.014706 -10.308824
8.983871 11.458065
2.628571 2.306122
0.000000 0.000000
0.000000 0.000000
0.000000 0.000000
0.000000 0.000000
0.000000 0.000000
0.000000 0.000000
0.000000 0.000000
0.000000 0.000000
-3.212121 -5.818182
0.000000 0.000000
-14.076923 -8.307692
0.000000 0.000000
0.000000 0.000000
0.000000 0.000000
0.000000 0.000000
0.000000 0.000000
6.014706 1.823529
0.000000 0.000000
0.000000 0.000000
0.000000 0.000000
0.000000 0.000000
0.000000 0.000000
0.000000 0.000000
0.000000 0.000000
0.734694 -0.734694
0.000000 0.000000
-2.273684 -9.947368
-3.920000 -2.840000
0.000000 0.000000
0.000000 0.000000
0.000000 0.000000
0.000000 0.000000
0.000000 0.000000
0.000000 0.000000
0.000000 0.000000
0.000000 0.000000
0.000000 0.000000
0.000000 0.000000
0.000000 0.000000
0.000000 0.000000
0.000000 0.000000
0.000000 0.000000
0.000000 0.000000
0.000000 0.000000
0.000000 0.000000
0.351351 7.324324
0.000000 0.000000
0.000000 0.000000
0.000000 0.000000
0.000000 0.000000
6.608696 -1.217391
2.477905 -7.998363
0.000000 0.000000
0.000000 0.000000
0.000000 0.000000
0.000000 0.000000
0.000000 0.000000
0.000000 0.000000
0.000000 0.000000
0.000000 0.000000
0.000000 0.000000
0.000000 0.000000
0.000000 0.000000
0.000000 0.000000
0.000000 0.000000
10.472222 3.888889
0.000000 0.000000
4.647059 5.113122
0.000000 0.000000
-1.407035 2.150754
-9.200000 -3.800000
0.000000 0.000000
0.000000 0.000000
0.000000 0.000000
0.000000 0.000000
0.000000 0.000000
0.000000 0.000000
0.000000 0.000000
-7.604508 -1.309426
0.000000 0.000000
0.000000 0.000000
6.100000 -3.500000
0.000000 0.000000
0.000000 0.000000
0.000000 0.000000
0.000000 0.000000
0.000000 9.321429
0.000000 0.000000
0.000000 0.000000
0.000000 0.000000
-10.923274 -0.887468
0.000000 0.000000
12.522727 -5.590909
14.902913 1.495146
-12.720472 -5.185039
0.000000 0.000000
0.000000 0.000000
0.000000 0.000000
0.000000 0.000000
0.000000 0.000000
0.000000 0.000000
0.000000 0.000000
0.000000 0.000000
0.000000 0.000000
0.000000 0.000000
0.000000 0.000000
0.000000 0.000000
0.000000 0.000000
0.000000 0.000000
0.000000 0.000000
0.000000 0.000000
0.000000 0.000000
0.000000 0.000000
0.000000 0.000000
-11.653061 -5.693878
0.000000 0.000000
16.967742 2.451613
-3.935484 -5.129032
0.000000 0.000000
0.000000 0.000000
0.000000 0.000000
0.000000 0.000000
0.000000 0.000000
2.941176 11.411765
0.000000 0.000000
0.000000 0.000000
0.000000 0.000000
0.000000 0.000000
0.000000 0.000000
0.000000 0.000000
14.576923 -5.502262
0.000000 0.000000
0.000000 0.000000
-14.473684 5.578947
0.000000 0.000000
0.000000 0.000000
0.565371 6.028269
0.000000 0.000000
0.000000 0.000000
0.000000 0.000000
0.000000 0.000000
-1.909091 -2.545455
0.000000 0.000000
6.550000 11.287500
-4.647059 -12.294118
0.000000 0.000000
0.000000 0.000000
0.000000 0.000000
0.000000 0.000000
0.681818 2.247934
0.000000 0.000000
4.375887 3.900709
0.000000 0.000000
-0.129032 -6.774194
0.000000 0.000000
0.000000 0.000000
0.000000 0.000000
0.000000 0.000000
0.000000 0.000000
0.000000 0.000000
0.000000 0.000000
0.000000 0.000000
0.000000 0.000000
-0.309556 2.826380
0.000000 0.000000
0.000000 0.000000
0.000000 0.000000
-14.464286 8.964286
-9.486188 3.226519
5.444444 11.000000
0.000000 0.000000
0.000000 0.000000
0.000000 0.000000
0.000000 0.000000
0.000000 0.000000
0.000000 0.000000
-18.000000 2.941176
0.000000 0.000000
0.000000 0.000000
-7.760684 7.641026
0.000000 0.000000
0.000000 0.000000
0.000000 0.000000
0.000000 0.000000
0.000000 0.000000
0.000000 0.000000
0.000000 0.000000
0.000000 0.000000
0.950980 0.042484
0.175793 -4.893372
0.000000 0.000000
-8.895669 -0.848425
0.000000 0.000000
0.000000 0.000000
-0.083225 -11.530559
0.000000 0.000000
0.000000 0.000000
0.000000 0.000000
-13.282222 -6.766667
7.318182 -5.318182
0.000000 0.000000
0.000000 0.000000
0.000000 0.000000
0.000000 0.000000
0.000000 0.000000
1.545455 10.909091
-15.454545 10.363636
-2.678571 -4.714286
0.000000 0.000000
0.000000 0.000000
6.711538 3.798077
0.000000 0.000000
3.009119 4.717325
-10.888676 -0.982726
-6.320988 -1.441358
0.000000 0.000000
-4.510638 2.882979
0.000000 0.000000
0.000000 0.000000
-14.752363 1.988658
0.000000 0.000000
0.000000 0.000000
-13.000000 2.500000
0.000000 0.000000
0.000000 0.000000
0.000000 0.000000
0.000000 0.000000
0.000000 0.000000
0.000000 0.000000
0.000000 0.000000
0.000000 0.000000
-11.941176 -8.000000
0.000000 0.000000
0.000000 0.000000
0.000000 0.000000
0.000000 0.000000
0.000000 0.000000
0.000000 0.000000
0.000000 0.000000
0.000000 0.000000
0.000000 0.000000
2.380208 -4.223958
0.000000 0.000000
0.000000 0.000000
0.000000 0.000000
0.000000 0.000000
0.000000 0.000000
-1.813559 -9.627119
0.782258 1.209677
0.000000 0.000000
0.000000 0.000000
0.000000 9.846154
0.000000 0.000000
7.522013 6.905660
0.000000 0.000000
0.000000 0.000000
0.000000 0.000000
0.000000 0.000000
-7.114286 -0.714286
0.000000 0.000000
5.916556 7.384106
0.000000 0.000000
0.000000 0.000000
0.000000 0.000000
0.000000 0.000000
0.000000 0.000000
0.000000 0.000000
0.000000 0.000000
0.000000 0.000000
0.000000 0.000000
0.000000 0.000000
12.022124 8.769912
0.000000 0.000000
-8.969407 -7.778203
0.000000 0.000000
8.000000 -14.428571
0.000000 0.000000
0.000000 0.000000
0.000000 0.000000
0.000000 0.000000
0.000000 0.000000
0.000000 0.000000
0.000000 0.000000
-10.927928 0.981982
0.000000 0.000000
0.000000 0.000000
0.000000 0.000000
0.000000 0.000000
-5.528302 3.132075
0.000000 0.000000
0.000000 0.000000
8.781558 -0.094897
-9.799373 0.112853
0.000000 0.000000
0.000000 0.000000
0.000000 0.000000
0.000000 0.000000
0.000000 0.000000
-7.058894 -19.722356
0.000000 0.000000
0.000000 0.000000
0.000000 0.000000
0.000000 0.000000
0.000000 0.000000
0.000000 0.000000
0.000000 0.000000
0.000000 0.000000
0.000000 0.000000
3.666667 7.755556
0.000000 0.000000
0.000000 0.000000
0.000000 0.000000
0.000000 0.000000
-12.971098 -1.630058
0.000000 0.000000
11.033233 -6.178248
0.000000 0.000000
3.410959 -16.253425
0.000000 0.000000
11.056604 6.886792
0.000000 0.000000
0.000000 0.000000
2.326923 -5.750000
0.000000 0.000000
0.000000 0.000000
-12.207207 4.072072
0.000000 0.000000
0.000000 0.000000
0.000000 0.000000
0.000000 0.000000
0.000000 0.000000
0.000000 0.000000
0.000000 0.000000
0.000000 0.000000
0.000000 0.000000
0.000000 0.000000
3.400000 7.400000
0.000000 0.000000
0.000000 0.000000
0.000000 0.000000
0.000000 0.000000
0.000000 0.000000
-5.678423 -1.265560
0.000000 0.000000
0.000000 0.000000
-0.966102 7.491525
-5.558528 1.985507
0.000000 0.000000
-7.203883 3.213592
0.000000 0.000000
0.000000 0.000000
0.894737 0.473684
-3.500000 11.500000
0.000000 0.000000
3.220000 -2.590000
0.000000 0.000000
-12.500000 -17.954545
0.000000 0.000000
0.000000 0.000000
0.000000 0.000000
0.000000 0.000000
-2.302761 -8.260355
0.000000 0.000000
0.000000 0.000000
-3.078156 8.733467
0.000000 0.000000
6.555785 8.345041
0.000000 0.000000
0.000000 0.000000
0.000000 0.000000
0.000000 0.000000
0.000000 0.000000
16.895522 -16.298507
0.000000 0.000000
0.000000 0.000000
12.126126 -18.342342
-2.295522 -1.617910
0.000000 0.000000
0.000000 0.000000
0.000000 0.000000
