-5.915579 5.430832
-17.724163 -7.785069
-6.296647 9.001980
7.412153 9.131782
-3.253251 35.455580
-13.500476 -6.750238
0.551201 2.496078
17.842173 -22.613919
-5.394304 -2.156463
-6.157205 -0.820961
5.051710 3.416319
9.122202 -18.082539
-0.304144 0.618521
-3.261937 -4.177322
7.009231 2.473846
-1.969365 -10.339168
4.667517 11.827498
-12.303361 22.561228
-0.861664 -0.775424
-9.507437 3.824973
5.712964 25.610220
-0.380413 -0.031183
7.824795 2.286372
8.421029 -15.213423
-5.409756 17.655464
21.035040 -13.868389
-9.549688 -7.422689
12.215181 8.464331
-13.900250 1.177516
-8.599184 7.524286
-12.248828 4.195163
-0.795095 1.166140
0.000000 -0.000000
33.596571 -15.271169
-20.238803 14.926575
11.898108 21.433443
-7.701258 -14.560199
7.000000 6.000000
0.982018 0.329872
0.000000 -4.000000
-24.037785 -4.324433
-1.034483 -2.413793
-15.914092 13.257686
-1.430848 -6.941797
-0.614145 -1.383880
-23.278071 -23.465801
16.406900 17.386478
8.665197 -6.894750
-14.581602 25.922849
0.155114 0.277821
3.293184 0.501087
18.080000 13.560000
17.302110 9.974553
-20.170352 -17.993165
-11.861958 -14.547632
-18.648714 8.644582
-1.000000 -3.000000
-8.634994 -10.390601
9.051375 19.547066
8.890928 -10.792604
20.945488 -10.880230
1.317213 -0.948354
2.009002 0.996969
-12.070297 -2.345376
-4.694555 12.629767
-20.941986 -3.048931
-10.109350 9.345485
2.464577 2.699468
-0.000000 -16.000000
-12.844794 10.309375
-2.238054 -4.149470
-0.824683 -29.688596
-7.624562 -29.900693
-16.536259 -3.145823
-20.200899 -7.949168
2.597938 -1.154639
1.078182 0.447410
-16.484921 -3.094460
-1.502726 -6.371834
26.547929 -23.295967
5.551724 -20.620690
-0.681511 -1.821856
-1.585069 27.511323
27.496161 17.420792
1.470941 2.140275
-0.928315 -7.275550
-29.750588 -3.077647
-13.886969 -8.933534
11.865642 16.070996
7.209819 13.414666
10.564863 -16.191559
13.664537 -12.613419
1.297015 3.317641
0.068768 1.692504
-11.639485 -18.914163
-0.890282 0.111285
4.646744 11.278028
14.397750 -3.245661
10.306080 -24.059758
-3.526448 3.280747
5.000000 0.000000
-13.745363 3.377990
-4.593805 2.692920
26.176512 4.244840
2.258224 12.570424
1.446642 5.155280
-7.884125 17.519781
-8.647059 14.411765
19.220585 -33.587536
8.609739 -0.073464
1.400336 0.014298
0.285338 -0.380451
-1.938120 4.859480
-2.717527 -0.256197
10.684932 11.506849
-18.985644 -5.559658
-3.671877 12.623893
-0.052941 0.688235
-16.397300 -11.982642
-3.842433 1.479246
-18.697712 -11.975620
-0.001898 -13.000730
-0.669375 -28.498850
-19.025844 -13.529409
27.862229 2.432076
-9.545616 -22.339564
24.220430 18.787956
-2.000000 0.000000
-2.933677 -1.646584
16.192108 -1.564172
-18.024410 15.682823
-8.484560 -12.001410
27.570912 3.248206
-3.820360 -2.164001
3.520712 26.648709
5.742999 -9.384317
12.000000 12.000000
4.340164 0.602499
-11.059540 7.878125
1.014392 7.313747
-29.680864 16.883822
-17.404177 0.841718
-6.541371 5.386005
5.113836 27.080446
8.000000 8.000000
-1.984902 -17.053513
9.347502 16.264838
0.220183 0.733945
5.905283 -2.863168
1.749617 -7.405298
3.832997 -12.701592
-11.908639 -20.352732
-16.192452 5.888165
-31.799573 3.594988
0.632106 -0.234221
-11.794124 -9.460016
13.612967 4.638909
27.979406 -16.760336
-6.923077 -5.384615
-9.443039 -12.568519
-5.907692 -10.338462
-14.684046 16.153626
-12.080787 9.754740
-6.804648 2.553795
5.966723 27.161064
-2.519478 -0.087730
11.506511 10.508849
-5.927490 2.150593
14.351492 -5.647885
1.257643 2.077510
-2.707265 -13.536327
-28.087674 19.374410
-2.059296 -0.238440
-3.351118 -17.564721
-16.758211 22.158818
0.969793 -2.431374
-6.443299 16.752577
-nan -nan
-1.087393 6.889939
2.174043 7.842971
-20.424730 -15.631047
-1.235267 -1.260006
16.281355 -2.504824
-0.450566 -6.805041
19.107224 19.090994
5.812139 -11.919460
17.826341 0.557073
-10.594365 10.840980
-28.000000 -28.000000
-23.592686 -17.175103
3.302196 34.280693
-3.375654 4.739447
1.621971 -14.215922
-13.126199 -11.964252
-15.196423 4.380668
-1.283697 2.154026
9.792910 12.435463
4.451960 24.806107
10.112760 -0.939692
8.312740 2.398561
1.476394 25.612846
5.363882 -0.308602
-2.933322 -23.524136
14.928263 10.506790
0.302065 -0.475170
-2.741497 -9.047553
2.361967 -4.179608
-6.487053 -5.368831
-25.761701 -5.253945
-6.790365 7.694576
17.094326 28.397492
1.279769 1.171601
17.338082 0.224908
-2.005235 1.249504
-0.011137 1.437436
-8.666239 -0.553931
-11.955491 -20.081849
16.029531 -9.035194
11.553621 -19.302220
0.781979 7.022609
0.183718 -1.558799
-3.203066 0.133166
6.675757 -5.732871
4.030715 34.164898
1.858789 -0.009120
-4.619822 -22.559224
-2.790505 14.128625
0.000000 -8.055460
1.618854 -1.775469
22.034735 -18.687012
22.822077 -34.833871
5.723871 3.122111
1.510930 3.021860
18.000000 8.000000
-2.178973 1.379306
-0.513453 1.254251
5.215196 1.313118
-2.043469 -2.600024
-2.994426 -3.034241
4.378927 -14.190482
10.495194 1.841522
-25.170997 -8.759576
-27.107162 -15.828940
13.921421 3.239061
0.829268 7.463415
23.969281 -13.154627
-0.918926 1.164713
19.872052 12.757041
11.205086 -13.313366
0.781868 -16.416834
-27.434221 0.970560
4.614388 0.440542
-25.886500 31.094490
6.210222 -0.727644
18.917337 4.978247
2.399554 -0.800309
5.156780 -1.414740
38.475009 -19.992529
-1.781928 -2.216116
12.359095 3.986805
12.839441 29.237622
-13.046708 15.336729
-25.874138 2.662112
2.128475 -5.275406
-24.650304 3.578801
-4.753180 -35.498857
1.535465 4.606395
11.482219 7.654812
8.902439 7.121951
-4.147122 30.710203
-4.064513 -21.461407
-16.885948 -4.959437
-3.213014 -8.128930
0.025235 -0.352121
-15.622546 5.690506
-0.101050 0.538936
4.578378 -3.329730
23.706502 21.576088
-4.130559 -10.209983
-10.045326 2.630997
-7.948374 -14.572246
-1.290874 -0.579534
2.721566 -12.247046
15.603399 7.342776
4.895665 5.872565
13.638809 9.920998
-29.028467 3.386901
-0.433021 -0.288118
13.945245 4.987190
3.767575 10.143472
-15.538185 -10.946053
-5.238274 -15.714822
-11.505180 -7.494453
-6.695008 12.130684
5.190403 -0.321797
3.964947 -1.957466
-14.172633 18.486662
-6.494187 3.058095
-18.232060 14.325190
-16.022716 8.122472
3.009653 -4.333776
11.463893 -11.698195
-0.468436 -3.999298
-0.371326 -0.189606
-13.805861 26.722413
-0.000000 0.000000
4.987879 26.604592
-4.579626 17.380583
-2.500314 3.898642
-1.801384 -2.237740
-15.646055 -5.571060
17.941444 9.491685
0.000000 23.000000
-2.110738 -0.372483
-2.000000 -0.000000
6.621502 -11.148497
1.151292 13.239860
-16.967973 -14.779600
-1.615135 0.198935
3.896619 -11.090377
-1.286360 -5.409620
-31.075878 -18.875075
-9.457014 -8.597285
0.367533 0.363426
1.240771 -6.631752
5.742262 -15.964433
-12.574470 -19.275565
4.392892 -16.382663
-17.267058 -11.965048
-36.157485 -25.254325
6.278498 12.556996
20.461165 -18.446862
-0.911303 -0.839430
-8.604878 18.643902
4.265371 -9.867065
-3.060834 4.770645
-2.494868 -13.721773
16.317068 -8.273279
-37.013865 -11.153665
-2.856686 33.262160
-0.392258 -8.312187
11.382829 0.603770
-1.679628 0.695521
-0.617910 -4.058178
13.937679 -20.933027
-0.662203 0.201662
2.932772 -0.280001
-16.101252 5.505813
-14.462046 -7.889726
-2.049231 0.113846
-3.533206 -21.729431
-19.250468 -11.985403
-4.224242 -3.482666
-0.657545 -9.205626
-30.218080 -18.346692
25.514838 36.304398
2.695474 -17.524278
-10.405808 13.974756
7.680000 10.240000
-2.193983 0.927235
-2.230108 1.289901
0.757153 -2.422890
-0.705368 -0.003815
4.129658 23.770183
10.902185 14.366305
-1.105446 0.862885
2.970222 -6.789078
3.316062 -12.601036
20.702219 -6.511286
0.795194 -7.969623
-3.652715 -16.721635
7.984384 9.101020
-12.012301 -5.737133
38.918751 -11.386399
-0.826771 19.541946
-8.050263 2.758741
1.213891 -2.023152
-17.689692 -4.824461
12.000000 12.000000
2.509407 4.522686
-0.837551 -1.302345
3.194745 1.937066
9.179869 -3.338134
3.353010 3.414674
-8.159517 16.956001
33.000000 -11.000000
-4.214743 -1.237361
5.672617 3.654369
-17.576471 20.505882
20.090293 -3.545346
-12.949623 -15.921158
-3.869874 -8.784362
4.339226 12.316672
6.466230 1.059189
-25.107552 -3.239684
-20.949045 -14.573248
-3.175316 -12.292940
3.328275 -13.619284
-0.804267 -17.685491
2.940605 -3.820973
-7.072191 -15.522161
-20.982227 -15.057311
1.216499 3.470248
38.530974 -1.980651
31.727274 26.951068
-2.751618 0.522995
-4.657939 4.282239
6.992204 13.545971
21.128845 8.815270
5.919265 1.841360
6.714052 -1.912011
-5.332439 -20.043043
-23.030973 -1.535398
0.176115 3.522309
0.457249 -4.208197
11.216613 6.124479
27.924871 6.309988
-32.271653 7.048588
-7.152026 18.861513
0.420000 0.060000
1.588491 -13.475381
12.990466 -10.721224
-3.240726 14.583266
-2.886095 32.476926
-4.308763 -2.415624
-9.345205 -3.893835
5.761170 -3.058761
-19.899929 -2.296146
-4.036873 13.148732
28.805519 4.103144
2.711351 -2.588108
28.151907 -10.237057
1.807670 20.768994
-5.226580 25.641899
-4.969563 11.595647
21.933168 0.797806
-7.411434 8.853569
36.768586 25.451156
-14.665782 -3.087533
0.943522 -0.012735
1.249674 -5.121539
5.925479 3.823714
-21.741238 4.943022
2.379182 -3.092937
-1.031944 1.146605
-3.179650 7.313196
-32.899487 -8.529497
31.432214 2.160090
-9.851953 -0.819274
-0.675239 7.323587
-0.646018 -9.690265
-8.505723 6.415741
-1.586680 0.581783
6.429561 -9.108545
-2.036088 3.952519
-23.997977 -1.046400
2.832216 -1.968627
-0.066409 3.103644
1.930173 7.542873
-4.260184 1.548427
18.885331 8.300505
-16.728568 -2.091404
0.181744 -0.379224
-17.520390 -12.228435
4.354267 -6.480748
1.115773 -19.285416
5.267108 21.430749
-3.297011 -7.387611
-3.452921 3.402005
-18.857500 -11.736573
-7.590546 28.193455
5.846650 -0.517516
-2.774594 -32.277260
8.584727 0.547840
-19.800000 -6.600000
8.018604 15.086527
-6.972660 -10.957037
-0.759340 -5.821607
0.841197 -0.091812
4.056649 8.561795
-25.840598 -24.877109
2.830576 -7.424514
10.002976 6.755147
-18.276345 8.482472
-0.011683 -0.112519
-6.900000 2.300000
16.214293 -3.990721
-16.465279 -13.378039
-8.302995 25.478202
3.604237 -1.369022
9.361308 2.314385
-2.102085 0.720799
-3.960714 -1.474566
0.092130 -0.834552
3.850824 -9.753802
-11.262485 4.554319
0.333389 -0.273798
-0.557377 6.131148
21.029860 -0.487224
14.184020 -4.571012
1.086058 -6.258137
14.071816 -6.958999
-18.171524 -3.903809
-12.491273 -2.088871
36.861136 -4.162052
6.035872 -4.439539
-16.647985 21.053592
-7.820087 -12.894914
-6.986975 -7.976210
8.553031 7.197760
-1.063128 -2.862267
13.641278 -5.732185
-11.577127 -21.619189
-8.131818 16.640879
-1.048660 0.798979
-2.800000 29.400000
-0.503789 -6.022058
1.879288 1.493090
-4.849216 1.039874
-7.190231 -0.125785
-33.122039 -11.829300
-19.671533 -7.153285
-19.328824 6.455015
4.639039 12.436492
-20.034483 -8.586207
24.915078 -1.038128
-23.722101 -11.275350
2.078460 11.579990
19.227141 -3.497608
0.312329 -2.967123
2.716237 -14.724053
-3.253306 -5.763487
-1.130137 0.513699
-20.567239 9.589740
-18.060000 2.580000
-7.203663 -5.401015
26.972477 -8.091743
3.485764 -0.964456
-14.781036 -3.250499
-4.404948 4.202330
-5.410014 20.887811
29.988719 -7.330924
-1.487884 -3.182367
0.901639 -1.081967
1.520630 16.754655
8.864692 4.155324
0.098471 0.312624
3.220645 0.533774
21.316705 -7.816125
9.893791 18.012771
2.177968 8.239566
1.342075 4.156150
-0.550459 -0.165138
-4.000000 0.000000
-23.575617 -8.122978
12.386740 0.651934
-7.560871 1.002743
0.549303 0.179820
14.139978 20.308322
0.185920 4.917990
13.312904 -4.331727
-15.500007 2.042474
-5.634840 3.034145
-6.281895 -10.951287
-5.098439 -18.145010
16.631133 -7.316893
-4.960785 -4.800903
-10.019464 -4.174776
-17.204218 3.180170
-10.994499 11.197389
-8.344615 23.643077
3.310811 2.364865
-13.065151 7.539474
1.951264 -0.424188
-3.336597 -6.442312
-4.374138 9.747931
4.539033 16.516400
16.265739 -14.232455
-6.228419 12.962582
-9.347494 -6.676781
-0.960880 -0.077435
10.919898 21.839797
0.702994 38.812464
14.905303 23.035468
4.705516 5.576321
-26.572800 7.750400
-27.432333 13.381044
27.993703 6.837532
-13.005780 9.537572
9.798228 10.488179
-16.829938 -17.837700
-1.431674 17.287619
9.741827 -0.439763
-7.271442 8.205735
17.787727 -1.276657
-2.581258 3.048215
-8.688539 -0.884387
-8.853397 -3.383597
12.573309 7.284361
-0.705357 -0.713977
-0.022003 0.001293
11.548561 -33.362511
4.800180 9.193367
8.029445 -19.292718
4.134923 4.886727
5.387513 2.530233
-23.730802 -26.924885
-2.780037 -24.315552
3.180876 -2.516919
-7.337793 -19.543532
7.266949 18.818982
-15.794502 1.930733
-6.555231 -12.551451
-0.626676 -9.990936
-0.824480 -0.581986
-2.293316 -3.164705
9.685320 2.726956
-21.348598 8.539439
11.443761 -7.312990
19.183414 14.633258
18.188015 25.431962
16.358718 21.062943
5.928833 -12.809925
-0.778955 -1.326977
-9.261457 -3.760097
-18.692012 11.789666
26.601997 39.269615
-0.108122 -1.140879
-8.409438 3.398918
5.203001 -1.940486
-3.586555 -1.752952
-30.191472 12.773315
8.130057 -17.722203
-8.559710 -0.283712
20.755251 15.646680
18.923725 21.446889
-6.715692 -7.094487
1.179980 -2.345720
-5.307281 -7.362750
-9.050940 -11.585203
-14.474843 3.998019
5.623418 5.292780
-4.785930 -7.808623
-6.748927 -8.533582
22.031308 -27.981345
-0.993361 -1.561809
-3.012116 0.658900
4.805974 1.601991
17.013366 3.402673
-26.125016 -15.318384
0.334242 11.228195
11.713207 6.653269
20.146802 -4.369651
7.702247 17.995065
-3.585512 -11.388915
16.698599 -4.777673
-11.771817 6.376401
-12.694678 -21.762305
-0.467260 -0.190104
-4.095164 -0.655226
19.225551 -19.225551
-2.353151 -8.816387
-24.510558 23.767814
3.063597 -18.381583
-5.068493 11.150685
1.753631 0.980648
-10.346408 -3.710522
2.161570 5.439440
-13.635105 -20.405326
-10.141021 16.141968
12.425584 -14.725436
-2.113626 -3.806954
0.767322 -0.392528
-2.324326 -0.121629
0.429127 22.631596
2.282687 -4.852252
2.092968 -6.956530
10.585577 31.117016
-6.718861 -2.099644
-2.796786 4.623064
-9.130753 -3.759722
-0.518554 1.728000
2.261333 -0.484571
0.616932 -0.250629
14.849150 11.897118
13.551167 -4.120447
-8.164840 -0.339753
19.400596 6.335212
-2.009167 0.018893
6.695233 4.552154
-11.935305 -33.635860
-17.493504 -6.297661
29.914695 -6.558147
-10.069328 3.022231
4.506710 -1.433953
2.825120 -0.007734
24.512598 7.306292
-11.152417 -29.583477
2.572866 20.563252
9.833949 8.398806
-5.660918 9.730423
-nan -nan
-11.454337 26.726787
-11.592273 -13.516651
8.667203 -24.474343
1.667593 -18.130218
-3.623174 0.692492
15.777626 -7.281981
-22.217472 -13.857827
24.234833 8.099013
13.090454 -2.693566
8.108720 -9.126428
-11.940481 22.255398
14.701218 5.978249
15.771882 4.117306
-5.575761 8.462284
-27.887558 -9.687788
0.000000 -0.000000
2.301370 -0.863014
4.057377 0.368852
-5.109454 -13.809483
-11.383160 -6.115222
-3.633023 -3.610517
-1.640856 5.469521
6.263907 -7.606172
1.388922 -10.863643
-20.828456 0.690064
1.005190 3.302768
3.182032 -20.683208
18.944126 3.988237
0.753118 -10.112952
11.224250 -10.658086
-0.000000 0.000000
0.429049 6.158526
-2.546336 -0.201965
-8.300282 8.635448
-21.137947 15.996284
-17.492490 -3.192535
-0.073514 0.204648
-3.004739 5.185199
-15.819311 6.521455
-1.096938 -1.445550
14.995528 -20.238515
29.641492 9.540913
10.292473 -18.418109
-4.792062 -1.250103
10.446523 10.707527
6.281280 1.483854
-0.018354 0.035137
-0.011359 -8.498414
-5.754603 1.188345
3.116788 -6.678832
-11.021073 16.866944
2.821794 23.043615
-16.915737 -7.048224
-14.670392 23.780849
18.587221 8.704535
-4.774602 7.580228
3.830360 -2.534914
-14.004087 -0.019200
-1.112620 -4.235098
-6.801875 14.657562
2.432338 -5.265012
-0.882705 5.737580
-21.371936 -0.972356
-1.688387 12.880052
6.528517 -3.824026
-7.835373 33.822092
-6.624968 -3.768636
0.375743 21.229717
-4.815283 7.725103
22.166083 -5.946519
-33.237889 11.831547
-1.013361 3.030511
15.250836 -19.405770
-3.147226 25.454902
6.721384 -2.152174
0.676165 -0.595038
-9.857943 -0.818076
-0.491686 14.258907
5.368552 -5.913476
0.034091 -1.463405
14.438853 -18.180433
7.280271 5.124992
-3.124260 1.301775
-3.345934 -4.822759
0.142868 -0.088603
9.266942 14.827107
-23.465738 -1.156510
9.331126 25.266298
-1.358290 14.166336
-18.296687 20.570625
-5.350302 -0.269988
11.441317 4.537551
-8.439014 -2.204245
3.505918 2.361798
-11.879605 -9.548588
-7.011475 -11.326230
-21.061135 -27.541485
8.526996 -2.556812
-1.956113 -1.972561
4.049038 -19.691199
-5.413040 -1.380850
-16.505569 -7.073815
29.654278 4.118650
0.763115 4.667175
1.242944 3.414629
-19.200000 -14.400000
-18.322867 11.329608
-0.864106 -0.273690
-0.015301 -0.084440
-3.046584 -5.450952
-11.342596 32.198929
14.259033 -11.974500
-1.927359 5.139624
2.647328 1.969578
13.773695 -13.634325
10.773004 -14.518162
9.918476 -5.071165
20.311752 -18.957635
8.984362 30.732310
13.517081 15.527226
-0.615851 6.410935
-18.497084 -17.525512
-3.759478 -25.702142
-16.050825 -10.278254
-10.736227 -2.480605
8.953471 -6.056927
17.417853 13.459250
-12.219981 -3.353128
0.515237 -0.416672
13.184691 3.617059
16.128568 1.527691
-0.027692 -0.498462
0.973540 0.701478
-17.601475 -7.338967
3.984277 5.037861
12.805674 5.691411
-8.121951 -0.902439
-1.000000 -0.000000
-6.764706 4.058824
16.620274 -16.936376
-11.103610 -3.709171
8.377796 1.457008
-6.455991 6.455991
-0.689432 1.118587
18.733821 -28.734594
-0.580057 -0.034581
-10.490696 35.979556
0.659927 -11.600343
5.165359 -1.788009
-10.702747 -12.143356
30.150787 3.502626
-4.550369 2.616345
20.627708 16.867725
-6.942906 2.103018
-1.744475 -17.688060
25.982655 0.204438
8.297460 -1.135171
-3.858004 -2.830553
17.500000 17.500000
2.500586 28.756734
1.261211 -1.946024
-16.263389 -12.328073
-9.333135 15.344690
0.123118 -0.972033
3.890444 13.616553
13.930042 28.931625
3.924258 -2.882997
-8.522296 16.847669
-9.296827 -1.199591
25.200868 16.493606
-11.148829 -25.926539
25.155507 -3.383028
-4.358079 1.271494
12.784888 -4.917265
-5.666918 0.599859
-10.500000 10.500000
-1.876030 -6.253432
6.124502 -3.830613
-0.554855 -1.872636
1.600000 -0.200000
-12.750475 6.907647
-0.337762 -1.990680
-21.483658 -17.516791
-12.000000 6.000000
0.000000 25.000000
-1.189683 -2.306085
-2.425220 -10.409626
0.449989 -9.645233
-9.090718 9.255331
-6.267278 -6.203204
0.028166 0.024401
6.846799 -13.360353
-16.213103 2.669871
3.991825 3.782682
-0.473098 -0.813331
2.492192 -1.086648
-12.296788 -16.594303
2.032118 19.257965
7.570815 -1.802575
-8.000000 -20.000000
-0.034965 21.507080
-4.312897 21.968369
5.946290 -15.296865
-1.731959 -3.896907
-2.485163 -0.695846
-8.585366 10.731707
-2.868824 1.516766
-0.163712 -0.428698
-12.526686 -17.534592
-10.645854 34.375805
0.941176 -3.764706
-16.558718 5.115766
28.505917 25.086859
-3.469106 -1.066575
1.516923 -0.535385
0.000900 -0.166730
4.777767 -9.332479
6.900000 -2.300000
-5.851573 -1.333254
-0.235691 -0.120151
0.252103 2.790355
-26.133030 12.563483
-2.949232 -4.504858
6.977512 5.589522
-0.768585 1.398720
4.369599 -0.682772
1.078555 6.329541
5.112514 5.466885
-8.884609 -10.365377
-6.069629 2.670637
-1.663209 4.079275
-0.211588 -38.501411
-2.950059 -4.835919
-1.061402 -5.165461
-0.549402 -17.300124
5.109170 -0.681223
-1.261352 -5.013249
16.728112 -23.842595
15.530104 14.626272
-8.444181 -7.881235
-12.348281 -12.807691
-32.125324 14.508211
-8.602135 0.762846
-11.522124 13.168142
-22.993166 -7.666064
31.710942 -28.898689
11.303838 4.598919
-16.169136 28.446037
-4.474283 1.526111
25.874692 7.522967
-28.732102 -4.953811
-0.292039 -0.441104
2.730003 -1.839635
-22.550273 -31.904250
-37.896870 -7.007694
-16.573481 -9.556951
-8.500000 -8.500000
-33.492386 -24.412375
-15.027909 3.744187
16.851443 5.943717
33.363860 -8.340965
2.884685 1.667607
24.861123 -8.493221
1.646203 -2.131579
-8.423413 -17.258617
0.184272 -23.302430
0.104383 3.231935
-8.988337 12.642045
4.193591 -4.626886
-7.403511 -11.085465
15.555900 16.175140
-28.661931 -7.452506
1.100000 7.700000
6.906839 -8.534183
29.290086 9.205821
7.489893 -4.876930
-0.131050 -1.090699
-14.504368 5.291844
0.886909 -4.372066
32.242358 -0.530049
4.941520 22.822237
0.917786 -2.078751
-8.767269 25.425080
-18.366256 -11.323612
1.352941 -5.411765
-16.184118 -8.068672
-21.749809 11.588509
-16.937661 -24.737584
3.611254 -8.576727
-16.500000 16.500000
3.910345 3.475862
-25.823538 -12.812870
2.993166 18.282378
0.263973 -4.581467
-1.525517 14.760284
0.221922 -0.028639
-2.046278 12.126618
-4.102325 -26.720564
-19.395466 10.085642
-6.881132 12.372111
-6.121760 8.216878
9.743290 -18.179275
-3.973686 -8.773359
-0.760364 0.149374
0.191513 -9.812946
-11.340405 -23.490839
2.821098 6.971151
24.700919 -9.817037
-9.825061 -6.293790
-10.491422 -6.208084
5.199137 2.898600
-11.327922 2.572057
9.915341 12.394177
-1.628336 4.346063
7.590830 -1.445167
-0.794364 2.387673
6.450990 27.841753
-7.237164 1.085575
0.268723 -0.162326
-2.949895 6.742618
8.711936 -5.312247
21.914231 -12.720277
-14.882719 1.302502
33.582322 -24.087979
-9.188298 -9.822679
12.780899 2.949438
11.540249 -8.675315
-14.999705 -1.743609
15.837422 3.576447
5.111488 0.104812
0.297688 -6.181602
4.499645 -32.232245
-1.027071 4.866500
4.585987 8.407643
25.144691 16.542560
3.536784 9.726156
-1.174940 -10.746219
-7.701799 29.706941
-28.535537 4.427498
-1.225231 -0.595112
1.924339 -4.018286
1.438048 1.926636
15.555720 -3.773086
-0.689655 0.275862
4.466140 -7.483685
4.479251 -0.741805
4.661339 5.626048
-9.349351 0.125087
29.772973 15.762162
6.342898 -10.591283
13.274863 18.998672
3.187661 -4.073754
1.487009 3.272555
6.629481 1.661609
-25.727158 -15.187175
-36.259532 -3.625953
7.781390 12.454297
2.232198 -1.075143
4.167263 -4.244165
-11.053927 -13.038365
12.444444 -24.111111
-3.904084 2.282309
29.313377 -14.431638
-21.987312 3.257380
-8.235309 -7.571606
-1.965669 11.289810
12.942476 2.681298
11.825473 -9.243361
0.861031 -11.563584
6.000000 -10.000000
18.003180 0.918520
-12.397031 34.866136
-3.375785 6.538713
6.052406 -9.440078
-16.639508 -0.265636
-9.835128 9.276136
19.724672 14.174900
9.919754 28.759891
11.264719 0.546837
-18.531772 -4.990545
-10.355003 -13.292543
4.630247 -31.458454
16.385401 -13.884667
-11.858923 -9.911359
3.951909 -0.819132
1.117117 -14.619272
-0.461218 -0.253630
2.247450 -3.562087
-3.063014 -0.062219
5.128639 -7.212188
-4.269613 1.677348
0.093980 -0.437767
22.064706 -14.041176
16.412849 15.098182
-3.445329 -5.888636
21.000000 -14.000000
25.515650 -13.753735
30.104326 -7.298018
0.233524 -0.440275
-1.202493 1.359338
0.027637 -0.131505
12.044825 -16.045190
-9.899631 -5.904551
-20.045911 -15.064310
-31.003311 -2.300910
-1.801377 -5.390304
1.088730 11.812420
12.646738 -16.197491
15.837575 20.635827
-39.940797 -26.888793
-15.524824 14.548627
4.098048 -1.513730
-10.519447 7.058822
9.054166 -1.964027
-12.197577 18.296366
-9.334055 -16.173434
-1.318647 2.259524
-2.572063 -11.191869
-12.719766 -15.455059
-7.358854 22.061550
-26.514640 7.583608
-0.514762 -1.059327
-17.384337 -25.522178
14.482333 33.491698
5.547928 -1.495561
-3.346960 -0.590270
3.363535 0.899119
3.574900 0.076241
-20.331777 0.513452
-11.400000 15.200000
-5.482493 12.621369
-8.827763 -5.192802
0.809769 14.798264
0.192059 0.946914
-6.600000 13.200000
-4.158932 -6.730954
-15.014250 8.180699
-30.522607 -21.448319
3.005464 -1.890617
10.805542 20.838043
-8.997558 -0.571471
0.059503 -0.770704
-24.498156 8.042042
2.919250 1.345258
2.799271 -0.982346
-25.937728 -10.128399
-0.230769 -1.846154
12.500000 12.500000
0.076192 -14.732458
-4.296319 -9.114284
6.692738 1.859094
4.231674 9.442457
-0.092981 -0.204938
-1.584615 12.676923
12.284700 1.291096
-10.975370 -4.527994
4.785787 0.261037
-2.028902 0.312139
-4.465137 0.075815
-1.275713 4.778538
3.702514 2.547792
-2.095101 0.631166
2.115587 -8.989177
16.051825 -13.185427
0.150698 -2.411166
-0.566038 1.981132
31.691486 -18.269798
19.188263 -2.268722
9.137661 1.353727
-14.410623 12.560170
2.622171 1.511459
0.339346 3.054112
-15.822260 -3.398046
3.279972 -2.950671
0.851989 1.399891
-5.607930 -0.000187
23.929412 5.317647
7.418498 -15.173365
0.765975 -3.368295
-3.103448 -1.241379
18.204811 5.714004
-0.754054 -4.775676
-11.578415 14.457875
-14.947629 -2.868932
-8.828063 4.590593
-6.032190 -14.994420
3.395837 -4.874078
-34.540146 3.985401
-19.090014 -16.035671
15.017959 2.077410
3.624007 -4.375663
-0.179662 2.724367
16.892751 -30.451354
-0.573219 -3.547243
-1.456563 -4.350023
-0.084040 -0.004315
-0.425718 -0.319288
-0.607694 0.266468
4.689336 -20.027483
-0.204835 -0.134185
7.898657 4.379063
-5.111515 24.535273
11.796121 -12.217411
14.806644 -14.443453
-0.236813 9.291335
-2.224390 -10.380488
-7.922440 -9.695334
21.990930 -21.064230
-7.356766 34.681898
27.866171 -0.086760
15.146591 28.158113
-11.198847 11.198847
-22.304404 23.299060
-0.194226 -0.260289
2.566191 -11.291241
-1.449908 -1.114129
6.429739 12.566820
5.367802 -9.611304
-21.950980 -25.363672
7.641758 41.483827
28.063288 0.162926
-8.219339 6.575471
-14.483339 2.129903
1.234824 -1.687019
-12.214580 -4.511140
-9.141133 15.469174
-1.575138 6.300551
-16.321378 -1.737815
15.040352 7.969708
10.531851 13.005095
0.655587 10.498524
1.204605 -1.764726
-2.040614 -1.178208
-11.077845 -17.404476
4.271568 -6.108636
-32.330810 2.528795
-6.400922 1.280184
-5.788883 -5.906987
12.544828 0.737931
-21.908526 -1.395222
2.705163 -2.927142
5.383017 4.720491
-14.437894 5.104490
0.400000 -0.200000
3.493016 -0.536459
23.241993 12.174377
-21.001873 -11.005317
-2.894241 -13.967236
-7.036082 -2.706186
-14.302399 -1.112566
-6.072153 -1.882546
-27.193978 4.120907
-1.099465 19.063747
29.832225 -12.373731
32.957924 10.937914
3.881698 -0.466393
-0.036123 -0.180614
-2.560000 1.920000
10.658537 -3.926829
-20.209534 33.345731
26.605006 -13.650086
-0.773813 1.381809
0.241787 3.193202
9.423796 -17.757764
13.093756 -2.067435
4.453064 -15.578996
-13.684137 -13.157824
-0.927125 -0.430836
26.003223 2.971797
10.730101 -32.655518
-0.378175 3.195045
-26.458171 -11.575450
16.679015 12.374405
-0.130866 5.558796
10.972829 7.870657
2.297484 1.246844
-0.377738 0.223802
5.389381 -6.159292
-2.955097 6.244823
-1.833367 -0.414936
0.604951 33.123757
27.000000 0.000000
-9.705127 12.327125
4.672399 4.880015
-4.167686 -0.768885
8.990286 -13.214930
-3.073528 0.708321
6.600000 -13.200000
-11.208257 -15.927523
-29.870903 -15.814008
8.776456 -13.261080
13.284189 3.948688
23.315180 -3.273403
21.243052 35.411250
7.236307 -3.877697
-0.707865 24.067416
-0.333699 3.709215
-15.420900 -4.934688
2.163217 0.289348
-2.824691 -1.210582
-6.907680 -30.221102
-12.356419 15.594561
8.826482 -8.849560
-30.000000 0.000000
2.698718 -29.267758
15.321675 -7.788171
9.036617 -9.261670
21.060690 1.620992
-3.406492 -9.651727
-6.945992 -3.230465
5.983682 6.984061
-13.735940 5.007891
-8.143438 -3.490817
-21.215999 -16.783383
3.189568 -30.875016
1.178527 -0.129615
-0.388238 -1.700976
-1.899946 -1.260064
2.038540 -0.815416
0.190625 -1.346403
-2.671200 5.765074
-10.349343 27.943226
15.429122 -0.000000
-0.960061 2.730649
-4.998211 -0.000745
-18.513514 25.918919
1.876106 3.977101
1.065378 10.977990
30.465827 -29.144501
-5.546189 -28.944372
0.483070 -1.119564
26.686201 -0.909501
-23.315695 7.610839
0.115364 -1.832511
-23.520207 -21.494893
-1.660862 -3.914683
0.000000 4.000000
9.946753 -7.673044
4.948630 1.705063
7.077111 -0.278715
-5.752857 9.215081
20.409048 -11.308815
-0.044822 20.092131
20.078861 22.141432
-1.237884 2.007228
-29.440586 -14.990507
2.851550 12.379455
6.124413 22.526147
19.636819 -7.964198
-6.416981 -4.390566
-1.478704 16.285505
-2.440344 -4.970544
-10.984818 -20.701856
4.050930 6.808815
21.833766 4.611010
0.807206 -0.215002
-8.646083 -9.363095
-1.026996 5.370229
15.323227 10.484313
4.411350 -21.734947
-33.972495 -7.721022
0.166283 0.443421
16.285987 -11.764648
-1.510175 3.804965
19.365992 23.052822
22.459122 7.925195
-17.921256 11.096601
6.245940 -0.246105
-2.712330 6.139390
-1.778289 -7.923097
30.166333 -6.729808
-3.427067 -20.562400
-31.163282 15.581641
-0.357970 1.459479
-10.286610 8.109912
2.287872 7.836689
7.020524 -4.628438
4.609304 10.319471
-1.307711 -2.292456
-20.353502 -28.188839
0.577713 -4.839675
1.977486 -22.741088
-13.558203 -3.064286
-nan -nan
-2.170763 0.082175
-30.566690 3.705053
4.065684 -13.371937
31.896552 12.758621
10.947705 1.206662
-5.094705 0.196149
0.218721 0.092092
-0.032272 3.059859
6.933416 -0.000000
11.268113 -7.624437
-0.014368 0.014164
-17.328620 -0.772022
-17.375093 -12.433299
-1.070746 0.969970
24.147955 -26.662243
-7.488098 3.963421
-3.289633 -1.357155
6.397846 18.729937
-5.834636 -23.028181
-14.139117 -0.055208
-10.767278 7.341326
4.836055 -10.239176
-9.825549 1.309228
-0.701626 -8.298659
1.939966 -23.279597
-4.404554 -9.921408
1.119820 7.909905
-15.085602 10.263125
-18.176091 -4.364223
-0.512276 -14.334332
15.094089 -17.692126
-1.379784 -6.678303
-12.019110 7.515627
1.282599 9.589642
-1.769177 -2.895017
2.178414 5.005583
-8.889922 -7.797036
-0.327420 1.111499
-24.742527 -0.142144
-13.722055 0.372094
-2.207289 1.703824
-16.259352 0.812968
0.023935 -0.027393
13.629203 -5.249230
-9.952220 11.736465
-21.994524 11.053751
-5.690212 -33.799412
-0.753630 0.891308
9.148607 12.735554
-21.174934 11.325501
-4.891729 4.027131
-6.793404 -29.569476
-7.085182 21.224157
-7.726617 -0.819346
-0.263658 7.646081
8.481451 11.177188
-3.761092 -31.969283
-7.588104 23.301958
8.539114 26.471254
6.855411 -22.141018
5.594595 -12.432432
5.125242 12.013172
-20.689155 -12.134010
1.340428 -2.467354
1.002437 -7.221085
0.000000 2.451086
16.989222 -24.643490
0.198189 -0.286309
12.498669 2.631558
24.992531 14.221573
-22.818866 -7.343273
-4.875668 6.108090
-7.807692 -18.961538
-3.875806 -5.345160
-3.214142 -30.944209
1.409476 10.662520
-0.464311 1.195481
26.671095 1.586782
-0.819997 0.118074
-29.452333 4.016227
21.718936 15.074475
-2.089479 -6.271078
-7.911656 -19.212500
14.651049 -23.665446
13.870558 3.919152
-10.673271 3.704210
-29.299651 13.820761
1.043351 -4.627427
-10.929581 2.847983
41.034483 -17.586207
-1.746061 -1.325950
24.690108 7.376595
-2.560348 -0.092061
3.842468 9.778801
6.461810 -1.482946
-22.532010 -9.773492
-19.510654 -1.967999
4.824295 4.824295
23.457315 0.000000
6.374439 -18.143639
7.310079 10.837832
9.309114 -24.999999
1.738326 19.567455
-2.305435 -4.610869
0.500000 0.500000
18.006849 -8.184932
5.019018 -17.263611
-7.945946 1.324324
-22.598365 16.321041
0.691678 0.364808
-0.305949 -0.175405
-0.279639 -17.941896
0.637500 7.649996
0.781445 0.293042
-20.619840 -1.680344
3.394383 -0.665888
-0.352514 1.858644
5.125489 -3.782855
-33.530442 20.060796
-19.220961 13.042795
-4.151454 5.355236
11.398064 -8.006504
-7.117983 22.896405
2.494716 -1.117519
-0.277432 19.204422
13.244466 1.394154
0.989219 -0.242052
-2.386502 2.625152
-1.281929 2.306604
-7.177657 -9.476908
-0.911869 3.008204
18.341661 15.613919
-7.723354 -12.228644
-0.556151 4.277231
-17.565932 17.474269
3.928277 -6.885573
-0.848103 1.527452
5.951007 0.589505
-8.226512 2.348472
-1.271761 3.560835
-7.093698 6.870825
18.819296 3.713901
-10.402291 5.200166
-1.441348 -0.016780
-4.447059 6.988235
-0.653936 -4.830530
-25.712090 -2.062333
-4.000000 2.000000
-8.614992 8.301852
-3.962702 2.641801
-5.579679 -11.229986
-9.044306 6.701949
-8.566818 4.045442
6.009285 7.667472
7.038026 -15.264658
1.141782 -17.815525
4.482227 -6.474328
5.104823 6.586328
7.292834 8.784827
-6.279775 -5.187640
-18.855272 11.611127
-1.384196 -17.533144
2.938606 2.712559
4.176440 -4.226859
-7.810835 -16.929999
-6.183517 -0.245155
-28.873101 -4.266255
-0.278198 -4.124390
-7.451073 -6.097365
-8.322918 -14.392221
-16.714886 0.000000
-8.464389 -2.558374
-3.948786 -7.599871
1.844748 -0.345890
12.109322 -6.141734
7.807432 -20.690299
-31.794709 32.242054
-13.244039 6.622020
-4.235294 -1.058824
-6.707317 5.365854
20.340949 14.351448
35.522676 -20.855653
-7.204139 23.291805
-1.791973 18.419525
15.223379 -2.433469
4.384615 2.923077
0.282737 9.053629
-22.423267 -8.382567
6.219648 -2.371966
4.704346 -10.847719
1.165868 -1.279143
-7.160727 -5.484527
-4.528036 -1.635808
14.146507 -5.304940
2.767905 -11.532937
-18.041754 -0.503327
-0.033821 -0.496452
-0.707208 0.258805
-13.788256 7.222420
-27.461454 -19.861840
6.581247 3.355092
-1.255124 -1.676798
2.828398 2.333589
0.943631 -0.206160
9.626834 -14.670519
-1.089410 -0.410529
-2.142235 -26.420900
25.772641 -9.351996
-0.000000 0.039764
-0.726037 -0.813955
-1.665496 4.360351
1.487370 2.739892
-3.441876 1.425844
2.372439 -10.616897
5.144314 5.141092
-3.841433 -15.702287
-4.891549 -4.222996
-4.799919 19.751112
14.202034 15.406025
18.842102 11.604601
9.062251 22.776942
5.245988 21.636641
-18.880319 -3.513992
-2.621799 0.841856
7.478826 -5.617203
14.075358 10.508399
-2.054593 -6.106484
-36.499687 3.887428
4.905529 2.688724
6.478192 27.236552
2.822280 -0.970554
0.256621 -0.563198
-15.101701 -5.443779
5.596571 4.705283
-5.796759 -4.694799
-2.536944 4.820648
-14.974065 12.143761
-6.824053 -1.126239
-16.715388 1.415242
-23.551170 2.263621
-1.874435 -7.808389
-0.270216 -0.529705
9.552201 -24.565813
-30.145564 -19.107809
34.246976 4.875268
10.317005 32.334092
1.738223 -5.314776
3.479153 12.502829
19.168786 -17.923274
13.103375 -34.163766
2.864125 5.441045
21.016698 4.796105
2.088842 1.683788
-9.305311 -16.029339
3.253684 3.563248
6.709350 4.505999
-16.483864 7.872340
-5.968225 -8.452561
-3.537470 -12.071050
8.434880 -1.025808
9.416819 -2.311831
10.611873 -13.976190
12.882558 9.209174
-3.337982 15.278687
30.319100 12.148608
-6.601907 5.244422
2.100009 -12.477966
-22.761528 -10.362301
-35.734794 -6.927059
4.929476 -3.992226
20.758675 -5.222878
-34.189036 4.190455
-26.257593 3.557345
-1.306111 -3.937745
16.062781 9.810508
-18.670740 -3.457451
-19.299998 -14.482937
-6.029234 0.835609
-5.357173 -31.909972
-5.006071 -9.654845
-6.995811 0.823025
-8.632898 4.132001
-3.464214 2.272642
-3.837248 -8.315948
-3.194651 -2.674432
-6.887582 -21.782840
-0.714641 4.600475
-2.846438 -15.078227
8.909705 6.377599
14.885069 -9.477680
0.988572 1.426347
-2.151428 -14.410591
8.656058 6.268106
-0.262851 -0.140525
4.169871 3.751775
-15.236115 18.412852
9.568593 9.626769
17.145329 -21.614212
4.862618 9.801619
-8.912328 -13.229414
-2.563229 6.293209
8.016069 -3.297539
4.862689 -7.199745
-20.223869 -8.454079
-0.346124 -1.716174
18.887163 -23.918475
5.619890 10.210381
2.803793 0.715478
0.447116 0.403749
-8.206221 -25.663366
11.105476 -1.276628
-1.717273 -0.221074
-2.681957 -0.136973
-18.113867 -24.813734
-32.995660 2.615749
19.282847 13.903306
-20.732819 -9.951768
1.423640 -19.550794
5.519333 -0.091491
1.152748 -6.767073
25.921038 -11.804648
-0.359597 28.803505
-4.748758 8.860920
-4.372798 0.241724
-6.752885 -0.646345
1.373648 -12.603371
0.412000 0.140664
-8.124110 -5.371834
20.892609 14.982201
10.444000 -10.875393
17.098696 20.875248
30.323663 28.627775
-9.254515 9.597816
-8.606243 1.147010
1.798738 -13.830883
-15.989887 -30.367227
-0.079304 0.665107
13.579851 -9.236694
0.046910 -2.795022
-0.068350 -0.615201
15.809727 14.147882
-0.413221 6.246173
13.813274 3.524477
4.180098 1.887080
-10.322440 -8.950484
18.407785 -5.490332
2.878037 -2.316296
2.046088 -3.038182
1.700751 4.046342
4.199881 5.746882
2.412388 6.607130
0.867621 -27.270643
-2.378960 5.446943
-4.544491 -20.400086
16.987669 -6.967228
-9.106565 5.308553
14.556228 -28.465789
-21.169685 7.949208
-17.384561 5.802167
-14.853226 -15.318997
5.187473 11.944734
-3.084666 0.058166
-18.104306 21.459920
-23.558686 10.162667
0.002531 0.286576
10.230503 10.819753
0.954683 13.430680
25.461447 -1.088085
-18.802499 13.603207
0.161532 -2.856956
3.331295 5.250394
-1.138411 8.830022
-29.230828 -11.617695
-26.981184 30.390597
-13.117376 -3.629567
-10.067100 5.144694
20.048425 -11.884361
1.877112 -5.237129
0.393346 3.544952
-10.504537 -12.642639
-20.032526 3.356336
0.772037 0.982881
1.158605 -13.406437
-1.007138 37.251284
-7.534741 3.237331
-3.877637 2.233475
5.757216 15.330679
31.724922 2.350095
-4.162602 13.721818
0.048241 0.133299
0.675301 1.375475
-13.042319 -0.817091
-20.602896 5.833113
9.166774 -13.718304
3.816157 -7.981329
20.725485 -21.258922
-17.374382 31.479089
-4.116709 9.596466
-14.884178 12.610736
-26.280134 1.933070
-8.163592 23.655166
-10.185017 24.646361
-14.198989 -16.850663
13.783648 -15.862449
-0.240210 -6.235362
-8.122833 -20.150270
-13.862026 -8.843755
-0.202319 0.475589
1.738742 -1.135158
13.101082 11.614681
-5.056668 -1.514374
6.676960 -0.790942
5.289413 1.148176
-1.081240 -15.251628
-5.088628 -6.132126
-4.544276 -16.324043
-2.592580 -0.938414
-4.741885 4.665890
-3.017455 -10.891454
-0.153699 2.367832
12.462044 -5.996093
-17.233508 0.692861
0.032656 2.185268
0.402758 5.421138
22.407011 21.630770
-1.997480 -14.201588
-9.202835 2.934164
5.396221 4.207475
23.930692 17.872824
4.861489 -31.844923
-7.858169 -3.336409
3.631778 -0.353073
0.476941 -0.871788
-0.826093 -1.066663
15.107727 -4.568162
-23.320396 24.566950
-1.955809 -1.751275
6.133329 18.122523
-10.342456 -18.798891
-6.693142 -10.429909
-7.831442 3.455262
12.093803 -32.083091
0.206967 -0.225260
7.989601 -6.784417
-5.303160 6.703280
22.023495 3.802902
16.553566 -22.772786
9.153371 13.825166
-1.233402 -0.058218
-6.759129 12.441672
-1.386311 3.752501
-3.139416 -5.998512
-1.057350 20.571008
22.809558 -17.481055
0.236211 4.747104
5.405162 0.012219
18.317228 18.974387
2.081657 -3.242917
25.591209 -5.457285
-6.170438 -2.956417
-2.311077 1.779499
23.705538 16.494277
-3.076067 -2.468003
-11.756761 -7.559367
4.088713 -4.867431
8.791766 -20.624526
-1.602982 -9.655065
-10.078930 -26.234960
4.101135 -4.166118
0.000000 0.000000
1.744985 0.391324
-19.087233 -42.345588
-12.228368 -21.612742
-18.275868 -25.376704
-11.229824 -3.030027
3.283679 -0.067858
16.187711 16.636500
-4.728390 17.952266
-8.730923 -22.212308
0.693111 26.600235
-4.870644 -25.421602
10.879131 8.305611
0.178939 -3.414873
-13.931466 -0.655302
-0.316547 0.408784
-14.326487 -12.130954
-5.832673 -6.298649
-6.667119 -8.001668
-3.025055 10.099082
-15.677396 -41.001493
6.497163 2.216953
19.089009 18.922261
15.150376 -13.149868
0.478876 -10.077013
11.031919 6.253257
1.718447 -1.062188
-27.347021 5.364500
0.622978 6.796327
-6.147805 7.723183
12.048342 -9.473432
2.889330 4.390803
14.337555 -7.591607
15.140528 12.585828
10.342011 9.385794
6.780737 -5.778987
8.026982 -22.124183
0.262939 9.000324
-0.986708 8.010436
2.654073 -2.469153
-5.843322 14.505751
13.680447 -5.839265
9.691080 -22.209552
-8.647442 9.111658
-12.051380 14.195680
-18.132547 -23.273100
14.670928 -0.954891
11.974174 3.928261
11.313138 16.382234
0.192915 0.078303
7.608154 -8.610135
6.904295 -2.441239
0.217754 -7.972299
0.962624 -1.949019
-8.463882 -2.481751
3.227112 1.211938
-9.112069 -18.502395
-7.028448 10.858807
15.315533 -12.283346
3.864971 -4.154586
-14.045425 30.319973
20.433674 30.354635
-19.628220 11.126811
-6.946310 -24.067057
1.077354 1.216816
-4.020599 1.086488
-16.245941 -4.224805
12.571245 16.151193
24.741810 13.869387
-1.964534 -16.756858
-6.832160 10.337801
-12.007793 -8.912857
15.434880 -13.540756
11.685596 4.786396
1.044198 -15.527177
-9.807906 15.996693
24.475116 -31.309149
9.194456 -3.228806
-6.263329 -19.607620
-1.922782 -3.044608
-9.819778 10.269623
0.284579 4.394969
-34.142199 6.387284
0.217705 0.131385
-19.783839 -3.641358
17.483183 18.354987
10.702392 35.719732
-15.160551 5.082410
-nan -nan
2.150844 27.101196
7.872557 -0.167728
-0.487901 -0.055393
-1.143786 12.720758
-4.221747 -5.022331
-16.367923 3.486799
3.773658 -0.090761
-0.092320 0.768866
-2.889034 6.747985
4.148265 -32.553965
-0.967199 -2.012230
-14.539841 -13.345304
-25.132115 21.116614
-0.087695 -0.000279
4.951865 -1.404611
17.169649 -14.175525
-3.896918 -12.098848
3.788207 3.001677
3.369583 -0.487514
2.110476 -1.076140
-15.407254 -0.311964
5.609057 7.976628
-6.482286 17.736972
-0.259299 0.308552
20.043917 -0.581100
-15.930614 23.455922
-22.581661 -3.023116
-14.963918 15.965420
-27.159122 -15.711362
19.506057 -0.076392
-27.900129 -26.938456
11.727252 -2.618756
22.561287 11.656894
-2.601655 3.444304
16.019730 2.801215
-14.903282 -12.044220
10.838977 1.517484
1.530971 -2.989510
5.227343 3.182942
22.672202 -2.017997
-23.458829 -26.898313
12.145137 -23.873920
0.982896 1.819642
-7.216720 9.787596
14.808813 4.994343
-15.348148 -1.648588
-1.767302 5.114575
-2.512616 1.139705
2.194300 21.395271
17.008140 9.372172
-7.123050 27.187575
8.141193 14.072044
5.530113 -2.885628
3.587946 -1.730535
4.664077 1.996204
10.925098 11.248133
-8.711998 3.548758
-10.173271 21.538745
0.813696 -0.352534
18.142279 7.781825
-26.374537 -0.957116
1.117906 0.588161
23.142999 20.645803
9.618247 -5.826148
-20.861950 -14.090997
-4.522430 1.484001
3.952801 5.765164
-2.524012 -6.869622
-8.534585 -6.142353
15.264817 3.208709
-nan -nan
22.369196 0.154623
1.714362 -3.624534
8.063093 16.428116
15.444171 17.778571
9.552249 3.724513
5.483429 -5.599356
15.439851 -16.722013
6.719662 -2.475019
2.556053 -0.111247
-7.826105 7.603311
-9.069921 3.294937
4.118155 14.996365
11.865662 8.312242
11.604460 22.063931
-2.969908 -0.608031
-14.025728 -10.018995
-6.705816 -8.507261
3.407188 3.678880
-2.655697 -0.807193
10.101966 -0.471946
5.493203 10.838994
2.284569 -6.170278
-7.288737 -6.452417
-4.714886 -23.206149
-0.731382 3.389508
-2.511094 -1.517616
-11.317426 15.349213
0.293779 0.818455
-0.035612 -0.010748
9.897584 -3.043081
8.002174 19.105309
12.946619 18.433003
-11.744124 -4.305374
-7.860715 -4.126199
-3.193774 -6.576283
3.206991 4.325504
35.209899 -20.632617
-10.356136 -15.397643
4.420468 -5.282651
2.631896 2.101627
5.144137 5.398594
0.125574 7.154548
-28.035622 7.968572
-5.441247 21.618258
-4.823994 -3.294045
7.762649 7.406980
10.766249 6.479524
21.811938 -12.256251
-0.331874 18.012313
-8.388929 21.113207
-17.930748 -12.861251
0.169774 -0.115666
6.516279 -1.404873
-3.807622 -1.806167
31.276225 -0.870482
10.120292 8.350428
-10.551480 3.234026
-17.282022 7.104663
5.668332 -8.805718
-6.808135 -3.639057
-12.052916 13.133672
4.224397 7.332966
-2.890402 1.939525
-10.502235 14.337864
8.418948 -19.933700
-1.817482 3.619770
-3.440509 10.440458
-10.295212 -4.962435
17.083349 8.420770
19.439528 -23.812734
-16.811014 16.185364
-2.507176 4.503333
-16.892043 -7.537995
-0.500708 0.776462
1.336016 3.729696
4.407181 10.336684
6.103050 -15.339207
10.953725 23.513173
0.169008 -4.301905
18.254593 -10.600769
-2.677819 -9.571111
-13.331703 15.946242
-1.123581 -8.376915
-16.051932 -11.385627
2.059437 0.778908
-9.384551 -17.792015
-2.995062 -5.039311
-0.308914 -1.221378
3.451573 -11.002509
-1.343375 -0.646046
9.030287 -13.061076
-13.056301 19.722415
11.425573 -2.032631
-10.527303 -2.963191
39.205133 -5.424704
8.123157 16.010130
27.991716 23.493063
-6.116152 -0.478877
15.320315 -10.027430
6.991268 9.339383
5.708008 9.220072
-6.953673 24.116195
-6.928550 -1.001809
0.698644 -2.944308
-5.686805 -2.889791
1.141150 0.781586
8.190308 2.162800
-1.875200 -3.056846
8.299852 1.834022
0.491119 -0.522540
-1.193734 0.659564
3.615036 -0.724679
23.245166 20.119063
18.383396 -23.692819
8.053307 -9.678931
-3.964202 2.540253
1.362768 7.106555
0.256911 -10.357070
0.453533 4.220328
8.252334 -1.431453
-5.041486 -17.277025
6.504967 15.373150
17.405529 16.170553
-3.635237 16.678616
-0.357970 -6.008860
21.288951 5.892461
-10.936461 5.681269
-8.845544 4.994887
-6.626379 -4.836299
15.018103 1.663026
-0.934253 0.447557
-11.690137 14.374217
-16.693026 5.065724
7.095550 -3.908807
-10.616232 4.890970
0.188542 2.472623
-21.884628 -4.880545
2.079523 0.336241
-1.229234 2.336070
3.747234 -7.421047
7.816838 0.940902
-0.112262 12.026756
-0.043624 -0.052660
0.244683 -0.023351
-9.345912 -30.201995
-0.012887 1.968000
18.455985 6.007097
17.072269 -5.073118
10.844068 -1.308131
-4.648342 -0.445167
3.923890 -2.862411
7.627840 -26.026251
17.865729 22.866769
-7.201589 -8.230325
1.349546 27.325436
-7.074426 2.877672
2.513412 5.885242
-15.132268 -9.837092
1.825765 -4.247457
0.863505 -33.013200
6.251541 -21.683796
0.830706 27.921909
11.472673 -1.406174
9.816389 13.283179
-11.755068 -28.916561
-4.339396 3.572703
-13.014889 -26.798217
5.019368 6.743052
7.019796 -29.264171
-13.005469 -6.259711
-4.703861 -2.631023
9.080466 22.765136
1.475278 0.274170
-0.125069 -0.218297
7.881325 29.119677
-16.021918 -13.687653
9.454691 2.937062
0.613917 -0.654146
2.566580 -16.443296
-4.847017 2.241468
1.460247 0.423761
0.001965 0.265332
-20.293675 10.502659
5.186443 1.645298
-16.963855 14.293119
-6.395414 1.841696
-1.291903 -6.807946
15.705706 -0.085041
-23.830808 -2.273946
3.697806 4.717438
-0.754412 -0.606927
1.611375 2.299732
-3.691117 3.195999
-nan -nan
-2.836418 8.948602
10.941417 -6.472429
-18.957256 -1.954597
-14.321643 -25.220298
12.554743 6.027170
-27.559494 -11.093148
3.230260 -0.894318
26.780845 -3.971455
-4.762173 1.033595
-13.242303 -9.032806
-28.799138 -8.299356
5.239691 -19.703340
22.071376 -7.297397
1.553984 -1.981730
-0.032620 0.495161
1.041460 -0.173278
-12.904997 -0.814158
0.701347 -3.309920
1.210700 2.908409
-8.667332 19.531732
-21.894384 -11.986338
11.684629 -19.552441
25.505086 -1.673818
13.114353 -8.287679
15.577318 9.401396
0.303757 -5.236290
-1.779436 -0.315755
0.377026 -5.692999
-22.261824 31.784822
1.363139 4.097277
-6.960740 -25.405822
-9.782525 -3.278346
-0.204548 -0.036917
-8.129692 15.143709
2.463114 -16.732153
-7.822803 15.485707
0.387012 -4.360297
10.203508 -5.016451
-10.103224 -9.527099
7.535431 -3.343498
-3.441574 -2.143281
-6.740665 -7.940102
-2.300666 5.188201
4.531646 1.900806
19.992730 -14.061844
-4.614798 -4.909955
0.121267 24.968858
7.745135 -5.245362
7.192553 3.352265
-9.711110 2.208953
2.959445 23.360760
9.481690 16.608016
20.264582 -4.398880
1.447667 7.103782
-16.837920 -6.717699
0.911090 -8.880266
3.050411 -6.334866
-5.818241 -8.532854
-4.304672 6.163318
-2.172843 -1.217816
3.339659 5.738789
-30.524086 7.543755
-17.498559 -30.968044
3.981568 4.058708
-nan -nan
7.278210 -5.442604
13.628143 25.000517
0.954738 -1.627693
-1.874517 -1.421128
-2.486009 11.118964
2.184975 16.916685
5.464870 4.011206
20.060006 21.944194
0.213132 4.657631
0.537907 0.142369
-3.796618 13.977239
-13.637484 -13.078684
-0.420195 32.833904
-1.101356 13.952602
26.060977 20.241887
15.523378 2.923704
-0.934250 3.562104
-7.095415 14.220183
7.812443 4.668599
6.040258 -6.377525
26.985099 2.702294
7.372695 -4.795106
0.495605 0.790352
1.478539 1.117777
6.112503 -25.550537
-1.921603 -2.820653
1.048263 -29.170870
2.696841 -1.473030
-2.055728 20.473773
-1.268743 4.865791
6.514576 -13.289103
0.358014 2.719299
31.103381 23.096270
-2.444334 -0.309243
5.459256 -1.534355
10.332144 -4.879960
0.427285 -1.046392
-21.711095 -7.748589
-3.666189 -11.914989
9.287016 -40.797951
-7.899044 12.295025
-0.781475 -28.402363
-16.004354 -11.230491
-21.266762 4.614453
14.005546 12.024165
-35.350294 -1.644541
-34.209650 -5.432876
1.226639 5.470675
-21.495137 13.969700
1.658231 8.588665
-39.694632 -11.471232
-7.659106 -2.636639
-12.372211 -4.893099
-0.293797 -2.164151
13.396851 21.484795
12.109120 -18.758863
29.760021 -20.701213
-6.735577 -10.377268
-32.921543 -1.960931
21.955107 12.282476
0.535466 -1.513608
0.812490 0.550632
-4.844478 11.403341
-0.298953 -4.161662
-1.152905 14.605649
17.963565 -19.127695
0.000000 0.000000
3.988831 3.562491
-16.284533 -10.079033
-3.697309 29.847029
-0.079187 -0.484540
-16.312293 30.473094
8.648216 13.910698
-9.366415 -1.263592
33.215284 10.609710
-7.118137 2.712026
-2.690576 -0.987613
3.967868 1.207792
9.637626 15.813551
18.204103 -18.084857
24.497169 -20.127037
-12.404382 3.288958
-13.251094 -9.712137
-27.237849 -28.817429
-5.524303 1.962037
35.182356 -8.457426
-0.189949 -15.769603
-22.158637 15.093164
-2.909142 -2.368583
-1.674355 -20.468537
13.536311 12.223385
-2.119171 -2.150200
15.678324 -15.611286
0.341235 5.808358
4.815584 23.076518
-0.582989 4.366939
8.179809 2.526247
0.169301 2.644221
-8.333866 33.071246
-3.791073 3.628976
7.910789 -1.704839
-0.770306 8.908139
0.000000 0.000000
-2.098078 1.461004
-4.589041 21.241886
2.783830 1.914546
-7.899546 -7.258559
-12.210566 -22.912667
0.138099 10.602097
2.511356 12.648132
-12.655981 -24.174050
2.948811 -11.310622
-1.495421 -0.900554
28.000092 -18.721076
-0.359837 0.024963
0.276363 28.645132
5.883868 -0.385930
14.932970 5.651380
-15.055036 2.877164
-6.114690 8.202102
4.629963 -11.681793
32.233960 -1.559270
7.124672 -12.075641
-3.364051 4.778142
-0.146700 -22.522467
-5.397531 11.101516
-24.226801 7.735575
-4.084416 19.472408
-7.108994 -16.454103
-7.339037 13.312501
-11.986535 0.768114
-2.477958 6.702480
34.893871 -0.148229
0.398187 2.412152
30.251221 -9.239345
-8.321709 -20.688759
3.209647 6.938930
13.398175 1.072515
11.468273 1.832671
-20.306270 -20.643884
0.524280 -1.381928
5.741516 12.493230
-16.787295 5.684058
-19.681790 -24.247223
12.431999 -6.189954
3.843810 0.892345
7.532139 20.809711
-4.076184 6.880076
1.184649 -17.081877
0.313420 -0.017944
9.586410 -17.595863
1.602950 -4.179311
11.752909 -3.492441
-4.579714 -1.604208
-8.278808 21.655797
-0.763817 -0.682333
19.845716 10.313347
12.216060 6.731378
7.938261 -15.588960
0.289680 -1.606711
5.565851 4.403868
7.332494 -1.503905
-14.073717 -16.008939
6.198165 -5.497271
0.975270 0.738810
1.201719 -4.612234
1.900132 -16.097180
-24.512194 4.361430
3.603236 23.235006
3.323771 -4.940779
-3.887484 3.807960
-11.040970 -13.020394
2.834278 -23.021152
16.711160 19.655085
-17.676502 27.684644
10.506411 24.160892
1.559648 6.897629
-1.393807 -3.113654
-8.723343 -9.944302
0.044508 6.563445
18.284472 -1.267512
-0.718614 -0.150808
-5.056523 -9.681490
4.680591 0.102927
-5.955262 9.791100
-8.867765 3.582463
1.979291 -9.443852
17.196282 0.395180
-14.221970 31.269539
7.549466 -21.259789
-2.606476 -2.991779
-37.542437 -0.971771
-31.109794 -21.598904
-0.027535 -5.549012
31.714721 8.231854
-8.947721 2.331442
6.081223 4.694308
10.848184 11.502407
-1.405718 -5.377166
-15.811290 12.738341
-4.701991 3.522261
0.224277 6.551246
-18.539372 9.619570
2.091436 -7.853571
0.982959 10.511136
-0.878808 -1.374451
1.326343 -1.248384
-4.448193 6.057935
-17.007463 0.874265
20.003318 -19.583681
6.699645 -3.786126
-0.280262 -22.760157
-2.079458 -0.596404
-20.388233 9.253307
-0.268702 19.859309
0.318115 -9.002370
4.966874 -9.901027
-1.233670 2.951816
0.727390 -1.093963
-13.852038 26.510346
-1.055971 1.310608
-3.788264 12.561259
-0.409607 -4.778022
6.664533 4.265520
-14.276895 -8.827965
-6.310052 7.723615
1.286714 0.409115
5.722598 3.502794
2.284845 -12.432781
-2.944091 -1.045707
15.948985 -28.186690
-16.321500 20.032419
7.625859 -16.919129
-17.884636 10.644127
-28.879108 -4.146788
-1.555962 0.925795
26.474168 6.617780
-4.532155 -5.466136
0.304706 0.453314
11.633518 -6.034785
0.299418 0.197792
6.889666 -6.964688
-1.865502 7.003421
11.898040 14.513937
-5.226873 1.251191
-7.217562 -4.100001
7.652941 -22.529172
-2.756221 12.811821
-32.052623 1.403582
0.204352 -6.020271
4.767035 23.247696
0.182235 -1.114329
18.801003 -2.043891
-37.875166 4.043007
3.091690 3.107099
25.535254 6.093272
8.573711 6.474400
-4.330940 -15.422000
-0.660959 2.502515
7.551698 -4.501127
6.952988 5.769916
-3.723927 -3.370489
-0.630360 0.053678
-4.473847 -13.900134
-6.924438 -2.103670
24.704864 -4.882472
6.549447 12.206958
-13.079276 -14.790245
6.063999 -15.839339
10.751951 -12.811094
9.371210 -16.367749
16.640979 29.151357
-32.277012 3.987501
9.308745 -3.666673
-9.721536 12.355406
-6.378688 -16.003213
-12.187521 17.243098
-0.300424 10.159322
17.400079 38.733506
-11.484369 -11.433557
16.398752 -3.749593
-21.319009 -8.581420
28.314070 4.183651
-1.943040 -0.921589
10.528983 11.690898
-9.411043 -39.638560
-8.669624 11.385210
-5.825634 1.149951
1.431826 -0.778635
-0.537183 -2.634496
-2.290244 32.276617
-5.705045 4.569461
-5.887367 -12.105977
0.271645 0.798903
-2.496423 7.627077
10.160801 -13.498583
26.138681 2.471148
-6.809837 35.818484
-7.711142 9.537825
14.756348 -13.807845
1.069613 2.702697
4.977507 -1.148584
6.193689 -9.289666
-6.041118 -24.651238
-0.116349 -9.297483
-8.857356 7.800461
13.442270 1.324868
14.900375 8.553904
-16.036738 -3.714440
-4.232321 -8.278134
3.069312 -4.255573
2.743280 -1.943156
1.480148 2.034144
19.799365 -5.755233
-8.508490 19.980338
0.933374 -12.467791
-5.218015 -10.744752
-23.056929 21.732960
-11.477883 -25.900342
-0.069104 0.802405
2.421261 21.675852
9.429928 10.622708
-2.981291 3.714562
0.534332 0.829311
13.420204 -12.622994
7.464039 11.585442
-3.253198 -9.095631
17.551476 -30.193545
17.032366 -33.724925
10.558805 -6.321030
-21.250649 2.824440
-5.482047 -3.739787
10.938609 24.034021
-11.066473 3.613022
-1.566349 -13.062320
-21.851177 14.905941
-4.399857 10.932151
-3.415492 -13.965581
18.960273 -16.480166
-22.021226 -6.829177
1.391446 8.268623
-4.490749 -1.794019
3.077186 7.201224
-4.556099 8.740928
-5.841979 -2.266819
-13.437021 -7.538364
9.911750 12.432593
22.623037 -16.015162
-27.145217 13.036367
15.046113 5.786392
-9.555025 -15.129639
-1.821593 -7.991364
-17.400991 30.070580
-18.198780 12.033365
2.589656 2.839883
-9.019308 9.813715
3.904017 17.918827
4.878011 -28.426693
-5.168107 -16.588811
-15.594881 -4.658321
0.031916 -0.427744
8.072158 13.182316
11.350533 1.840521
3.784544 2.079585
-2.856167 -6.649676
-0.820787 -1.036460
36.502512 -0.999634
4.274302 -5.810808
18.641209 -8.714908
-13.630041 16.671475
1.679443 7.591889
-2.842892 15.445880
-10.318804 -14.180455
-5.105624 10.802783
-15.705418 5.654077
7.236692 4.213231
20.941899 26.080328
-14.950079 21.286516
21.949369 24.322399
7.512222 7.938832
2.417472 -4.576332
-3.175598 0.846077
-6.371707 -8.092400
-1.413582 -12.739617
-8.919602 8.971868
7.041056 -4.424338
-17.384173 1.147161
-33.324940 -8.938725
6.728052 17.371603
-10.036845 -25.689761
6.755295 -8.932057
5.505865 5.421375
-0.240055 -36.093076
-0.835709 2.488451
5.613264 6.152440
-21.378928 -5.739247
-28.665530 2.949383
23.721323 -5.309081
-1.241743 -3.488042
1.152500 8.878707
-3.007263 -3.308741
9.495381 -5.900164
1.766079 -5.406526
-4.625667 3.904042
1.914361 13.868494
-3.492624 0.549276
0.353566 2.979764
-0.505846 0.699255
1.301155 7.439952
-31.818364 -10.537037
-7.116829 -2.828457
-1.667901 -2.766966
-11.932509 -6.216922
-12.532865 0.557293
9.042333 -3.630672
5.327173 23.881235
9.055123 -2.026632
-35.892863 -0.779900
11.690036 -3.038878
6.560235 29.314770
-1.695111 -2.603302
-2.081934 17.404368
-2.308965 27.039351
3.164559 2.987899
1.427102 -1.109696
2.765669 -18.298239
-33.489610 7.495862
5.505342 -6.642863
-12.927289 -16.990372
3.481855 -0.224610
7.379143 19.020322
-15.282812 -4.485120
15.189771 1.463190
-7.391923 7.311135
0.342003 -10.629407
12.291095 4.649764
4.092088 2.107059
23.156732 -18.394885
3.500009 6.588306
7.052829 -7.362073
-11.503983 -17.114573
6.938603 -6.900820
20.488593 11.933407
-2.394237 -3.543452
3.657795 20.242110
-8.894642 8.055233
16.189249 20.936974
6.125085 9.045725
0.123364 0.147345
0.389630 -0.426963
2.028897 3.733650
-10.715039 -8.442862
10.968906 12.564668
21.717640 6.338214
5.060206 -0.315255
10.531451 -5.254609
-5.931895 -3.715645
21.455936 -13.339311
-13.219376 7.519781
-8.676257 -2.462742
6.544555 0.863882
1.511793 2.900238
-10.509274 33.911377
17.102612 -3.433180
25.089628 1.867958
9.349495 -3.457529
6.115285 4.483248
-1.785089 5.598025
-17.745705 2.822651
-7.947692 -6.693646
18.110639 2.769455
13.524740 23.927894
0.156138 0.224245
-12.444796 14.623253
22.764018 -1.488164
-2.656038 -14.587832
-5.595849 -5.743955
-11.837303 8.296440
10.467280 15.148142
0.196033 -8.465914
5.567534 -11.832800
-13.501037 8.404339
-11.016683 -27.323301
4.119244 -2.795809
-8.345010 -16.728515
9.301182 -8.811816
-1.955465 -0.240830
33.866065 -24.716700
4.679614 -13.288594
23.732314 11.294186
-4.317179 7.553574
3.894737 -2.647582
14.566602 -18.092105
-7.916831 10.938532
-8.491078 -2.422762
4.613812 5.997379
-1.632210 -7.365276
-26.826418 -16.909289
-22.341975 23.236329
6.810084 1.481253
-7.909233 -7.309356
14.004523 17.172308
37.796144 -9.754476
0.922816 -12.961026
-0.930044 -6.931311
0.778211 0.321584
5.399149 -4.450284
0.181728 -0.086414
-0.299228 1.030032
-30.062288 9.921429
-33.390978 1.599830
-2.870954 14.286732
-4.545621 4.457667
8.772899 -6.111901
-3.868280 10.466137
-12.212982 -18.192305
21.816605 15.512554
8.171731 -5.857294
-4.049794 -1.348420
-1.167615 4.093679
4.020689 5.904236
1.467334 1.883019
-20.034591 -0.049672
3.132628 5.445210
4.520938 -14.844129
10.911174 -12.314037
-12.780009 2.873510
0.084137 -0.198201
-0.388603 -34.484387
1.293036 -3.267532
-9.544304 0.886502
27.626013 -19.955942
4.726983 -22.768537
-0.122240 -3.122889
2.918086 -6.577526
-5.365555 4.470963
-28.053769 -13.005298
15.345228 -14.172701
3.266137 -8.874095
-5.325593 0.350046
1.101134 17.307208
12.262938 -14.072069
11.386249 -14.414984
11.266003 3.549100
12.397971 -8.431006
-1.149332 -5.992718
-17.512792 -15.740358
-7.200249 35.445126
-0.080921 -0.161751
-5.504615 -28.529891
10.433801 1.177529
-5.165435 -3.596189
9.085900 -16.891108
13.131042 -10.656445
-34.486539 -10.822493
13.129500 -7.527832
-3.141518 30.900826
3.081936 -2.678802
-7.031074 3.948589
19.962099 5.218645
-5.109916 8.147074
19.657438 -11.564004
-10.082252 14.684616
6.953886 2.180411
-1.576009 -0.200502
7.335249 -2.100329
-9.577591 4.446018
4.423801 3.325678
-7.050790 3.722357
-1.118288 -1.001185
-2.081652 19.988199
0.325200 19.079999
-0.726844 -12.922954
5.753940 -17.605830
22.141260 4.590419
-25.243455 3.517785
-1.912883 -2.250517
-1.302941 -7.304097
-7.138688 -7.754713
19.573208 18.766044
-0.998677 -2.293660
-6.296235 -1.043978
14.898253 -22.345197
0.484199 -0.036799
5.592878 -4.716066
-15.752596 4.472288
17.647557 -4.008947
8.432599 8.223220
1.508117 4.303792
-4.027571 7.437437
9.454701 2.974289
-1.160161 -3.006860
-7.245151 7.564462
-1.138774 -9.305223
8.018647 3.722168
29.069443 -22.359718
-5.254017 -5.297245
28.375777 -15.028242
2.810242 3.495675
-26.370063 -30.853729
-27.186326 28.194181
-22.321505 11.070072
13.356243 -6.323197
8.554780 -13.827218
-11.127982 -4.092272
14.885986 13.646517
-0.437833 -5.541897
16.078130 13.117233
-3.931541 3.867179
1.416240 6.210305
8.630128 8.105958
-5.867554 4.683608
16.818937 0.831184
-14.541518 -7.707290
-1.301849 0.188697
-3.106700 -3.609290
2.009608 -0.584561
-4.572752 -17.882614
-32.279868 8.673892
5.858054 -30.682787
22.349641 -1.630691
1.983772 -1.329720
3.929866 -5.047434
4.703471 -16.943720
-3.643789 5.297957
-15.885787 -6.717492
1.700234 -3.531616
-11.581957 -13.519555
2.230630 -3.302088
-0.118818 -4.496101
-6.583194 -0.343196
-0.615552 -1.266613
-24.259152 -12.983082
-10.335995 9.810321
-13.638675 -32.997242
-6.170570 -13.093679
-21.662674 -3.900375
3.662386 15.486664
-13.730722 0.364782
0.676073 9.774350
-4.873327 -9.448140
-21.328571 23.224157
-2.688752 0.009947
-11.867226 -4.091095
7.776582 24.453499
6.208897 1.433070
-0.560531 2.062617
7.550014 10.233494
-4.021298 3.627218
0.605295 -1.596327
17.157310 8.012450
6.793223 -17.937009
-10.818045 -4.027813
0.787558 -3.877582
0.496538 16.121686
-1.945670 -0.728672
3.338771 0.665907
-10.371712 14.720740
-4.435174 -1.578679
0.689567 1.690846
-21.028986 -29.255008
-2.931128 -3.753915
-11.469769 1.021452
-14.860416 -24.655668
2.487244 -4.774601
17.383569 26.552369
5.915717 -8.940362
0.015293 -13.649914
-30.804672 4.228377
0.004978 -0.031854
-14.933929 -9.675688
-7.064398 -2.480333
3.218095 -11.660020
-33.057142 -1.798742
2.432432 -3.693203
-12.140556 14.860206
0.031823 0.592436
6.459090 0.594377
2.856156 -13.453873
5.138170 11.503344
-7.749098 -15.978508
0.516588 -7.539563
23.132193 -13.260485
11.011416 -6.132184
1.189660 7.515013
-12.779478 1.568420
15.629502 8.890267
-nan -nan
21.333042 -2.702176
-0.212794 1.861936
-15.439612 6.793893
3.492079 -4.400467
0.852233 3.102230
-0.359133 0.451222
6.538406 4.210286
-33.738769 -4.800757
-20.389368 -25.661954
-11.117353 19.333590
1.554429 3.554247
16.860545 6.915846
12.065560 5.974153
7.968948 25.487881
-3.911279 -14.443187
4.200793 2.281464
16.098880 7.982528
-6.555523 14.915585
23.535334 -1.507734
-12.399907 9.603172
-7.666355 -17.704190
-4.613370 14.657330
-0.188484 -13.015435
2.053212 5.388359
0.472042 8.657015
4.595342 3.134413
11.028596 6.414711
-0.772409 -1.101717
-19.807518 24.259699
-19.296642 23.370381
13.304031 15.189369
-14.227650 6.393731
-15.914451 13.081296
-2.030565 -19.513529
-22.243384 -6.174687
14.389583 7.093286
-1.679100 1.097885
-16.124619 -34.166586
-1.141043 1.336112
0.103518 0.608456
1.364841 6.193709
-0.691702 6.655429
-14.398963 0.271516
-7.703466 -3.239093
4.100811 -2.044771
-5.370298 -0.307612
22.113466 14.142711
-2.883248 2.406632
21.723314 -11.574392
15.558289 8.775714
14.768521 1.458025
2.157423 -3.778106
12.222383 18.234943
-6.962864 -5.730173
26.030164 -8.500774
-3.974262 -8.022400
0.099227 0.230395
-3.036189 -34.775922
-21.823656 2.726347
26.644752 -24.865346
-24.776041 -7.804954
-40.091257 5.435181
-1.483629 -0.137763
8.326417 6.341144
-0.015533 -9.425734
-12.666228 -2.629122
6.255938 -2.441106
0.689480 2.756034
4.580213 21.114638
6.663150 -9.206805
-0.549352 0.883176
-3.637014 5.213657
-0.382481 0.264864
1.728292 -0.656507
15.247001 -1.274248
1.345814 2.918695
24.800182 -5.959675
-6.594994 -4.019516
2.743340 11.072629
-3.670007 -1.015833
0.269138 20.467906
-1.048216 -0.522961
-27.689772 -0.710763
-19.446045 -19.385102
21.561735 -0.693109
-10.055416 4.380683
-15.320863 -12.283218
-0.037162 -4.333290
-18.193304 10.481248
-6.073248 -38.309419
-7.447346 -3.836491
-0.133283 0.398443
-6.694718 -19.039176
-4.287006 24.107553
6.254037 -3.444663
-3.876355 -37.166709
-2.763573 -12.054540
-14.985930 -16.033755
8.498299 12.695090
-4.206289 -5.851709
22.380690 34.576073
-0.232127 -5.401521
19.483116 -0.176284
0.196160 7.504704
-8.388210 15.175428
17.428826 -3.540335
7.625701 13.600157
10.677397 13.941669
-20.532870 -6.317672
7.755299 -0.563104
14.258584 -7.170553
0.058255 0.354642
1.274002 0.257870
4.547406 -16.851507
29.837804 -8.545900
-15.990338 5.757389
0.615965 0.881270
3.708192 9.620722
-15.720854 13.089554
6.079036 -6.265734
-18.663957 -28.620608
0.513190 7.935786
-0.288961 -8.086612
-2.490169 6.894401
5.741330 0.771603
-16.407454 1.685499
-23.608749 4.709878
-5.691661 2.533426
16.091794 -18.807354
0.307818 -2.049405
-2.801015 28.907633
-18.527111 0.203527
-25.361119 -17.642468
0.028635 -0.015669
25.106811 6.806601
0.166659 -33.919259
-0.278997 -4.826822
9.065269 -7.048217
2.741498 1.380779
0.093596 12.965362
1.410815 10.493161
-11.247882 -16.318179
-7.710366 -9.725856
10.634460 6.872162
13.063878 -0.168564
0.264409 -0.025649
-5.070578 -0.251180
-29.132116 7.146257
2.764172 29.311403
-27.913628 -25.933071
-17.487957 -15.592784
16.781651 17.659762
0.880275 -0.139278
6.735714 2.505694
4.197335 9.168525
-0.833192 8.628593
-17.876456 -7.673300
-12.847167 -8.559227
1.836196 1.012333
-0.621264 -0.015056
2.158785 10.138403
-0.636506 -2.171976
1.117456 -1.236045
-8.966114 -10.885775
-16.457953 -3.696957
16.787070 22.273693
-1.303257 2.511819
4.928866 -9.042383
-25.479040 -12.342888
15.099811 -10.501398
-8.040352 -12.481664
9.824586 -0.586642
13.881976 -11.968600
-11.039334 4.020668
-13.665743 11.834633
0.148855 0.397605
-1.724205 0.926348
14.498771 11.634579
3.336214 6.649966
12.888188 9.735152
17.058913 22.930340
27.110724 -15.372081
27.709085 -24.812201
1.236081 0.078692
-5.445624 -17.938596
-2.635188 4.392767
3.900569 2.780227
12.642973 8.818874
3.641106 -19.370652
-0.651591 0.096413
0.001944 -0.054726
0.010289 -2.368694
2.005604 -7.136815
1.549548 -0.176108
8.874201 10.874565
-14.740240 22.229696
-0.272829 -2.783330
20.010800 13.373817
-2.618885 2.431189
-5.429505 32.462562
15.521725 -23.425403
15.547448 6.518395
3.328784 4.056068
23.778872 1.051622
2.558959 20.282265
-9.188437 10.828061
-29.036509 -10.223157
-1.989047 -7.402373
8.425206 13.252967
-10.442371 23.407223
-5.001165 10.281382
-5.254519 12.010419
4.632363 6.643750
15.640143 0.366616
28.668660 5.200568
-0.211227 3.592836
-25.147953 26.020025
-0.733525 5.441066
-3.651735 31.822198
-39.800553 -16.035442
-25.270901 -3.710626
2.333902 -10.071589
-3.659964 -9.583889
-3.367996 2.737088
-9.770441 -14.527935
-0.246338 0.591319
5.526576 -3.011551
0.590051 7.034988
9.811305 -9.614439
3.302151 7.949416
-4.836482 7.247274
-20.358342 2.687654
4.852689 2.197292
15.396776 -8.136543
3.546815 3.784378
12.247049 -8.026989
4.647436 -8.775711
-3.408671 -27.205219
3.500000 3.500000
-0.158621 1.903448
8.458401 -8.955954
6.226415 21.792453
10.037736 2.867925
-0.304107 9.123196
-nan -nan
-8.000000 -4.000000
36.000000 12.000000
-5.462069 6.455172
-13.272997 -23.596439
3.661314 3.468613
-0.660377 0.188679
28.941176 -7.235294
-21.306288 29.501014
27.950562 17.080899
13.988166 -5.828402
0.451157 -0.116967
0.000000 -8.000000
4.551724 -10.620690
-15.331034 -13.627586
-17.933156 22.582493
-15.418919 -11.013514
3.520710 8.449704
-0.384932 -10.393151
7.614731 16.181303
18.780488 15.024390
6.538462 1.307692
-23.520000 17.640000
0.038029 -1.292999
-0.540541 3.243243
0.525478 -1.786624
2.923077 4.384615
-7.180328 5.983607
2.294118 -9.176471
-15.916107 -2.808725
11.997938 10.954639
-0.600000 1.800000
0.969283 8.238908
-1.986301 4.369863
-8.170984 2.150259
-9.739946 -25.045576
-2.215385 0.276923
-8.347059 5.311765
24.300000 8.100000
-8.922353 7.249412
-2.601156 -1.907514
1.448649 -4.708108
1.810811 10.864865
-17.403651 2.373225
-3.406538 1.383906
-5.049180 0.459016
-10.630137 -3.986301
-12.199630 34.380776
0.000000 2.000000
18.000000 0.000000
23.033161 -1.486010
20.890869 7.311804
-2.988235 13.447059
-7.200000 3.600000
11.000000 -2.000000
-4.235294 1.058824
-8.501730 27.934256
-8.038462 40.192308
5.640000 7.520000
2.178499 -15.975659
10.500000 -10.500000
-23.675294 -29.138824
-1.500000 1.500000
-20.154013 10.607375
26.689988 12.262967
0.000000 -29.000000
6.961460 -9.638945
-2.730769 13.653846
0.000000 -0.000000
8.512448 14.703320
-0.848000 4.664000
11.427692 -32.378462
-1.058824 1.764706
11.902439 -14.878049
-16.298422 -21.391679
10.886598 -24.494845
-6.558904 -6.090411
-26.000000 -26.000000
-1.094340 -3.830189
-13.500000 -13.500000
-8.307692 5.538462
10.500000 10.500000
1.500000 1.500000
-1.424138 24.210345
0.103448 0.758621
-3.200000 12.400000
-4.820225 -1.112360
-7.265753 -7.824658
30.905660 -8.830189
-0.879373 0.325694
-2.961538 -14.807692
2.200000 -17.600000
0.616514 -0.655046
-8.914591 28.526690
-5.000000 15.000000
-15.000000 15.000000
-9.113402 -20.505155
15.477520 -15.961193
-7.040000 -5.280000
22.341176 4.964706
-26.700000 -8.900000
11.773300 -3.717884
1.671294 1.146030
14.094340 7.830189
10.823529 -2.705882
-16.000000 8.000000
-1.458824 6.564706
-5.880000 7.840000
0.000000 20.000000
0.152284 -2.131980
0.425428 2.836186
2.800000 -1.600000
-11.811475 -1.073770
-6.861386 5.613861
2.350903 21.745848
3.440101 11.610340
34.300000 4.900000
-7.242353 3.049412
28.054054 4.675676
0.120000 -0.840000
-20.423529 -17.505882
1.898580 2.628803
-2.364253 -1.119910
-24.434862 4.249541
-0.975610 -0.780488
-2.509434 -0.716981
-6.413793 -14.965517
1.500000 -1.500000
-18.715026 -32.082902
-4.423077 -22.115385
22.565092 -16.489875
-2.448000 -13.464000
-23.027523 -6.908257
-5.989882 -17.220911
9.471496 -0.326603
10.388832 -6.156345
8.263989 -3.787661
-1.900000 -5.700000
11.200000 -5.600000
13.692308 -20.538462
7.753846 -4.430769
-2.602524 21.687697
-0.360000 0.480000
-24.024390 19.219512
-1.244813 -4.668050
-0.812227 -6.091703
-9.058824 -22.235294
-7.389587 -10.028725
18.300000 -6.100000
-38.037736 -10.867925
-2.700000 8.100000
-9.214008 -0.575875
4.336100 7.489627
-15.200000 7.600000
1.200850 3.482465
4.486486 26.918919
6.400000 -3.200000
8.320755 4.622642
7.880412 -9.569072
17.900552 -19.889503
-10.993201 -7.661928
0.821012 13.136187
-11.549498 4.289813
-2.781132 3.033962
11.809231 -10.566154
-13.607390 -19.277136
-11.938462 1.492308
21.000000 21.000000
1.076471 13.994118
26.060860 -12.099685
-4.087591 -8.759124
2.400000 -4.800000
4.157205 -3.179039
-9.030928 -20.319588
3.095023 -6.533937
1.923077 -0.384615
-2.528780 -0.079024
-8.920354 10.194690
-3.500000 10.500000
1.700508 -23.807107
24.284615 -31.223077
-11.741379 27.396552
-23.400000 -7.800000
32.235294 8.058824
-22.435331 17.627760
-9.500000 -9.500000
29.706509 -25.655621
-5.152941 -23.188235
5.996929 -0.773797
3.858824 17.364706
-1.320000 0.240000
-15.031142 -28.183391
8.800000 -2.400000
21.597510 5.759336
-3.585642 6.895466
1.003448 17.058621
-22.351828 27.716267
-9.645283 -8.841509
4.141643 -1.949008
8.269663 -6.831461
-17.086792 -3.203774
23.594891 11.010949
0.085603 1.369650
-3.691275 -2.583893
6.859216 8.069666
0.647964 5.345701
-12.163090 7.484979
-4.180000 -3.740000
2.640449 -4.224719
-14.921090 19.583931
2.104072 -5.891403
-30.112490 6.882855
-2.137705 9.085246
7.377049 8.852459
-18.393443 15.327869
-16.892308 -0.938462
16.200000 5.400000
10.037736 2.867925
7.251528 -10.686463
28.917978 -23.888764
-13.524590 -1.229508
18.990164 -8.308197
16.649066 11.966516
4.000000 1.000000
0.000000 -18.000000
8.314607 -13.303371
2.646341 7.182927
7.360000 -5.520000
-7.153846 35.769231
1.568123 -2.665810
6.081805 -4.146685
-15.000000 5.000000
1.768966 -30.072414
11.189802 4.028329
-1.546263 2.951957
16.000000 -8.000000
0.517241 1.206897
-4.560000 -6.080000
-11.896552 -4.758621
1.169231 9.353846
-4.498886 1.574610
-10.360377 -7.088679
-0.438356 0.164384
0.887805 -0.409756
19.607963 11.586524
5.769231 -3.846154
-0.362416 2.053691
-8.500000 -8.500000
-0.215385 -1.723077
-21.141509 -11.745283
-9.834842 0.468326
-11.844828 -27.637931
20.906200 -1.672496
-3.396226 -1.886792
-3.840000 5.120000
6.885246 8.262295
4.235294 1.058824
2.200000 -15.400000
2.264151 7.924528
12.865517 -10.886207
-27.554795 -1.020548
-0.642023 -10.272374
-35.860349 1.793017
8.000000 4.000000
-1.233743 -1.898067
-7.669683 21.475113
-0.340000 2.380000
-0.623342 3.366048
-8.000000 14.000000
-11.862069 29.655172
-0.735294 -0.441176
-13.382353 21.029412
6.549505 8.004950
-0.808989 0.505618
-8.760000 -11.680000
35.203966 16.566572
-20.165854 -9.307317
13.103448 32.758621
4.554140 15.484076
-11.850679 -25.018100
-6.487805 -1.390244
10.353982 0.690265
8.738255 12.483221
11.649438 7.119101
3.600000 10.800000
7.398964 4.316062
-7.130588 -0.737647
0.307692 0.461538
-17.675676 2.945946
-13.243243 -9.459459
-1.196060 -1.004690
-6.721311 -8.065574
-3.372014 -28.662116
-8.468852 -5.242623
-12.200000 24.400000
3.076923 -0.615385
-27.629412 17.582353
-11.704918 -9.754098
7.200000 21.600000
26.169231 -14.953846
-13.238938 11.584071
-6.309496 -8.062134
14.294118 -23.823529
-1.947598 -14.606987
-35.600000 -17.800000
9.670588 11.282353
2.380000 -16.660000
-6.000000 6.000000
-9.798817 -4.082840
-9.000000 0.000000
-0.057931 -0.215172
6.321267 5.746606
-22.484089 -10.854388
16.520000 -2.360000
-12.400000 6.200000
-0.576000 -3.168000
-22.094763 1.104738
13.927794 15.420057
1.576471 -7.094118
4.126829 8.941463
-30.000000 0.000000
-23.880200 -4.975042
5.138632 -10.791128
-1.346154 0.269231
-3.017065 -0.354949
4.111748 -14.802292
-6.591754 24.902183
-21.153846 -5.769231
-0.034146 0.092683
-29.184013 28.016653
9.600000 -4.800000
-19.446339 13.139418
-5.131599 26.391078
6.500000 -6.500000
3.100000 9.300000
-8.733945 -16.220183
-1.000000 -0.000000
-12.734499 -29.289348
-5.200000 2.600000
-3.949290 -28.961460
-10.735004 13.290958
-1.600000 3.200000
25.886792 7.396226
-12.451362 0.778210
6.721951 3.102439
15.454972 12.982176
0.266904 -0.854093
-4.614731 12.818697
-14.200000 -28.400000
7.893983 28.418338
3.459459 -20.756757
3.923077 2.615385
3.151685 -13.657303
0.769231 1.153846
9.020134 -12.885906
-2.068966 -0.827586
7.824621 -22.495784
3.893899 18.496021
4.884615 24.423077
25.201663 9.559252
1.929730 12.221622
-0.075862 0.910345
2.000000 -1.000000
-0.000000 -7.000000
0.106599 -1.492386
-31.506309 -3.780757
0.515397 6.012966
1.740614 -0.204778
0.832215 -5.617450
4.875659 20.895680
8.251825 -17.682482
1.188679 0.660377
0.083931 0.225968
-0.928121 -3.132409
1.294118 -5.176471
-10.153846 -6.769231
4.266055 -14.220183
6.500000 6.500000
-1.955752 -29.336283
20.688083 1.334715
-1.507614 21.106599
-20.555160 6.423488
1.000000 -0.000000
-5.362162 17.427027
6.549521 0.261981
-7.458716 -24.862385
4.022819 -0.595973
3.219512 4.024390
-1.530782 7.347754
-3.600000 -1.800000
-0.207921 -2.079208
0.152475 -0.675248
-9.137931 -3.655172
-12.954148 9.906114
4.483146 -19.426966
3.753846 -30.030769
-8.991537 13.187588
-0.000000 -8.000000
2.867983 -0.092516
24.355631 3.581710
7.192862 -11.645585
-11.200000 22.400000
10.327869 -6.393443
-1.629442 -22.812183
0.667302 4.270734
0.716800 2.457600
32.695890 -35.210959
-13.068293 4.814634
-0.132743 -0.008850
-22.905694 11.998221
-16.911765 -10.147059
29.000000 0.000000
1.903683 -4.045326
-11.930769 -3.253846
-1.058824 1.764706
7.216000 1.312000
-17.292213 -0.480339
10.000000 5.000000
-3.303754 -28.081911
-3.500000 -3.500000
0.500000 0.500000
-18.300000 -6.100000
-nan -nan
-5.453581 -25.904509
16.211765 19.952941
-31.000000 -31.000000
-0.000000 2.000000
11.384615 17.076923
17.314126 2.258364
1.286885 14.155738
18.400000 9.200000
-0.975610 1.219512
19.482759 7.793103
5.593846 0.310769
5.923077 29.615385
14.520000 19.360000
-19.297495 23.008552
-7.241379 -3.103448
-3.373057 5.782383
19.086207 3.534483
6.800000 3.400000
3.990826 13.302752
2.917431 9.724771
-4.917526 -2.185567
-1.053425 -28.442466
5.510076 -2.865239
2.738589 10.269710
-19.945946 -3.324324
-0.572453 -0.436155
-15.036585 1.670732
1.500000 1.500000
0.393064 2.554913
-5.085028 -2.421442
-10.210059 4.204142
19.827411 1.416244
-11.500000 -11.500000
3.261750 -0.279579
4.912195 1.809756
-3.540541 21.243243
20.632432 -15.005405
7.157212 8.499190
15.140998 -28.767896
-24.544146 -7.125720
-12.115385 2.423077
-8.000000 3.000000
27.088161 8.554156
-22.920000 -30.560000
-19.783694 -12.961730
-5.103448 -12.758621
-11.756385 -2.671906
2.167038 -6.191537
-17.616527 -34.254358
10.000000 -0.000000
2.000000 -2.000000
9.439024 1.048780
0.000000 5.000000
-35.806092 11.253343
-11.000000 0.000000
-28.477157 -24.680203
-nan -nan
6.621622 4.729730
0.482759 -5.793103
3.000000 -12.000000
4.800000 1.600000
37.133387 9.829426
-11.964545 8.251410
2.024590 22.270492
-2.857732 -3.129897
-4.483755 6.974729
0.839117 0.659306
2.400000 0.800000
0.489691 -1.273196
7.881657 -3.284024
1.808314 0.311778
1.838150 -11.947977
-19.058824 4.764706
-3.578680 -3.101523
10.234657 -15.920578
3.118557 8.108247
11.272398 29.120362
2.601538 2.327692
-14.495948 17.213938
6.275862 -2.689655
10.691034 6.507586
4.617834 -15.700637
11.701031 30.422680
3.754221 -0.326454
12.633503 -30.530964
-21.309735 -18.646018
-16.862162 -8.927027
-14.400000 28.800000
-21.632847 0.584672
8.724832 -6.107383
-14.188679 -2.660377
1.004292 -0.618026
-26.075884 9.890852
7.941176 31.764706
4.349315 -9.568493
-6.461538 4.307692
5.462069 -6.144828
-23.587629 -9.072165
-18.360000 24.480000
-15.448276 6.620690
-0.362069 -0.155172
8.905517 -2.166207
10.387294 -12.384850
2.652259 -11.669941
3.024341 22.178499
-28.990826 8.697248
2.692308 -0.538462
-11.379571 -38.406053
-2.378378 14.270270
32.882353 -2.529412
18.523077 10.584615
9.846154 -14.769231
10.975610 1.219512
-8.920354 10.194690
-2.419098 -1.663130
0.000000 -29.000000
-10.674157 12.921348
-1.229508 1.475410
0.500000 -0.500000
-5.764706 -4.941176
-12.360000 -16.480000
0.786486 -4.981081
-8.584906 -15.452830
15.639024 3.351220
9.216832 4.131683
-10.828729 -9.745856
-18.935852 -4.016696
-1.411765 -0.352941
11.112616 -1.634208
-3.000000 -1.000000
-27.927434 11.711504
-5.240296 -2.495379
28.350943 30.928302
1.920000 1.560000
-22.729443 -4.785146
13.567010 -30.525773
-4.707965 5.380531
-8.148293 -0.254634
19.460633 -5.473303
-14.107692 8.061538
2.169231 17.353846
1.923077 9.615385
7.000000 14.000000
25.701895 -26.588168
-15.076510 -2.233557
0.088496 1.327434
0.846348 2.680101
-11.942541 -4.691713
5.558824 9.264706
-34.280822 -15.582192
-0.986301 0.369863
-3.368043 -4.570916
0.082759 0.993103
10.500000 -10.500000
-4.413357 -20.301444
-1.000000 -1.000000
-11.642784 -8.981576
15.200000 7.600000
3.802737 -0.786773
-20.652886 -14.955538
18.979310 -21.351724
-19.479476 6.696070
7.543353 5.531792
-3.470588 -13.882353
-11.115242 8.550186
-10.714801 -6.888087
-23.950515 1.088660
-12.000000 4.000000
14.432432 2.405405
1.717647 -7.729412
-4.630769 5.953846
-9.051724 3.879310
-9.200000 18.400000
-0.084622 -1.480879
-1.000000 19.000000
18.600000 -6.200000
-40.073394 -21.577982
-0.235808 -1.768559
-6.141176 7.164706
-0.441176 -5.735294
-1.206897 20.517241
-4.226415 -1.207547
34.360374 -5.497660
-12.000000 12.000000
-18.739726 7.027397
-19.854862 16.876633
-9.713483 2.241573
23.093960 -6.865772
-20.800000 -10.400000
9.267257 -3.791150
-1.232432 0.194595
14.515464 0.659794
30.931785 -2.507983
14.000000 7.000000
-8.330215 -19.223573
0.188235 -0.847059
5.335260 0.820809
0.406154 1.150769
-24.650967 -13.968881
18.606557 -22.327869
-3.551131 -9.173756
-29.826394 -9.113620
3.159292 -3.610619
-5.170732 6.463415
-11.200000 5.600000
-10.000000 -0.000000
-7.000000 -7.000000
4.000000 -2.000000
-3.212308 -9.101538
14.432432 2.405405
14.699140 4.083095
-5.305732 -1.560510
-22.215809 9.398996
16.819672 14.016393
-8.000000 -12.000000
-0.900000 -2.700000
17.474601 14.853411
-1.600000 -3.200000
-17.500000 2.500000
7.532189 -4.635193
12.149541 -17.265138
-11.969072 5.319588
-7.000000 7.000000
-9.000000 9.000000
2.411765 9.647059
14.400000 -28.800000
-1.200000 -20.400000
6.719457 -18.814480
19.320000 2.760000
-18.600000 6.200000
-29.527489 -15.405646
-19.792135 -4.567416
4.694118 -4.023529
-26.000000 -13.000000
-5.881967 -2.301639
-2.086188 -7.562431
9.481651 -5.105505
-3.456552 5.678621
3.396226 -2.886792
40.608247 15.618557
-3.050186 23.384758
5.270270 -7.378378
11.764706 7.058824
-15.176471 -25.294118
2.381323 2.101167
22.453608 -9.979381
33.463212 21.879793
1.764706 7.058824
-16.998817 19.682840
4.702073 17.867876
0.000000 8.000000
-15.506117 21.573728
-1.230769 -1.846154
3.372973 -1.037838
0.081470 -2.036741
-6.797012 32.043058
4.086486 7.718919
21.124555 -6.601423
-9.685749 -17.295981
25.144330 11.175258
-4.000000 0.000000
4.229226 1.174785
0.787611 -11.814159
-10.823529 -2.705882
34.054054 5.675676
-8.986737 13.071618
0.000000 -12.000000
-7.561062 28.984071
14.052830 -9.615094
-1.907063 14.620818
-3.986885 16.944262
7.944828 0.662069
6.444000 -9.308000
19.200000 -9.600000
-17.870588 15.317647
28.448276 11.379310
-2.438231 1.170351
6.656934 6.306569
-3.770803 32.680292
-9.715596 -32.385321
4.500000 -4.500000
-1.332130 -2.072202
1.186944 -0.667656
10.000000 -20.000000
0.000000 3.000000
9.470588 8.117647
7.784615 -2.123077
10.468843 18.611276
1.965066 14.737991
-17.539586 -9.822168
23.509434 -6.716981
-1.346154 -6.730769
5.538462 -3.692308
-21.775281 -26.359551
-25.122016 -45.458886
3.000000 -12.000000
17.863083 -23.504057
13.452229 -24.662420
1.352941 5.411765
-1.941176 7.764706
-27.702703 -2.216216
-15.664000 2.848000
7.932847 -0.915328
-8.769395 -1.422064
4.109434 21.916981
-6.000000 -0.000000
-9.432990 -24.525773
-6.457210 8.250879
-7.131034 -8.427586
23.000000 0.000000
9.200000 -4.600000
3.848000 -2.664000
-0.206897 -0.517241
-9.076923 -13.615385
-16.092486 -17.601156
26.697297 -19.416216
-14.815029 20.202312
-7.600000 3.800000
-24.242604 -9.982249
12.206897 -28.482759
-9.108597 8.280543
22.000000 -0.000000
9.622642 17.320755
6.989231 14.613846
-0.292308 -2.338462
3.158389 -5.830872
11.600000 -23.200000
-23.172960 12.976857
12.785880 -9.675801
28.477253 17.675536
-5.261128 9.353116
1.000000 1.000000
-nan -nan
-17.476923 -2.184615
-3.540091 14.750378
11.058824 -2.764706
1.412639 1.836431
6.921267 1.946606
7.379310 18.448276
3.755459 28.165939
-1.533728 22.239053
21.683168 -2.168317
-6.655290 -8.430034
3.171975 5.815287
2.514372 10.476551
30.536153 -2.261937
-0.155642 -2.490272
-3.621107 1.102076
-14.053846 18.069231
-4.432000 -24.376000
1.068690 26.717252
-nan -nan
-0.681967 -0.298361
-4.212389 4.814159
0.805486 0.890274
26.817518 -9.751825
-22.783505 8.762887
-12.642263 8.282862
5.346154 26.730769
-21.692308 32.538462
-3.849435 1.628607
-1.029758 -0.730796
-1.500000 4.500000
-13.464151 -2.524528
-1.452830 1.584906
-0.900000 -6.300000
7.693325 -23.721084
-7.704626 24.654804
-8.801444 -1.913357
16.204149 14.334440
8.362832 0.557522
-16.114650 8.789809
8.551724 21.379310
-20.769231 -4.153846
3.384615 -5.076923
-8.091314 -23.118040
-11.760412 22.400784
-24.511050 -1.290055
3.102526 -5.946508
5.671533 -12.153285
-26.000000 0.000000
6.500000 6.500000
0.029703 -0.297030
-0.000000 -4.000000
-1.400000 0.200000
0.000000 -0.000000
5.000000 -0.000000
-0.165615 1.380126
5.007418 -1.402077
-8.135135 5.810811
-1.623529 1.894118
20.941176 -5.235294
-13.665782 -9.395225
-12.137767 13.004751
17.939262 34.084599
7.841584 -20.584158
21.245902 17.704918
9.760000 -7.320000
-1.420000 -9.940000
0.780000 -5.460000
-9.268293 11.585366
7.208276 1.940690
4.194485 -4.934688
-3.500000 -3.500000
-3.325843 2.078652
-8.246154 -1.030769
-26.435787 25.583020
16.058462 -17.947692
-11.770701 6.420382
-11.184758 -1.928406
-2.069592 8.623298
-5.524720 4.953197
-1.097561 -9.878049
-1.749143 3.331700
-28.367971 -38.380196
-13.170557 -17.874327
15.000000 0.000000
21.043200 -6.137600
-3.553846 0.969231
15.706320 -12.081784
14.523077 -1.815385
-3.201342 18.140940
17.305352 -8.034627
20.953737 6.548043
23.342466 8.753425
-16.414911 -19.492707
-0.909278 20.004124
-2.100881 0.984788
-18.900000 6.300000
3.094340 -10.830189
-3.298969 -7.422680
5.052762 4.117065
-25.000000 -10.000000
4.501904 5.480579
-24.300000 8.100000
6.088496 -5.327434
-20.714932 -0.986425
0.000000 -0.000000
0.980198 9.801980
5.976331 14.343195
-4.830275 2.600917
-12.899654 -24.186851
-0.494118 -0.576471
7.079208 -5.792079
1.400000 2.800000
-0.876404 -3.797753
-16.209945 18.011050
-6.000000 12.000000
3.121951 -3.902439
-22.000000 -11.000000
13.668757 8.982326
-31.805430 28.914027
-0.000000 11.000000
4.518033 -7.298361
4.454054 -14.475676
-0.778281 -16.343891
6.037855 7.684543
-2.277070 -7.742038
7.714849 8.120894
-14.056130 -0.540620
13.088235 -7.852941
0.980000 -6.860000
0.529412 2.117647
22.378378 -3.729730
-3.398844 22.092486
3.410959 9.095890
-14.634146 -18.292683
-3.793103 -9.482759
-8.219178 3.082192
26.677719 4.940318
-1.544236 0.600536
2.538462 9.307692
3.582840 -8.701183
0.373196 8.210309
-4.000000 -4.000000
-6.134831 13.584270
1.053604 -2.212569
12.500000 -12.500000
32.438356 12.164384
-4.400000 -2.200000
-0.563758 -0.805369
-26.023596 21.497753
23.967785 12.982550
0.000000 21.000000
-3.461538 -9.692308
-1.000000 -4.000000
29.982583 15.445573
3.714780 8.225583
1.800000 -3.600000
-17.884390 -16.800488
8.106854 4.820291
14.173659 -0.442927
-2.542918 -10.680258
9.919527 8.566864
1.393665 -1.266968
-0.523529 6.805882
14.637931 34.155172
30.162162 -5.027027
4.100000 -12.300000
-1.044090 -1.242964
-2.000000 0.000000
-9.525773 11.567010
5.940367 11.032110
3.458904 -7.609589
-1.040724 1.144796
30.000000 0.000000
9.440000 -7.080000
-6.027027 36.162162
0.300885 4.513274
-10.800000 21.600000
13.253219 -21.536481
-3.000000 3.000000
0.352000 1.936000
9.486726 8.300885
4.597297 -29.116216
1.207317 0.134146
-0.764706 -3.058824
0.374312 -2.152294
20.299083 -3.530275
-11.562018 -7.821365
0.000000 16.000000
-6.000000 6.000000
2.400000 4.800000
-1.617764 -1.024584
23.698738 2.843849
-16.209326 14.244560
0.000000 0.000000
0.046154 0.369231
4.588235 -18.352941
-40.344828 16.137931
20.000000 -20.000000
-18.830769 -14.646154
4.490178 -1.945744
-3.825535 -22.315623
-4.413793 11.034483
13.000000 -13.000000
0.000000 -8.000000
-11.630769 9.046154
0.400000 0.800000
29.238938 25.584071
-15.480730 -11.180527
4.377358 -15.320755
-13.024972 8.335982
-11.000000 11.000000
-0.027027 0.162162
-2.664510 0.945471
6.968326 19.511312
-10.009756 -21.687805
-3.831683 -4.683168
-5.576923 1.115385
-2.175090 -10.005415
-30.433234 -17.118694
-12.233624 -15.997817
26.000000 13.000000
4.997377 4.602848
-23.103448 -9.241379
13.885997 19.995836
-0.000000 -10.000000
-30.800000 15.400000
-3.441397 -0.172070
4.807692 -0.961538
4.767123 -12.712329
-1.101467 1.490220
-0.918812 -0.411881
-5.977358 5.479245
-27.901622 -29.230270
-22.682927 -18.146341
2.703046 2.342640
14.658824 12.564706
0.269525 -0.159265
-0.251870 -5.037406
-1.758621 4.103448
-16.848642 -13.019405
0.518771 4.409556
0.000000 -5.000000
-14.204878 -3.043902
-13.200000 4.400000
-19.680000 14.760000
4.066242 0.145223
-19.555874 34.598854
1.891583 -0.363766
-14.000000 -14.000000
0.000000 18.000000
-1.532847 -3.284672
-1.929730 12.221622
-3.600000 -1.800000
2.932314 -2.242358
6.590411 8.141096
8.037736 28.132075
-13.816000 -2.512000
0.060000 0.420000
21.745077 -14.786652
-1.647059 -6.588235
0.094763 0.104738
-1.535836 -13.054608
6.823529 1.705882
-1.160358 14.697866
14.659459 -20.156757
-0.342150 -0.833990
0.559753 20.151118
31.600000 -15.800000
-13.433783 -2.302934
8.160000 -6.120000
-8.062880 -6.127789
-29.491404 16.669054
2.804878 2.243902
28.965517 -12.413793
11.203279 2.636066
13.868852 -11.557377
-9.484706 -0.981176
22.275281 -5.140449
-0.000000 9.000000
11.608219 1.221918
-21.544041 -36.932642
-18.053097 -1.203540
5.886792 -3.396226
-13.817427 3.684647
-1.760000 -1.320000
25.262376 -30.876238
-0.400000 -0.800000
-39.910769 14.086154
-11.786033 22.589896
4.994595 -16.232432
3.600000 -7.200000
-1.200000 1.600000
0.162549 0.078023
3.846154 -19.230769
10.400000 31.200000
-0.652555 5.655474
-1.000000 -2.000000
16.089888 -10.056180
9.623288 21.171233
-6.148235 -7.567059
3.200000 1.600000
-8.647059 14.411765
-17.430353 -16.340956
-2.796226 1.913208
-1.560656 -0.367213
-4.070288 -3.757188
6.117647 -1.529412
-13.600000 3.200000
8.435986 -2.567474
18.727869 -4.406557
-23.229462 8.362606
-10.891089 -8.910891
-20.113208 -11.603774
1.764706 -22.058824
6.804878 -0.756098
28.507614 16.893401
0.000000 18.000000
-22.233096 -11.645907
-12.804124 -5.690722
11.100000 3.700000
-8.647059 0.411765
6.880000 -5.160000
5.046154 0.630769
-35.349816 26.259863
0.802548 1.471338
-4.117647 -16.470588
1.000000 0.000000
-0.970588 1.617647
-27.761658 -7.305699
-3.323782 11.965616
-1.148235 -2.727059
-12.307692 -2.461538
-2.730769 13.653846
30.306897 1.782759
-0.000000 0.000000
-0.000000 0.000000
1.615385 8.076923
-1.153846 -0.769231
24.393103 21.682759
5.764706 -23.058824
3.273821 16.914744
3.207921 5.079208
5.478166 -7.163755
-14.000000 -0.000000
2.989324 -9.565836
0.413793 -1.034483
6.860000 0.980000
2.633452 -8.427046
-7.293103 -17.017241
-8.006826 -0.941980
19.000000 0.000000
13.846154 -24.230769
0.910506 14.568093
-13.167883 -4.788321
-10.762887 4.783505
-2.568528 35.959391
0.776417 1.313936
21.011321 -3.939623
-2.848315 0.657303
2.291892 -7.448649
10.689655 4.275862
6.574637 18.993395
-6.273267 16.467327
-5.000000 5.000000
27.900000 9.300000
-0.877157 -1.480203
-14.000000 -14.000000
-5.400000 -10.800000
-1.147059 1.911765
10.800000 5.400000
3.792100 3.555094
24.938356 11.335616
2.529412 -10.117647
-12.424779 8.628319
20.413861 -45.538614
-7.811816 1.487965
-12.711504 -31.072566
-20.000000 -20.000000
0.473103 -1.757241
-8.866242 -16.254777
-5.283019 18.490566
-5.538462 -8.307692
5.459016 2.950820
22.047525 13.924752
24.165103 2.101313
0.518703 -10.374065
8.832250 -18.400520
0.000000 2.000000
-20.290276 -17.246734
-20.878049 26.097561
-4.591743 -8.527523
11.443667 -14.926522
0.701031 -1.577320
2.610304 0.903567
4.723490 -6.366443
4.092308 2.338462
2.400000 7.200000
5.733711 12.184136
22.054054 -3.675676
10.240109 -0.758527
2.366812 -17.751092
-0.646341 5.817073
17.066291 11.636107
-24.493480 -16.549649
-1.538462 2.692308
-12.301639 -28.118033
-11.600000 -5.800000
0.200000 0.600000
-15.416438 -19.043836
-26.000000 -26.000000
-4.589109 5.608911
-6.000000 -0.000000
6.258621 7.396552
13.931790 -24.878197
-1.415385 -11.323077
-1.429603 2.223827
9.211618 -2.456432
11.520000 -8.640000
3.310345 -0.275862
10.465882 24.856471
23.261421 20.159898
18.138057 -21.626145
-23.232000 -4.224000
-26.065783 -25.275911
0.000000 -17.000000
-13.782195 -0.405359
-2.370732 11.063415
6.634146 -8.292683
-0.575342 5.465753
5.475966 16.975495
18.692308 -12.461538
12.476079 9.451575
-33.471098 -17.187861
-7.587322 -9.818887
-6.898466 20.120526
5.100000 -9.300000
26.000000 0.000000
19.263077 17.235385
-19.918033 -5.901639
-12.418320 9.407818
-12.575148 10.860355
4.616052 2.429501
-2.223048 -1.710037
2.320442 -4.088398
-13.842697 8.651685
-6.471698 -1.849057
-1.287129 0.128713
-5.038462 25.192308
-6.841463 -10.573171
2.500000 2.500000
2.292683 -20.634146
17.114679 -9.215596
13.232673 16.173267
-28.280000 4.040000
-5.095890 -13.589041
-1.283820 -1.867374
-2.108108 -0.351351
4.318618 -14.875240
-19.567114 3.453020
3.500000 3.500000
-12.600000 7.200000
-1.170732 -1.463415
2.693133 -11.311159
-3.500000 -6.500000
9.524590 -21.770492
-nan -nan
-10.374065 0.518703
15.103448 37.758621
0.384615 -0.076923
9.106195 10.407080
-36.837416 -12.893096
-17.430769 -4.753846
18.383562 8.356164
12.567568 17.594595
5.876712 -6.328767
10.540000 -11.780000
-1.489051 4.094891
0.094578 0.882724
2.615385 13.076923
8.898876 5.561798
26.280624 9.198218
-6.489396 -6.871126
-5.846154 -8.769231
-11.873541 -10.476654
-21.182927 2.353659
15.068607 14.126819
0.000000 22.000000
-4.000000 8.000000
-20.760000 27.680000
-0.303468 -0.222543
-4.061538 -7.107692
12.689655 -14.275862
0.884615 -4.423077
20.332893 7.038309
-8.676674 6.124711
-13.436585 -36.470732
-25.200000 -12.600000
-9.072386 3.528150
-4.681208 26.526846
-5.750799 0.230032
-5.110917 3.468122
-25.467844 7.546028
-8.392941 -0.868235
-2.800000 -1.400000
4.073964 -1.677515
12.756168 -15.007257
-1.459459 -0.243243
16.615385 11.076923
9.241379 23.103448
0.898876 0.561798
16.081081 -11.486486
-13.526606 -19.222018
-10.952790 17.798283
3.192020 0.159601
2.426966 -1.516854
1.892308 -15.138462
0.307692 0.538462
-0.235294 -0.058824
-0.430189 -2.294340
0.646409 -0.718232
-8.000000 12.000000
6.652807 6.237006
-17.538462 -11.692308
22.862710 16.935341
-0.700637 19.617834
-25.996330 4.521101
0.569745 2.506876
17.600000 8.800000
-5.444341 2.359214
2.522822 -9.460581
0.659794 -1.484536
17.600000 8.800000
9.814696 -10.632588
11.184906 -7.652830
-11.348905 -1.309489
-0.961661 24.041534
-14.847960 2.651422
1.179310 1.048276
15.494845 6.886598
-9.655172 -4.137931
-2.263279 13.127021
-2.353982 -2.690265
3.405726 3.257651
-7.397633 8.565680
10.800000 -5.400000
-0.000000 -10.000000
1.764413 0.286121
-31.208666 20.508552
3.137931 9.655172
-12.748800 -3.718400
-1.191083 0.649682
-12.166172 3.406528
-8.454764 -3.963171
14.500000 14.500000
-2.589041 0.095890
-1.870787 -8.106742
-9.076923 -13.615385
-11.000000 0.000000
-2.000000 0.000000
1.353659 12.182927
-12.868852 -15.442623
2.200000 6.600000
16.522005 22.353301
-0.113793 1.934483
-1.485149 0.148515
-9.081616 -7.399835
-28.732459 24.243012
-9.500000 9.500000
-22.137624 -9.923762
15.024390 18.780488
-31.168878 -11.544029
2.311321 4.160377
7.271955 3.422096
1.489655 1.324138
-11.000000 22.000000
9.407240 -1.140271
2.484642 21.119454
6.500000 -6.500000
28.388097 -9.711717
14.000000 -0.000000
3.691275 -2.583893
7.986301 -3.630137
-12.189383 15.998565
4.055046 3.816514
-0.000000 -0.000000
-4.623229 9.824363
-17.278689 4.065574
8.029412 -13.382353
3.600000 -7.200000
-0.885246 9.737705
24.455919 7.722922
-19.219865 -26.300868
2.349505 10.404950
0.000000 0.000000
20.045249 22.049774
-0.101770 1.526549
32.451421 -10.524785
-1.476000 -2.132000
6.000000 -0.000000
-8.402019 4.761144
-12.000000 -0.000000
12.000000 0.000000
-1.352792 -1.560914
-3.218978 -27.897810
-13.500000 13.500000
9.946497 14.298089
-24.000000 -3.000000
3.764706 15.058824
2.836676 -10.212034
-1.882353 -7.529412
10.910769 30.913846
-20.447950 16.066246
-4.660668 -17.976864
-1.771822 2.998469
-4.860104 -8.331606
14.762006 -18.646745
20.011881 -4.518812
7.654054 10.524324
10.560000 7.920000
-6.080000 4.560000
0.000000 25.000000
-16.778378 -23.070270
34.000000 0.000000
32.491416 -7.736052
-6.700000 20.100000
-28.882406 4.376122
0.832632 -0.471825
9.643836 -3.616438
-1.252387 0.092769
-5.382353 -8.970588
7.615385 -5.076923
-5.920000 -4.440000
-3.035294 -13.658824
12.531795 5.141249
-2.153846 -10.769231
16.000000 -16.000000
1.424508 0.271335
2.012853 -0.521851
0.551724 -1.379310
-10.293642 -7.291329
22.376712 10.171233
-15.094637 19.211356
3.701245 -13.879668
7.280899 -31.550562
7.007564 -29.198185
9.500000 9.500000
-1.200000 -2.400000
2.357513 4.041451
16.276392 8.952015
-10.853177 -12.791244
-9.632787 -15.560656
20.769231 -4.153846
-6.300000 2.100000
6.304878 -9.743902
8.778761 -7.681416
18.529412 -0.882353
-19.040000 14.280000
0.192308 0.961538
7.878049 5.097561
-1.132075 -3.962264
17.508488 -4.634600
1.800000 3.600000
-5.696000 -31.328000
-7.076923 -10.615385
9.203670 0.278899
28.120415 39.624221
-13.008299 22.468880
12.600000 16.200000
-13.599151 -17.406913
1.173045 5.630616
5.729598 10.231425
8.740365 -1.409736
0.000000 13.000000
-8.040000 10.720000
-2.455738 -5.613115
23.345196 -7.295374
-1.461929 20.467005
-31.230769 -17.846154
17.996248 5.726079
-2.780000 -19.460000
12.400000 6.200000
8.888179 8.204473
-4.342795 -5.679039
7.033846 0.390769
4.643396 0.201887
-15.294118 9.176471
7.230769 10.846154
1.146341 -10.317073
1.647059 -2.588235
3.524281 1.888008
-7.907216 -3.041237
9.600000 11.200000
16.588235 19.352941
2.546341 11.882927
0.079031 -0.056902
3.469676 -5.088858
19.302491 6.032028
-4.200000 -8.400000
-3.690531 2.605081
-nan -nan
14.510983 -10.278613
8.498270 15.934256
-8.000000 0.000000
-5.656109 -6.221719
0.420000 -0.060000
2.134146 19.207317
16.020284 2.184584
3.804124 1.690722
13.658537 10.926829
-26.352941 6.588235
26.151724 -2.179310
-11.261538 -19.707692
-6.032075 0.262264
-4.428000 6.396000
-27.157800 30.861136
-36.710811 -19.435135
28.271135 -15.019040
1.230769 0.153846
-13.846154 -2.769231
13.516386 18.247121
16.000000 -24.000000
6.845609 19.015581
1.576433 5.359873
14.195876 -6.309278
-18.030769 -31.553846
-22.000000 0.000000
2.173196 0.210309
-19.024590 1.729508
-1.000000 -8.000000
6.698594 -31.579086
-8.040769 -2.886430
-17.915094 -9.952830
0.414201 -0.994083
-3.402439 -0.378049
15.000000 0.000000
22.647059 35.588235
-10.400000 20.800000
0.000000 14.000000
7.770492 6.475410
-6.724138 -2.689655
6.849315 15.068493
16.207692 -20.838462
15.218509 25.871465
-28.210239 -10.187031
-0.090811 0.095135
22.152941 18.988235
-0.696498 11.143969
-0.698614 -4.051963
-1.141463 -0.526829
-4.505119 -5.706485
7.378378 5.270270
-5.926829 -27.658537
23.029508 -10.075410
6.286307 1.676349
8.188679 2.339623
1.213208 -27.903774
-17.000000 -0.000000
-2.073855 -0.079764
-0.810811 -1.135135
0.000000 0.000000
-3.294118 0.823529
-26.078680 22.601523
-32.000000 8.000000
-0.561086 11.782805
1.740000 12.180000
-1.178218 11.782178
0.000000 10.000000
18.081566 19.145188
-0.000000 -7.000000
-1.273973 -3.397260
-7.509975 8.300499
-0.655290 -5.569966
-13.000000 0.000000
-1.776923 6.515385
11.645902 -5.095082
9.692308 -14.538462
-22.188679 6.339623
5.807692 -29.038462
-1.638066 0.262090
20.492519 -22.649626
19.200000 9.600000
30.800000 4.400000
-6.882353 1.529412
-0.176000 0.032000
11.600000 23.200000
9.379310 23.448276
4.831698 -6.369057
5.984456 -10.259067
25.945803 25.019167
-0.589118 -6.774859
5.146747 21.444781
16.941176 -4.235294
7.523227 -10.178484
9.200811 6.645030
-0.000000 0.000000
3.530284 0.630408
-4.409871 -18.521459
-16.047337 -6.686391
4.384615 -21.923077
-0.188235 0.847059
5.235294 20.941176
4.761600 2.611200
20.367123 -18.912329
-10.729412 12.517647
5.500000 16.500000
-16.235294 -18.941176
-12.603325 -13.503563
0.648649 0.108108
13.586885 5.944262
11.486486 16.081081
5.109827 7.213873
7.029508 3.075410
-6.646067 1.533708
-27.506438 17.072961
1.506849 -3.315068
6.176471 -5.294118
2.660550 2.201835
3.190769 -1.126154
3.969072 -10.319588
-35.169427 -32.743949
-6.763303 -9.611009
-7.417533 14.216939
5.967568 -8.205405
-2.652249 -8.714533
0.075145 0.011561
0.057534 -1.553425
8.461538 -1.692308
-31.500000 10.500000
-32.269649 9.341214
-5.053599 2.986217
1.400000 9.800000
-21.986722 19.449793
-17.228224 7.875760
15.591781 -12.621918
-35.829268 -16.536585
2.400000 7.200000
-0.738462 1.292308
-8.595205 -5.860367
